t, s[1].omega / s[0].omega 
0, -3.6249942874561234 
0.009999999999999995, -3.6229035643451604 
0.019999999999999934, -3.6133643881580504 
0.029999999999999874, -3.538386494546004 
0.04000000000000012, -3.3591586636868995 
0.050000000000000405, -3.445611178831393 
0.06000000000000069, -3.4546819621901035 
0.07000000000000098, -3.455200986968245 
0.08000000000000126, -3.454394675258442 
0.09000000000000155, -3.45306174752528 
0.10000000000000184, -3.4509503006562077 
0.11000000000000212, -3.45055122633361 
0.12000000000000241, -3.450084951080806 
0.130000000000002, -3.4463689778998217 
0.1400000000000009, -3.443503405910257 
0.1499999999999998, -3.45641068143872 
0.1599999999999987, -3.461983487637982 
0.1699999999999976, -3.4630245286699854 
0.1799999999999965, -3.4618775711954948 
0.1899999999999954, -3.4553967225778868 
0.1999999999999943, -3.4046545804621062 
0.2099999999999932, -1.9127915165593905 
0.2199999999999921, 1.3760479033142157 
0.229999999999991, 1.5329383287607279 
0.2399999999999899, 1.546812908374864 
0.2499999999999888, 1.5494239548434061 
0.2599999999999877, 1.5496675093007604 
0.2699999999999866, 1.5488197384767568 
0.2799999999999855, 1.5469089257568887 
0.2899999999999844, 1.54386295242819 
0.2999999999999833, 1.5404639765884331 
0.3099999999999822, 1.5382850518649738 
0.3199999999999811, 1.5376542125236192 
0.32999999999998, 1.5374644013311336 
0.3399999999999789, 1.5365535712402578 
0.3499999999999778, 1.5332024132911795 
0.35999999999997667, 1.5209016539701141 
0.36999999999997557, 1.4788725156545244 
0.37999999999997447, 1.5487587639544327 
0.38999999999997337, 1.6597691416339178 
0.39999999999997227, 1.6802938262561848 
0.40999999999997117, 1.6842594212939552 
0.41999999999997006, 1.6843483747825565 
0.42999999999996896, 1.6813400952675805 
0.43999999999996786, 1.6674434595772953 
0.44999999999996676, 1.5748278425226117 
0.45999999999996566, 1.3693584843663438 
0.46999999999996456, 1.4419009934522993 
0.47999999999996346, 1.4662970649506804 
0.48999999999996235, 1.471740425877821 
0.49999999999996125, 1.472929531249733 
0.5099999999999602, 1.4728668593535734 
0.519999999999959, 1.4726919584149614 
0.529999999999958, 1.4733928837380936 
0.5399999999999568, 1.4753903101841557 
0.5499999999999557, 1.4778225499457425 
0.5599999999999546, 1.479601152323293 
0.5699999999999535, 1.480414787914747 
0.5799999999999524, 1.480323527378468 
0.5899999999999513, 1.479027722111118 
0.5999999999999502, 1.4743704894061982 
0.6099999999999491, 1.4508120014241452 
0.619999999999948, 1.115618044272934 
0.6299999999999469, -2.642799748779357 
0.6399999999999458, -3.3388255389967796 
0.6499999999999447, -3.370407108749837 
0.6599999999999436, -3.3744266724504954 
0.6699999999999425, -3.374240464558755 
0.6799999999999414, -3.3720096217487097 
0.6899999999999403, -3.3653849855494955 
0.6999999999999392, -3.3532833456585216 
0.7099999999999381, -3.355036911422382 
0.719999999999937, -3.3572862933396634 
0.7299999999999359, -3.356589457430315 
0.7399999999999348, -3.3558298795425356 
0.7499999999999337, -3.3572828866002915 
0.7599999999999326, -3.3579860929812817 
0.7699999999999315, -3.3578971725577773 
0.7799999999999304, -3.3566896665418753 
0.7899999999999293, -3.349548597760914 
0.7999999999999282, -3.27914002751283 
0.8099999999999271, -3.3125723758818615 
0.819999999999926, -3.616733027786433 
0.8299999999999249, -3.6396582240941036 
0.8399999999999238, -3.642819704497339 
0.8499999999999227, -3.6421513335208373 
0.8599999999999216, -3.6376263823148394 
0.8699999999999205, -3.613329931677922 
0.8799999999999194, -3.4814108542220494 
0.8899999999999183, -3.5242286493880792 
0.8999999999999172, -3.5378451450215387 
0.9099999999999161, -3.5388769002829283 
0.919999999999915, -3.538168698655607 
0.9299999999999139, -3.537188976098122 
0.9399999999999128, -3.5354429334522806 
0.9499999999999117, -3.534870390051291 
0.9599999999999106, -3.5343461675498724 
0.9699999999999095, -3.5303674055566545 
0.9799999999999084, -3.526325197328056 
0.9899999999999073, -3.5416651114377844 
0.9999999999999062, -3.5478755665796413 
1.0099999999999052, -3.548943632516667 
1.019999999999904, -3.54765793180664 
1.029999999999903, -3.54030230005163 
1.039999999999902, -3.473957930298814 
1.0499999999999008, -1.294011058692072 
1.0599999999998997, 1.47886882062117 
1.0699999999998986, 1.5841257815746548 
1.0799999999998975, 1.594659122915699 
1.0899999999998964, 1.5966417960520167 
1.0999999999998953, 1.5966492391787537 
1.1099999999998942, 1.595600074170989 
1.119999999999893, 1.593413440515432 
1.129999999999892, 1.590100866968773 
1.1399999999998909, 1.5867948218742238 
1.1499999999998898, 1.5850866121358762 
1.1599999999998887, 1.5847631585272746 
1.1699999999998876, 1.5844993522653479 
1.1799999999998865, 1.5830681089543694 
1.1899999999998854, 1.5779234588491993 
1.1999999999998843, 1.5587700295485472 
1.2099999999998832, 1.5319067450543757 
1.219999999999882, 1.648482776190545 
1.229999999999881, 1.6980986717207913 
1.2399999999998799, 1.7073288523563472 
1.2499999999998788, 1.7090108679816354 
1.2599999999998777, 1.7078587065292061 
1.2699999999998766, 1.701640385806348 
1.2799999999998755, 1.6656207462670256 
1.2899999999998744, 1.4070655862806025 
1.2999999999998733, 1.3714073396065987 
1.3099999999998722, 1.4365506187491082 
1.319999999999871, 1.4493978275793464 
1.32999999999987, 1.452351506868265 
1.3399999999998689, 1.4528634099921671 
1.3499999999998678, 1.4527083447385345 
1.3599999999998666, 1.4528324449497034 
1.3699999999998655, 1.4539501938985762 
1.3799999999998644, 1.4559320875057138 
1.3899999999998633, 1.4578454300618335 
1.3999999999998622, 1.459031366222959 
1.4099999999998611, 1.4593959440391755 
1.41999999999986, 1.4589023773364527 
1.429999999999859, 1.456849546669596 
1.4399999999998578, 1.449186961492067 
1.4499999999998567, 1.4000942720785265 
1.4599999999998556, 0.3455694116865585 
1.4699999999998545, -3.152940072537794 
1.4799999999998534, -3.3686414087385343 
1.4899999999998523, -3.384047759677891 
1.4999999999998512, -3.386058963415672 
1.5099999999998501, -3.385188291611692 
1.519999999999849, -3.381935218433715 
1.529999999999848, -3.3722243120579853 
1.5399999999998468, -3.36255040236401 
1.5499999999998457, -3.366752377155025 
1.5599999999998446, -3.3678826724134168 
1.5699999999998435, -3.366805870197003 
1.5799999999998424, -3.366825105707735 
1.5899999999998413, -3.368140859251965 
1.5999999999998402, -3.3683982853202274 
1.6099999999998391, -3.3680784526952485 
1.619999999999838, -3.3658850512152774 
1.629999999999837, -3.3514713256649933 
1.6399999999998358, -3.2084358188174336 
1.6499999999998347, -3.5067634487164816 
1.6599999999998336, -3.605263669796347 
1.6699999999998325, -3.6151844445166517 
1.6799999999998314, -3.6164304618900793 
1.6899999999998303, -3.614667955100181 
1.6999999999998292, -3.606778804196542 
1.709999999999828, -3.554052795952168 
1.719999999999827, -3.438029330669707 
1.729999999999826, -3.4939465951086426 
1.7399999999998248, -3.5009660305546078 
1.7499999999998237, -3.5011644303895944 
1.7599999999998226, -3.5003749513584888 
1.7699999999998215, -3.4991799417249596 
1.7799999999998204, -3.4974694958251398 
1.7899999999998193, -3.4972325396603643 
1.7999999999998182, -3.496256545118727 
1.809999999999817, -3.490996510708939 
1.819999999999816, -3.491098816967191 
1.8299999999998149, -3.5064421924383686 
1.8399999999998138, -3.51122923016919 
1.8499999999998127, -3.511899147360796 
1.8599999999998116, -3.5101506559117213 
1.8699999999998105, -3.500759018486671 
1.8799999999998094, -3.4066756279164068 
1.8899999999998083, -0.7385356490833594 
1.8999999999998072, 1.4226197697272436 
1.909999999999806, 1.5085704330777594 
1.919999999999805, 1.5184515459206602 
1.9299999999998039, 1.5204420118020652 
1.9399999999998028, 1.5205532754521065 
1.9499999999998017, 1.5197552080563315 
1.9599999999998006, 1.5181113445274463 
1.9699999999997995, 1.515660384847925 
1.9799999999997984, 1.5130411079300652 
1.9899999999997973, 1.5113038929692157 
1.9999999999997962, 1.5106479944256594 
2.0099999999998173, 1.5102854378188046 
2.0199999999998384, 1.509185731281219 
2.0299999999998595, 1.5054023009594775 
2.0399999999998806, 1.4905575395276156 
2.0499999999999017, 1.4258144270867628 
2.059999999999923, 1.5245627031507571 
2.069999999999944, 1.6865384044545102 
2.079999999999965, 1.7095973427278868 
2.089999999999986, 1.713634998765107 
2.100000000000007, 1.713675051593531 
2.1100000000000283, 1.7105633009538448 
2.1200000000000494, 1.6965165671110458 
2.1300000000000705, 1.614589299812388 
2.1400000000000916, 1.4875193478163262 
2.1500000000001127, 1.5358920226732595 
2.160000000000134, 1.5526283976465847 
2.170000000000155, 1.5565084614230051 
2.180000000000176, 1.5571904860151924 
2.190000000000197, 1.556925180448056 
2.2000000000002182, 1.556869842471499 
2.2100000000002393, 1.5580934451242574 
2.2200000000002604, 1.5605309789990875 
2.2300000000002815, 1.5628376692185255 
2.2400000000003026, 1.5641664459236835 
2.2500000000003237, 1.5645059112713036 
2.260000000000345, 1.5638541578666483 
2.270000000000366, 1.5612138742725974 
2.280000000000387, 1.5499007515209502 
2.290000000000408, 1.4453460125694444 
2.3000000000004293, -1.1958537422855695 
2.3100000000004504, -3.4544241008387617 
2.3200000000004715, -3.524727714213688 
2.3300000000004926, -3.5314531253391896 
2.3400000000005137, -3.5317731908535075 
2.3500000000005348, -3.529734228468496 
2.360000000000556, -3.5228709142702703 
2.370000000000577, -3.5060947984427124 
2.380000000000598, -3.507911144930412 
2.390000000000619, -3.511258266904045 
2.4000000000006403, -3.510850715839937 
2.4100000000006614, -3.5102057052385875 
2.4200000000006825, -3.5108905752826636 
2.4300000000007036, -3.510872020953729 
2.4400000000007247, -3.510545848176213 
2.450000000000746, -3.508839043970872 
2.460000000000767, -3.4975178279998795 
2.470000000000788, -3.4387935523322986 
2.480000000000809, -3.5755526236587776 
2.49000000000083, -3.6098651299606948 
2.5000000000008513, -3.6147124342190744 
2.5100000000008724, -3.6148150441972624 
2.5200000000008935, -3.611687942290697 
2.5300000000009146, -3.5963739184765715 
2.5400000000009357, -3.434200543106802 
2.550000000000957, -3.234697289163575 
2.560000000000978, -3.340662937326973 
2.570000000000999, -3.3500050730893625 
2.58000000000102, -3.3506706182303647 
2.5900000000010412, -3.349872101399015 
2.6000000000010624, -3.348468498620716 
2.6100000000010835, -3.3460921019412195 
2.6200000000011046, -3.345379624013522 
2.6300000000011257, -3.3452994462149874 
2.6400000000011468, -3.3426944556206353 
2.650000000001168, -3.337718535202987 
2.660000000001189, -3.3481455535457756 
2.67000000000121, -3.3562473843956786 
2.680000000001231, -3.3582567467152606 
2.6900000000012523, -3.3579769845494254 
2.7000000000012734, -3.354668125303964 
2.7100000000012945, -3.3369850996873835 
2.7200000000013156, -3.106307091686842 
2.7300000000013367, 0.29041681235123146 
2.740000000001358, 1.3232894894883134 
2.750000000001379, 1.3757239358750082 
2.7600000000014, 1.3836389768758013 
2.770000000001421, 1.385425070492446 
2.780000000001442, 1.3855764627976535 
2.7900000000014633, 1.3849713623614646 
2.8000000000014844, 1.3837725981743965 
2.8100000000015055, 1.3820609133992041 
2.8200000000015266, 1.3801687063332664 
2.8300000000015477, 1.3786555998759265 
2.840000000001569, 1.3777982178905348 
2.85000000000159, 1.3773017365885907 
2.860000000001611, 1.3765174529256747 
2.870000000001632, 1.3742889614227147 
2.8800000000016532, 1.3666538642513684 
2.8900000000016743, 1.329052662078825 
2.9000000000016954, 1.0964477499756844 
2.9100000000017165, 1.5910801765606502 
2.9200000000017377, 1.798855759278195 
2.9300000000017588, 1.815690982404806 
2.94000000000178, 1.8182263869657629 
2.950000000001801, 1.817495081585062 
2.960000000001822, 1.8128250071752692 
2.970000000001843, 1.7924901100166053 
2.9800000000018643, 1.7215176782335948 
2.9900000000018854, 1.7076256357135056 
3.0000000000019065, 1.7261729654471978 
3.0100000000019276, 1.731544600479916 
3.0200000000019487, 1.7325606119069916 
3.03000000000197, 1.732194640191463 
3.040000000001991, 1.7318642008087397 
3.050000000002012, 1.7331407865282735 
3.060000000002033, 1.7360006438113458 
3.070000000002054, 1.738487972835672 
3.0800000000020753, 1.73969452081687 
3.0900000000020964, 1.739791837935241 
3.1000000000021175, 1.7386888242792786 
3.1100000000021386, 1.734253073252794 
3.1200000000021597, 1.7071691578757549 
3.130000000002181, 1.0821610684630878 
3.140000000002202, -3.4669970006160513 
3.150000000002223, -3.8372441935753976 
3.160000000002244, -3.8516659050010817 
3.1700000000022652, -3.85284168832331 
3.1800000000022863, -3.850946851495118 
3.1900000000023074, -3.842835453896445 
3.2000000000023285, -3.814107802930491 
3.2100000000023496, -3.820247471236459 
3.2200000000023707, -3.824820218283302 
3.230000000002392, -3.8244856772559657 
3.240000000002413, -3.8239291651408314 
3.250000000002434, -3.823417043152692 
3.260000000002455, -3.82262210057747 
3.2700000000024763, -3.8220732965843447 
3.2800000000024974, -3.818256052482289 
3.2900000000025185, -3.8061637579685472 
3.3000000000025396, -3.831738529703555 
3.3100000000025607, -3.8422509088526575 
3.3200000000025818, -3.8437234531589737 
3.330000000002603, -3.8422559450387785 
3.340000000002624, -3.83284421252572 
3.350000000002645, -3.6971696189263357 
3.360000000002666, 0.13988559523892172 
3.3700000000026873, 1.6667949563373867 
3.3800000000027084, 1.7167834705709695 
3.3900000000027295, 1.7228151440344976 
3.4000000000027506, 1.723832234459246 
3.4100000000027717, 1.7234358070819913 
3.420000000002793, 1.7220102677086522 
3.430000000002814, 1.7193644136438677 
3.440000000002835, 1.7159469984499682 
3.450000000002856, 1.7135305811340078 
3.460000000002877, 1.71290109775996 
3.4700000000028983, 1.7127856813056705 
3.4800000000029194, 1.711775097736813 
3.4900000000029405, 1.7077857857405596 
3.5000000000029616, 1.6934570440338366 
3.5100000000029827, 1.6761910874101944 
3.520000000003004, 1.7554998648679472 
3.530000000003025, 1.792684573135351 
3.540000000003046, 1.8001913190723886 
3.550000000003067, 1.8014205111455452 
3.5600000000030882, 1.7998220058723071 
3.5700000000031094, 1.7913328932884038 
3.5800000000031305, 1.7236096093150721 
3.5900000000031516, 1.1654107834208358 
3.6000000000031727, 1.3206121303273055 
3.6100000000031938, 1.3904952872792806 
3.620000000003215, 1.4022052008489914 
3.630000000003236, 1.4048946928371175 
3.640000000003257, 1.4054090630598346 
3.650000000003278, 1.405366006437283 
3.6600000000032993, 1.4055356674160744 
3.6700000000033204, 1.406359981587544 
3.6800000000033415, 1.4077019036068514 
3.6900000000033626, 1.4089853183588554 
3.7000000000033837, 1.4097846494319821 
3.710000000003405, 1.4099887987411424 
3.720000000003426, 1.4094967092689872 
3.730000000003447, 1.4076742391875803 
3.740000000003468, 1.4013327716266688 
3.750000000003489, 1.366514754888955 
3.7600000000035103, 0.7988049355784018 
3.7700000000035314, -2.9375854074221825 
3.7800000000035525, -3.371616453718417 
3.7900000000035736, -3.3953430628068544 
3.8000000000035947, -3.398515879516629 
3.810000000003616, -3.3980511055173537 
3.820000000003637, -3.395333588827517 
3.830000000003658, -3.386821474881779 
3.840000000003679, -3.3729548827129365 
3.8500000000037002, -3.376619653019138 
3.8600000000037213, -3.3788146457970876 
3.8700000000037424, -3.378086913012273 
3.8800000000037635, -3.377580821586444 
3.8900000000037847, -3.378712622893162 
3.9000000000038058, -3.3790172791365194 
3.910000000003827, -3.378792378806083 
3.920000000003848, -3.3772629090109327 
3.930000000003869, -3.36782808124183 
3.94000000000389, -3.2793435908281148 
3.9500000000039113, -3.446274986458687 
3.9600000000039324, -3.5671831102676093 
3.9700000000039535, -3.5794949562278275 
3.9800000000039746, -3.5812829341436183 
3.9900000000039957, -3.5799736741756156 
4.000000000004016, -3.5737544883741834 
4.010000000003993, -3.5364786923097378 
4.02000000000397, -3.363042053155238 
4.030000000003946, -3.4318605072744988 
4.040000000003923, -3.4453579263793883 
4.0500000000039, -3.446459662438099 
4.0600000000038765, -3.445775327058139 
4.070000000003853, -3.444783430365356 
4.08000000000383, -3.4429896118187306 
4.090000000003807, -3.4422369766635064 
4.100000000003783, -3.441942851398017 
4.11000000000376, -3.438818004914398 
4.120000000003737, -3.432395303758507 
4.130000000003713, -3.446643800498039 
4.14000000000369, -3.4558264704729718 
4.150000000003667, -3.4578365403705065 
4.1600000000036434, -3.4573638328841994 
4.17000000000362, -3.4533064684380657 
4.180000000003597, -3.429195672888522 
4.1900000000035735, -2.986138843909738 
4.20000000000355, 0.7872313635290159 
4.210000000003527, 1.366630146781608 
4.220000000003504, 1.4016925257151056 
4.23000000000348, 1.4076022323259 
4.240000000003457, 1.4089248603388274 
4.250000000003434, 1.4089309171683202 
4.26000000000341, 1.4082945934533755 
4.270000000003387, 1.4071455472518257 
4.280000000003364, 1.4055835096337248 
4.2900000000033405, 1.403947084025072 
4.300000000003317, 1.4027092084469488 
4.310000000003294, 1.4020106467463453 
4.320000000003271, 1.4014898546436358 
4.330000000003247, 1.4004338307680653 
4.340000000003224, 1.3972621059365826 
4.350000000003201, 1.3852172553271935 
4.360000000003177, 1.3132267794735033 
4.370000000003154, 1.068199866194211 
4.380000000003131, 1.7625256946050434 
4.390000000003107, 1.8431505196194486 
4.400000000003084, 1.8515411770838583 
4.410000000003061, 1.8525669512120515 
4.4200000000030375, 1.8507244314651339 
4.430000000003014, 1.8424836275134264 
4.440000000002991, 1.8042871688649509 
4.450000000002968, 1.7342398385625941 
4.460000000002944, 1.7525798156542591 
4.470000000002921, 1.764253442821196 
4.480000000002898, 1.7670169784318492 
4.490000000002874, 1.767210958668476 
4.500000000002851, 1.7667300265337744 
4.510000000002828, 1.7670642337964917 
4.520000000002804, 1.7691497258256448 
4.530000000002781, 1.7717047564220842 
4.540000000002758, 1.7732691374358296 
4.5500000000027345, 1.7737135468749379 
4.560000000002711, 1.7731621011756147 
4.570000000002688, 1.7707128058526187 
4.580000000002665, 1.7591061661689449 
4.590000000002641, 1.619586120844216 
4.600000000002618, -1.6393382908525784 
4.610000000002595, -3.96117317503188 
4.620000000002571, -4.005720437739839 
4.630000000002548, -4.009141645435035 
4.640000000002525, -4.008090577978525 
4.6500000000025015, -4.002336638487309 
4.660000000002478, -3.9717670168259502 
4.670000000002455, -3.9672087436769323 
4.6800000000024315, -3.9759555270697833 
4.690000000002408, -3.9761712135170653 
4.700000000002385, -3.975423569912042 
4.710000000002362, -3.9745507362640895 
4.720000000002338, -3.9734105563383437 
4.730000000002315, -3.9730163583445437 
4.740000000002292, -3.9698501735908707 
4.750000000002268, -3.963981824877982 
4.760000000002245, -3.97869214066392 
4.770000000002222, -3.9835670172762123 
4.7800000000021985, -3.983822143610328 
4.790000000002175, -3.980814432723313 
4.800000000002152, -3.9542037352945174 
4.810000000002129, -2.5504900347690524 
4.820000000002105, 2.2642927143444926 
4.830000000002082, 2.392545911586175 
4.840000000002059, 2.398824127964748 
4.850000000002035, 2.398923389591981 
4.860000000002012, 2.395914971759512 
4.870000000001989, 2.3834337023847247 
4.880000000001965, 2.358875201073819 
4.890000000001942, 2.3635330193609754 
4.900000000001919, 2.3683996682769175 
4.9100000000018955, 2.3689918926641704 
4.920000000001872, 2.3683521437737003 
4.930000000001849, 2.36877572367093 
4.940000000001826, 2.370710455864264 
4.950000000001802, 2.37197533502908 
4.960000000001779, 2.372094811250711 
4.970000000001756, 2.371306437372989 
4.980000000001732, 2.367933631256519 
4.990000000001709, 2.340753484626773 
5.000000000001686, 2.033280184245407 
5.0100000000016625, 2.601097049708085 
5.020000000001639, 2.627567938676991 
5.030000000001616, 2.629483014408685 
5.0400000000015925, 2.6270698300833697 
5.050000000001569, 2.605631521563701 
5.060000000001546, 2.3313283100353925 
5.070000000001523, 2.454106997264494 
5.080000000001499, 2.4741202484917295 
5.090000000001476, 2.476204364415867 
5.100000000001453, 2.476203746071802 
5.110000000001429, 2.4755857911381356 
5.120000000001406, 2.4741360622193183 
5.130000000001383, 2.4722668384714583 
5.1400000000013595, 2.4714408591191996 
5.150000000001336, 2.4710021464407026 
5.160000000001313, 2.4685534932317603 
5.17000000000129, 2.4587246263280393 
5.180000000001266, 2.463679310791012 
5.190000000001243, 2.4929705981058468 
5.20000000000122, 2.5000401552052685 
5.210000000001196, 2.500748435311386 
5.220000000001173, 2.4980538567094133 
5.23000000000115, 2.4723406758090674 
5.240000000001126, 0.5336520604664035 
5.250000000001103, -3.795648493944982 
5.26000000000108, -3.9360360755885493 
5.2700000000010565, -3.9427508806979916 
5.280000000001033, -3.9425453757497833 
5.29000000000101, -3.939721702816354 
5.300000000000987, -3.9293032543734965 
5.310000000000963, -3.9227859233795073 
5.32000000000094, -3.927312665453526 
5.330000000000917, -3.927206834411134 
5.340000000000893, -3.92646448934656 
5.35000000000087, -3.9267424940820477 
5.360000000000847, -3.9263000157889723 
5.3700000000008234, -3.9257376999847957 
5.3800000000008, -3.9222477066102024 
5.390000000000777, -3.9008545583448226 
5.4000000000007535, -3.937713516066455 
5.41000000000073, -3.958991332321049 
5.420000000000707, -3.961715354301762 
5.430000000000684, -3.9607455649999053 
5.44000000000066, -3.953539071848258 
5.450000000000637, -3.866771975162859 
5.460000000000614, -1.41591827454435 
5.47000000000059, 0.12775436531469656 
5.480000000000567, 0.7045283752090791 
5.490000000000544, 0.800069419150752 
5.5000000000005205, 0.8203491913727096 
5.510000000000497, 0.8263760485479317 
5.520000000000474, 0.8283860258743896 
5.5300000000004506, 0.828875782517658 
5.540000000000427, 0.8286714678713614 
5.550000000000404, 0.8282350968308393 
5.560000000000381, 0.8282250804871211 
5.570000000000357, 0.8299817760508544 
5.580000000000334, 0.8353312036687479 
5.590000000000311, 0.8443147320992133 
5.600000000000287, 0.853664008028184 
5.610000000000264, 0.8603603716832164 
5.620000000000241, 0.8640754373018774 
5.6300000000002175, 0.8656448222144075 
5.640000000000194, 0.8656612270517229 
5.650000000000171, 0.8639991203633596 
5.660000000000148, 0.85907764226318 
5.670000000000124, 0.8444577437813197 
5.680000000000101, 0.7927699212356488 
5.690000000000078, 0.6272537089483705 
5.700000000000054, 0.46099684750751735 
5.710000000000031, 0.4516366832985823 
5.720000000000008, 0.46981517992176547 
5.729999999999984, 0.48044525908315705 
5.739999999999961, 0.48557588511491606 
5.749999999999938, 0.48793611128095266 
5.7599999999999145, 0.4887821405259891 
5.769999999999891, 0.48855865750734695 
5.779999999999868, 0.48720211920221884 
5.789999999999845, 0.48403380451168837 
5.799999999999821, 0.47695301989464733 
5.809999999999798, 0.45919457911541334 
5.819999999999775, 0.404712125330598 
5.829999999999751, 0.20486789296212476 
5.839999999999728, -0.2689006883988031 
5.849999999999705, 0.8422432076452342 
5.8599999999996815, 2.0528106129726877 
5.869999999999658, 2.08758424559027 
5.879999999999635, 2.0911880968948617 
5.8899999999996115, 2.0907434361722848 
5.899999999999588, 2.086629982762238 
5.909999999999565, 2.0690383374610817 
5.919999999999542, 2.0255878194690693 
5.929999999999518, 2.0292512716325075 
5.939999999999495, 2.0384822329837187 
5.949999999999472, 2.0405931069421888 
5.959999999999448, 2.040437761162873 
5.969999999999425, 2.0399919243958653 
5.979999999999402, 2.0410240061871496 
5.9899999999993785, 2.04326797897754 
5.999999999999355, 2.0448164419855956 
6.009999999999332, 2.045228261822236 
6.019999999999309, 2.044709988676467 
6.029999999999285, 2.0424221185841502 
6.039999999999262, 2.030143422706028 
6.049999999999239, 1.8334656182652984 
6.059999999999215, 1.9639432547574134 
6.069999999999192, 2.580562230927368 
6.079999999999169, 2.5940492969328632 
6.089999999999145, 2.594783866552411 
6.099999999999122, 2.5913436825841036 
6.109999999999099, 2.565724307196546 
6.1199999999990755, 2.467821109917782 
6.129999999999052, 2.511481365198217 
6.139999999999029, 2.520069394614999 
6.149999999999006, 2.521009983094175 
6.159999999998982, 2.5209059448022026 
6.169999999998959, 2.5207762326508836 
6.179999999998936, 2.520237759193672 
6.189999999998912, 2.519326261624033 
6.199999999998889, 2.5186625596733125 
6.209999999998866, 2.5175521991850363 
6.2199999999988425, 2.5121851847180428 
6.229999999998819, 2.4853735840898805 
6.239999999998796, 2.5320069587643514 
6.2499999999987725, 2.5659844057849583 
6.259999999998749, 2.5703496127017513 
6.269999999998726, 2.5698160688642155 
6.279999999998703, 2.5625633761734194 
6.289999999998679, 2.397162207021265 
6.299999999998656, 0.5030353850471921 
6.309999999998633, 1.677273252305747 
6.319999999998609, 1.74126265367743 
6.329999999998586, 1.7484696312277048 
6.339999999998563, 1.749767755355976 
6.3499999999985395, 1.7497202505080593 
6.359999999998516, 1.7490570704629433 
6.369999999998493, 1.7478000300333245 
6.37999999999847, 1.7460603570928837 
6.389999999998446, 1.7444877766492826 
6.399999999998423, 1.743665662502821 
6.4099999999984, 1.7432039704470619 
6.419999999998376, 1.7420070838019293 
6.429999999998353, 1.7375281215274954 
6.43999999999833, 1.7170781622341864 
6.449999999998306, 1.658018461194874 
6.459999999998283, 1.825592919055382 
6.46999999999826, 1.8820295645118676 
6.4799999999982365, 1.890160273605657 
6.489999999998213, 1.8912275603287252 
6.49999999999819, 1.8892346857678344 
6.509999999998167, 1.8786067152260593 
6.519999999998143, 1.790678461685952 
6.52999999999812, 1.509210919083492 
6.539999999998097, 1.6266018593080607 
6.549999999998073, 1.6515411816143513 
6.55999999999805, 1.6561258375315666 
6.569999999998027, 1.6569782361130123 
6.5799999999980034, 1.6569619590641291 
6.58999999999798, 1.6570714754283062 
6.599999999997957, 1.6576786389787028 
6.6099999999979335, 1.6584815195052827 
6.61999999999791, 1.6590023658996258 
6.629999999997887, 1.65908848887175 
6.639999999997864, 1.6587225363240186 
6.64999999999784, 1.6575107411980246 
6.659999999997817, 1.6533407853446753 
6.669999999997794, 1.6310671903601694 
6.67999999999777, 1.3078969947007129 
6.689999999997747, 0.44003779942752647 
6.699999999997724, 2.54803090664286 
6.7099999999977005, 2.583046540470872 
6.719999999997677, 2.585424217196268 
6.729999999997654, 2.583808668761864 
6.7399999999976306, 2.573245333489539 
6.749999999997607, 2.513679291015163 
6.759999999997584, 2.51645678168596 
6.769999999997561, 2.530037379721965 
6.779999999997537, 2.531884668755608 
6.789999999997514, 2.5318091881149045 
6.799999999997491, 2.531861621009916 
6.809999999997467, 2.5319803824170437 
6.819999999997444, 2.5315661652255352 
6.829999999997421, 2.5309326198841138 
6.8399999999973975, 2.530063201564291 
6.849999999997374, 2.526575249537311 
6.859999999997351, 2.503419558436838 
6.869999999997328, 2.5109693334888457 
6.879999999997304, 2.5917662551150236 
6.889999999997281, 2.6007443344398697 
6.899999999997258, 2.6011961216391075 
6.909999999997234, 2.5969393835256054 
6.919999999997211, 2.538387719702164 
6.929999999997188, 1.1291912768845451 
6.939999999997164, 2.015639161836387 
6.949999999997141, 2.056694476949184 
6.959999999997118, 2.061004594116022 
6.9699999999970945, 2.0614978996061906 
6.979999999997071, 2.060889343332176 
6.989999999997048, 2.0592547179385656 
6.999999999997025, 2.0564859219849048 
7.009999999997001, 2.0539529451814156 
7.019999999996978, 2.0532259769880503 
7.029999999996955, 2.0531057787070948 
7.039999999996931, 2.0517393814178653 
7.049999999996908, 2.0461478182160517 
7.059999999996885, 2.0329586862582585 
7.0699999999968615, 2.0594770532081905 
7.079999999996838, 2.0892876205307793 
7.089999999996815, 2.096340270228414 
7.0999999999967915, 2.0973751765545403 
7.109999999996768, 2.0954714812288735 
7.119999999996745, 2.0832371226072866 
7.129999999996722, 1.8525331755964132 
7.139999999996698, -0.4854396821479132 
7.149999999996675, -0.7236470529758174 
7.159999999996652, -0.7486375919382294 
7.169999999996628, -0.7759151996672587 
7.179999999996605, -0.7968857372923941 
7.189999999996582, -0.8098167145420486 
7.1999999999965585, -0.8171349269677698 
7.209999999996535, -0.8210984271799843 
7.219999999996512, -0.8230907617364898 
7.229999999996489, -0.8238243310694168 
7.239999999996465, -0.8235629315445048 
7.249999999996442, -0.822205443075615 
7.259999999996419, -0.8192067834048622 
7.269999999996395, -0.8132984792403345 
7.279999999996372, -0.8020199347404251 
7.289999999996349, -0.7815352873618628 
7.299999999996325, -0.7483594343188195 
7.309999999996302, -0.7039496112641277 
7.319999999996279, -0.656583309575302 
7.3299999999962555, -0.6150632378497579 
7.339999999996232, -0.5828949024763599 
7.349999999996209, -0.5593163392288945 
7.359999999996186, -0.5422712754269181 
7.369999999996162, -0.5298973234127146 
7.379999999996139, -0.5208445849385117 
7.389999999996116, -0.5141998881162795 
7.399999999996092, -0.5093524062865447 
7.409999999996069, -0.5058864307180293 
7.419999999996046, -0.5035092857616772 
7.4299999999960225, -0.5020063860142452 
7.439999999995999, -0.5012150211782477 
7.449999999995976, -0.501010605212345 
7.4599999999959525, -0.5013011546331956 
7.469999999995929, -0.5020274148633206 
7.479999999995906, -0.5031673578540701 
7.489999999995883, -0.5047445305351557 
7.499999999995859, -0.5068396359416174 
7.509999999995836, -0.509603759868843 
7.519999999995813, -0.5132696619850777 
7.529999999995789, -0.5181513990869091 
7.539999999995766, -0.5246035207330223 
7.549999999995743, -0.5328765948321283 
7.5599999999957195, -0.5428101309985089 
7.569999999995696, -0.5535017947200396 
7.579999999995673, -0.5634384963044728 
7.58999999999565, -0.5713068914331705 
7.599999999995626, -0.5766896850535682 
7.609999999995603, -0.5799342418768061 
7.61999999999558, -0.5816165813596358 
7.629999999995556, -0.5821915282228542 
7.639999999995533, -0.5818899039996681 
7.64999999999551, -0.5806999719425183 
7.659999999995486, -0.578300778705395 
7.669999999995463, -0.5738178867136859 
7.67999999999544, -0.5651000416157809 
7.6899999999954165, -0.5465957043302281 
7.699999999995393, -0.5033340534847301 
7.70999999999537, -0.4001623583895245 
7.719999999995347, -0.20826843764406103 
7.729999999995323, -0.016617304421933807 
7.7399999999953, 0.08509978403065241 
7.749999999995277, 0.12714199273921606 
7.759999999995253, 0.14485690570308707 
7.76999999999523, 0.1529689815283542 
7.779999999995207, 0.15693424193327907 
7.789999999995183, 0.1589135062104073 
7.79999999999516, 0.15986080422785678 
7.809999999995137, 0.16025281537618377 
7.8199999999951135, 0.1603616384104412 
7.82999999999509, 0.1603671450495724 
7.839999999995067, 0.16041629622261394 
7.849999999995044, 0.16067824461181146 
7.85999999999502, 0.16143302930610895 
7.869999999994997, 0.16324837195613026 
7.879999999994974, 0.16731354274324925 
7.88999999999495, 0.17581851916876284 
7.899999999994927, 0.19134020500393872 
7.909999999994904, 0.2134256015450256 
7.9199999999948805, 0.23596622858931643 
7.929999999994857, 0.25278589778895294 
7.939999999994834, 0.2629543902255324 
7.9499999999948106, 0.26844299659966164 
7.959999999994787, 0.27114488344957477 
7.969999999994764, 0.2721800969398586 
7.979999999994741, 0.2720935883912879 
7.989999999994717, 0.27111561482474483 
7.999999999994694, 0.26935608645030074 
8.00999999999467, 0.26695931753015323 
8.019999999994647, 0.2642020713649524 
8.029999999994624, 0.26147010278753713 
8.0399999999946, 0.2591204966190897 
8.049999999994577, 0.2573595557194925 
8.059999999994554, 0.25623397641345363 
8.06999999999453, 0.2556964183078277 
8.079999999994508, 0.25566324265045554 
8.089999999994484, 0.25603105582185604 
8.099999999994461, 0.25666498747899064 
8.109999999994438, 0.25738809324812945 
8.119999999994414, 0.2579930186828646 
8.129999999994391, 0.2582673575145389 
8.139999999994368, 0.2579955572014171 
8.149999999994344, 0.2568981137333435 
8.159999999994321, 0.25447067628901243 
8.169999999994298, 0.249636108768185 
8.179999999994275, 0.23999693916490744 
8.189999999994251, 0.22050529194643587 
8.199999999994228, 0.18334734130509406 
8.209999999994205, 0.12758208814033659 
8.219999999994181, 0.07391937799168699 
8.229999999994158, 0.041764758505079984 
8.239999999994135, 0.02737265854778822 
8.249999999994111, 0.02139576747609224 
8.259999999994088, 0.01874506699818739 
8.269999999994065, 0.017399183466268203 
8.279999999994041, 0.016599172305060087 
8.289999999994018, 0.01604315668854363 
8.299999999993995, 0.015587615702092206 
8.309999999993972, 0.01513321468812881 
8.319999999993948, 0.014573025278117619 
8.329999999993925, 0.013759944211661903 
8.339999999993902, 0.012472393967170124 
8.349999999993878, 0.010353704608993108 
8.359999999993855, 0.006778798214864929 
8.369999999993832, 0.0005558245981401617 
8.379999999993808, -0.01030099579432881 
8.389999999993785, -0.030864539547869562 
8.399999999993762, -0.06863349928707878 
8.409999999993738, -0.12777588328937317 
8.419999999993715, -0.1941976586693932 
8.429999999993692, -0.24375627353390633 
8.439999999993669, -0.2710882475987577 
8.449999999993645, -0.284411357366394 
8.459999999993622, -0.2908740077023961 
8.469999999993599, -0.294100100578569 
8.479999999993575, -0.29569386979889667 
8.489999999993552, -0.2963508911688501 
8.499999999993529, -0.2963650058303682 
8.509999999993505, -0.29584418895525183 
8.519999999993482, -0.29481675206061697 
8.529999999993459, -0.2933082423895067 
8.539999999993436, -0.29141140147253275 
8.549999999993412, -0.2893240493552075 
8.559999999993389, -0.28731544548484705 
8.569999999993366, -0.28563639945990693 
8.579999999993342, -0.28444816441919274 
8.589999999993319, -0.2838142809265506 
8.599999999993296, -0.2837272660870554 
8.609999999993272, -0.28412519237440115 
8.619999999993249, -0.2848870473474759 
8.629999999993226, -0.28583157040198154 
8.639999999993202, -0.2867488845919181 
8.64999999999318, -0.28745756517113474 
8.659999999993156, -0.28784338090676126 
8.669999999993133, -0.2878513367826564 
8.67999999999311, -0.2874428834099758 
8.689999999993086, -0.2865382478694059 
8.699999999993063, -0.2849363015860693 
8.70999999999304, -0.2821544018544406 
8.719999999993016, -0.2770216022731978 
8.729999999992993, -0.266571130625329 
8.73999999999297, -0.24330090001764998 
8.749999999992946, -0.19176625111295953 
8.759999999992923, -0.10072473943740859 
8.7699999999929, -0.0009851369563417622 
8.779999999992876, 0.06465164999584785 
8.789999999992853, 0.09750947635398872 
8.79999999999283, 0.11301061529731815 
8.809999999992806, 0.12053881529348225 
8.819999999992783, 0.12431728161318054 
8.82999999999276, 0.12620089198429596 
8.839999999992736, 0.12705854955123647 
8.849999999992713, 0.1273449186973717 
8.85999999999269, 0.12733358634697003 
8.869999999992666, 0.12721339916494262 
8.879999999992643, 0.1271336345883289 
8.88999999999262, 0.1272398552644457 
8.899999999992596, 0.12772576378842096 
8.909999999992573, 0.12892557308673327 
8.91999999999255, 0.13147674859946185 
8.929999999992527, 0.13653868184594642 
8.939999999992503, 0.14577091805773423 
8.94999999999248, 0.16018946180459312 
8.959999999992457, 0.17785143712727616 
8.969999999992433, 0.19411319955780987 
8.97999999999241, 0.20580050928955948 
8.989999999992387, 0.21292050468848292 
8.999999999992363, 0.21682158326591527 
9.00999999999234, 0.21869251612508597 
9.019999999992317, 0.21924294577378406 
9.029999999992294, 0.21882338506981514 
9.03999999999227, 0.21759377758909623 
9.049999999992247, 0.21567205353114943 
9.059999999992224, 0.21325356070405582 
9.0699999999922, 0.21065373050233918 
9.079999999992177, 0.20823363218106664 
9.089999999992154, 0.206271497618593 
9.09999999999213, 0.20489943729898283 
9.109999999992107, 0.20413512806414333 
9.119999999992084, 0.20394433349895488 
9.12999999999206, 0.20427529290070212 
9.139999999992037, 0.20505157648280373 
9.149999999992014, 0.20614211778857178 
9.15999999999199, 0.2073446003417266 
9.169999999991967, 0.20841191400591752 
9.179999999991944, 0.20910728981486026 
9.18999999999192, 0.20923200537970774 
9.199999999991897, 0.2085836319198644 
9.209999999991874, 0.2068403196106095 
9.21999999999185, 0.2033639008820148 
9.229999999991827, 0.19689244399282008 
9.239999999991804, 0.18522466002293042 
9.24999999999178, 0.16575228802330727 
9.259999999991757, 0.13875860709471366 
9.269999999991734, 0.11113569238076197 
9.27999999999171, 0.0909253439752943 
9.289999999991688, 0.0793775410141222 
9.299999999991664, 0.07347306487149893 
9.309999999991641, 0.07046978901895337 
9.319999999991618, 0.06886379757251884 
9.329999999991594, 0.06794440129276716 
9.339999999991571, 0.06737631553671806 
9.349999999991548, 0.06698009719105855 
9.359999999991524, 0.06662709640118782 
9.369999999991501, 0.06618577374545667 
9.379999999991478, 0.06548802160419274 
9.389999999991455, 0.06429363774304796 
9.399999999991431, 0.06222223224753885 
9.409999999991408, 0.05859601518753286 
9.419999999991385, 0.05208019594661249 
9.429999999991361, 0.0399053826041557 
9.439999999991338, 0.016521655010011092 
9.449999999991315, -0.02638497916858626 
9.459999999991291, -0.09149162988455568 
9.469999999991268, -0.15915405351404063 
9.479999999991245, -0.20500500485636897 
9.489999999991221, -0.22852281399218533 
9.499999999991198, -0.23955723878668578 
9.509999999991175, -0.24483066196920106 
9.519999999991152, -0.24745083196085188 
9.529999999991128, -0.24873736008760416 
9.539999999991105, -0.24925296927476032 
9.549999999991082, -0.24923825694694884 
9.559999999991058, -0.2487936670505077 
9.569999999991035, -0.24797057379436466 
9.579999999991012, -0.24683336207908874 
9.589999999990988, -0.24550283095549444 
9.599999999990965, -0.24416345303718648 
9.609999999990942, -0.2430254958150059 
9.619999999990918, -0.24227156509782147 
9.629999999990895, -0.24202983206689915 
9.639999999990872, -0.24237914625783752 
9.649999999990849, -0.24335436429524188 
9.659999999990825, -0.24492238065357558 
9.669999999990802, -0.24693543279550045 
9.679999999990779, -0.24911605292995875 
9.689999999990755, -0.25112908002474343 
9.699999999990732, -0.2527062606618457 
9.709999999990709, -0.25371556341864365 
9.719999999990685, -0.2541297140352096 
9.729999999990662, -0.25394247154412725 
9.739999999990639, -0.253081593625199 
9.749999999990616, -0.25131392083537685 
9.759999999990592, -0.24809422271020276 
9.769999999990569, -0.24228967497871282 
9.779999999990546, -0.23179817841200837 
9.789999999990522, -0.21363938975971544 
9.799999999990499, -0.186265960283912 
9.809999999990476, -0.15388876519151135 
9.819999999990452, -0.12503994361551776 
9.829999999990429, -0.10455401484001714 
9.839999999990406, -0.09170591554398819 
9.849999999990382, -0.08397378244404505 
9.85999999999036, -0.07931628045400191 
9.869999999990336, -0.07647448630914735 
9.879999999990313, -0.07471995937149778 
9.88999999999029, -0.07361990777616359 
9.899999999990266, -0.07290051531429503 
9.909999999990243, -0.07237986895990378 
9.91999999999022, -0.07193586905306135 
9.929999999990196, -0.07148563377108336 
9.939999999990173, -0.07096379009918281 
9.94999999999015, -0.07028961262979042 
9.959999999990126, -0.06929721554628954 
9.969999999990103, -0.06753948760963194 
9.97999999999008, -0.06365301385250782 
9.989999999990056, -0.05326072621662688 
9.999999999990033, -0.023385708620224783 
10.00999999999001, 0.049446670533941736 
10.019999999989986, 0.1574988267237975 
10.029999999989963, 0.23965244146522185 
10.03999999998994, 0.2795454031676985 
10.049999999989916, 0.2966545512944508 
10.059999999989893, 0.3041654676872999 
10.06999999998987, 0.3075469585354811 
10.079999999989846, 0.30895258340854326 
10.089999999989823, 0.3092816896112944 
10.0999999999898, 0.30896018276412807 
10.109999999989776, 0.30824622612150543 
10.119999999989753, 0.3073512338760609 
10.12999999998973, 0.3064734825472225 
10.139999999989707, 0.3057920884742421 
10.149999999989683, 0.30545745803457924 
10.15999999998966, 0.3055938180596572 
10.169999999989637, 0.30630218735520887 
10.179999999989613, 0.30763817713738983 
10.18999999998959, 0.3095522172436313 
10.199999999989567, 0.31182804505305567 
10.209999999989543, 0.3141021896604704 
10.21999999998952, 0.3159938002414571 
10.229999999989497, 0.3172371602506346 
10.239999999989474, 0.3176923627215196 
10.24999999998945, 0.31723519880223305 
10.259999999989427, 0.3155837066406635 
10.269999999989404, 0.3120505508913903 
10.27999999998938, 0.305136134289772 
10.289999999989357, 0.29203571595085137 
10.299999999989334, 0.2693042134419701 
10.30999999998931, 0.2378221038033883 
10.319999999989287, 0.20770080813007166 
10.329999999989264, 0.18825944803882838 
10.33999999998924, 0.17869613154902167 
10.349999999989217, 0.1744779904033268 
10.359999999989194, 0.17258837831351115 
10.36999999998917, 0.1716464843602238 
10.379999999989147, 0.17107555501380206 
10.389999999989124, 0.17061668063839663 
10.3999999999891, 0.1701162932431358 
10.409999999989077, 0.16942978019344967 
10.419999999989054, 0.1683586559416034 
10.42999999998903, 0.16657053577568243 
10.439999999989007, 0.16343192687441865 
10.449999999988984, 0.1575800517100675 
10.45999999998896, 0.145696690274583 
10.469999999988937, 0.11864914937657403 
10.479999999988914, 0.04923361432985533 
10.48999999998889, -0.1293237101344117 
10.499999999988868, -0.43617491214680026 
10.509999999988844, -0.6768428001104932 
10.519999999988821, -0.7848505534278479 
10.529999999988798, -0.8272409820326663 
10.539999999988774, -0.8446040808718525 
10.549999999988751, -0.8521866171880387 
10.559999999988728, -0.8555628946687659 
10.569999999988704, -0.8568633123661039 
10.579999999988681, -0.8568725552475047 
10.589999999988658, -0.8557033675622074 
10.599999999988635, -0.8528857869924489 
10.609999999988611, -0.8469796235704952 
10.619999999988588, -0.8342624698950166 
10.629999999988565, -0.8049669702119001 
10.639999999988541, -0.7339272067046125 
10.649999999988518, -0.5729942264348494 
10.659999999988495, -0.32169140172995203 
10.669999999988471, -0.11905441506850226 
10.679999999988448, -0.021246647403737377 
10.689999999988425, 0.01981795777533445 
10.699999999988401, 0.037965519769855974 
10.709999999988378, 0.046762101766765526 
10.719999999988355, 0.05133209414913037 
10.729999999988332, 0.05379942637117167 
10.739999999988308, 0.0551328556471104 
10.749999999988285, 0.05581212551233701 
10.759999999988262, 0.05608588784017059 
10.769999999988238, 0.05607857878002449 
10.779999999988215, 0.05583687194008681 
10.789999999988192, 0.055351226633128546 
10.799999999988168, 0.05457892516764098 
10.809999999988145, 0.05354606781984911 
10.819999999988122, 0.05289528627774694 
10.829999999988098, 0.05662564914023097 
10.839999999988075, 0.0832684954453185 
10.849999999988052, 0.18083179559647317 
10.859999999988029, 0.3355219603998574 
10.869999999988005, 0.4315148426840917 
10.879999999987982, 0.46826967503459827 
10.889999999987959, 0.4818004449477006 
10.899999999987935, 0.48714868029201697 
10.909999999987912, 0.4892374446988371 
10.919999999987889, 0.48975053706682753 
10.929999999987865, 0.4893041316356408 
10.939999999987842, 0.48815202084871256 
10.949999999987819, 0.4864686527834891 
10.959999999987796, 0.48447975350968553 
10.969999999987772, 0.4824792332632154 
10.979999999987749, 0.48075063830411 
10.989999999987726, 0.4794733407448648 
10.999999999987702, 0.4786915669599499 
11.009999999987679, 0.47834370953829686 
11.019999999987656, 0.47830452643168736 
11.029999999987632, 0.4784136456651254 
11.039999999987609, 0.4784905713001937 
11.049999999987586, 0.47833586492709906 
11.059999999987562, 0.47769933111553875 
11.06999999998754, 0.476165218149997 
11.079999999987516, 0.47281333193244296 
11.089999999987493, 0.465130611399777 
11.09999999998747, 0.44481456554006743 
11.109999999987446, 0.3784630072763103 
11.119999999987423, 0.134992347611064 
11.1299999999874, -0.36062793765995066 
11.139999999987376, -0.6724571273204394 
11.149999999987353, -0.7845683253565069 
11.15999999998733, -0.8258384425501848 
11.169999999987306, -0.8428102071423531 
11.179999999987283, -0.8503822439801342 
11.18999999998726, -0.853848292480008 
11.199999999987236, -0.8552567370826774 
11.209999999987213, -0.8553832468387677 
11.21999999998719, -0.8543605212885537 
11.229999999987166, -0.8517705935528148 
11.239999999987143, -0.8463151842535632 
11.24999999998712, -0.834754504026068 
11.259999999987096, -0.8092842916296255 
11.269999999987073, -0.7530130249952236 
11.27999999998705, -0.6427364935330538 
11.289999999987026, -0.48688640473275824 
11.299999999987003, -0.34867254879182963 
11.30999999998698, -0.26376940550658806 
11.319999999986956, -0.21871508422064584 
11.329999999986933, -0.19481701685264957 
11.33999999998691, -0.18147203326927955 
11.349999999986887, -0.17356968974498052 
11.359999999986863, -0.16864772259209776 
11.36999999998684, -0.16546990037999632 
11.379999999986817, -0.16339244795550895 
11.389999999986793, -0.16208193578198057 
11.39999999998677, -0.16138927197575537 
11.409999999986747, -0.16130084826584729 
11.419999999986723, -0.1619405265112091 
11.4299999999867, -0.16362732504111344 
11.439999999986677, -0.1670307817164003 
11.449999999986654, -0.17354739592729287 
11.45999999998663, -0.1862504317094485 
11.469999999986607, -0.21248073959706937 
11.479999999986584, -0.2714421418087842 
11.48999999998656, -0.41568230171550036 
11.499999999986537, -0.7578663964917627 
11.509999999986514, -1.2896005285752121 
11.51999999998649, -1.6574910977641821 
11.529999999986467, -1.801581117794766 
11.539999999986444, -1.851812442389575 
11.54999999998642, -1.869944294125857 
11.559999999986397, -1.8766453066994235 
11.569999999986374, -1.8789302192414485 
11.57999999998635, -1.8793285101662256 
11.589999999986327, -1.8788823052125352 
11.599999999986304, -1.8781839503033353 
11.60999999998628, -1.8775121867970785 
11.619999999986257, -1.876775133348587 
11.629999999986234, -1.8759892378479925 
11.63999999998621, -1.875521570539147 
11.649999999986187, -1.8754085680543475 
11.659999999986164, -1.875058309253293 
11.66999999998614, -1.8736028487675185 
11.679999999986117, -1.8693291957591085 
11.689999999986094, -1.856783534748466 
11.69999999998607, -1.814835421368564 
11.709999999986048, -1.6504903011842156 
11.719999999986024, -1.0557161003258497 
11.729999999986001, -0.2169001874369177 
11.739999999985978, 0.109324647534523 
11.749999999985954, 0.19643920291171138 
11.759999999985931, 0.2246526139189356 
11.769999999985908, 0.23584290225081958 
11.779999999985884, 0.24090242691658198 
11.789999999985861, 0.24333157417180468 
11.799999999985838, 0.24446255896159202 
11.809999999985815, 0.24486386487115674 
11.819999999985791, 0.24478754807378267 
11.829999999985768, 0.24433244112949554 
11.839999999985745, 0.24352073607680844 
11.849999999985721, 0.24239723805483365 
11.859999999985698, 0.24139381713736358 
11.869999999985675, 0.2428748805082209 
11.879999999985651, 0.25639536555690323 
11.889999999985628, 0.3040274643162681 
11.899999999985605, 0.38497181185871004 
11.909999999985581, 0.4479324034652469 
11.919999999985558, 0.47782946708954377 
11.929999999985535, 0.490198972227189 
11.939999999985512, 0.4953320398004123 
11.949999999985488, 0.49733632701800945 
11.959999999985465, 0.49772477807426097 
11.969999999985442, 0.497020149386511 
11.979999999985418, 0.4953618729141536 
11.989999999985395, 0.49280411866717133 
11.999999999985372, 0.48953738082942566 
12.009999999985348, 0.4860001817661984 
12.019999999985325, 0.4827542936639883 
12.029999999985302, 0.4802067798406954 
12.039999999985278, 0.47846361607493104 
12.049999999985255, 0.47740422733234195 
12.059999999985232, 0.4768209332162903 
12.069999999985209, 0.4765005503792879 
12.079999999985185, 0.4762420524476891 
12.089999999985162, 0.4758384570504339 
12.099999999985139, 0.475027450724646 
12.109999999985115, 0.4733689870308216 
12.119999999985092, 0.46989899406619473 
12.129999999985069, 0.4619847026450691 
12.139999999985045, 0.44067591380278576 
12.149999999985022, 0.366670364782699 
12.159999999984999, 0.04510946817489441 
12.169999999984976, -0.7515819041319475 
12.179999999984952, -1.2515345195866312 
12.189999999984929, -1.4023715033239612 
12.199999999984906, -1.445543047292191 
12.209999999984882, -1.45925619395348 
12.219999999984859, -1.4639368836202435 
12.229999999984836, -1.4653342678063859 
12.239999999984812, -1.4652352184494197 
12.249999999984789, -1.4643342559407675 
12.259999999984766, -1.46344507307144 
12.269999999984742, -1.4643033528467302 
12.27999999998472, -1.4686635874259986 
12.289999999984696, -1.47578173912899 
12.299999999984673, -1.4831530838200537 
12.30999999998465, -1.4892636532331465 
12.319999999984626, -1.4939058271205787 
12.329999999984603, -1.4973243087015695 
12.33999999998458, -1.4997631451897306 
12.349999999984556, -1.5013850549002608 
12.359999999984533, -1.5022894466228078 
12.36999999998451, -1.502532768126393 
12.379999999984486, -1.5021462747755492 
12.389999999984463, -1.5011540955740936 
12.39999999998444, -1.4995856647620656 
12.409999999984416, -1.4974706175808807 
12.419999999984393, -1.494813864744152 
12.42999999998437, -1.49162566844354 
12.439999999984346, -1.4881490859780537 
12.449999999984323, -1.4851335577599714 
12.4599999999843, -1.483438413141133 
12.469999999984276, -1.4830397961832786 
12.479999999984253, -1.4830854007929757 
12.48999999998423, -1.482752503174534 
12.499999999984206, -1.4813572634596188 
12.509999999984183, -1.4777106529417245 
12.51999999998416, -1.468703663091182 
12.529999999984136, -1.4455917252834913 
12.539999999984113, -1.384137847091487 
12.54999999998409, -1.228682487049765 
12.559999999984067, -0.9274777119317317 
12.569999999984043, -0.5900818450542424 
12.57999999998402, -0.3755366963390725 
12.589999999983997, -0.2716795963456597 
12.599999999983973, -0.22256241887587608 
12.60999999998395, -0.19780321530568773 
12.619999999983927, -0.18436915118316918 
12.629999999983903, -0.17662361748324545 
12.63999999998388, -0.17197427977410562 
12.649999999983857, -0.16915411416260281 
12.659999999983834, -0.16752121411383442 
12.66999999998381, -0.16675926912735511 
12.679999999983787, -0.16674843504547243 
12.689999999983764, -0.16752011648779996 
12.69999999998374, -0.16926810324705333 
12.709999999983717, -0.17242252200017658 
12.719999999983694, -0.17783276586122038 
12.72999999998367, -0.18718807888726136 
12.739999999983647, -0.20401678409163745 
12.749999999983624, -0.23616981881265323 
12.7599999999836, -0.30191756843419293 
12.769999999983577, -0.4409161230004178 
12.779999999983554, -0.701552440049938 
12.78999999998353, -1.0222986312375866 
12.799999999983507, -1.2395463352867222 
12.809999999983484, -1.335967275844855 
12.81999999998346, -1.3727173783621012 
12.829999999983437, -1.3865702673220754 
12.839999999983414, -1.3918523292802105 
12.84999999998339, -1.3936917544981064 
12.859999999983367, -1.393953375857355 
12.869999999983344, -1.3934127966666698 
12.87999999998332, -1.3927104875300085 
12.889999999983297, -1.3929019166034675 
12.899999999983274, -1.3951773321177223 
12.90999999998325, -1.3995765758622725 
12.919999999983228, -1.404803839962622 
12.929999999983204, -1.409636033261128 
12.939999999983181, -1.4136143905786274 
12.949999999983158, -1.4167357754932879 
12.959999999983134, -1.4191011790644266 
12.969999999983111, -1.4207970051952543 
12.979999999983088, -1.4218847287214322 
12.989999999983064, -1.4224035858757227 
12.999999999983041, -1.4223723446079313 
13.009999999983018, -1.4217984526628382 
13.019999999982995, -1.4206940378549606 
13.029999999982971, -1.4190888752783961 
13.039999999982948, -1.4170272661256367 
13.049999999982925, -1.4145473920032223 
13.059999999982901, -1.411699834747934 
13.069999999982878, -1.4086985359387874 
13.079999999982855, -1.406091320194603 
13.089999999982831, -1.4045078187285347 
13.099999999982808, -1.4040031995445221 
13.109999999982785, -1.4039788018085584 
13.119999999982761, -1.4037420543386072 
13.129999999982738, -1.4027131296857425 
13.139999999982715, -1.4001009061379648 
13.149999999982692, -1.3942519933800308 
13.159999999982668, -1.3815286270999356 
13.169999999982645, -1.3546009591480648 
13.179999999982622, -1.3013478811141566 
13.189999999982598, -1.208500628817533 
13.199999999982575, -1.0741767474072341 
13.209999999982552, -0.9204828218991874 
13.219999999982528, -0.7830376649792422 
13.229999999982505, -0.6831551477209918 
13.239999999982482, -0.6200685088940714 
13.249999999982458, -0.5833759190298197 
13.259999999982435, -0.5630777565959287 
13.269999999982412, -0.5522852206405569 
13.279999999982389, -0.5467970454545447 
13.289999999982365, -0.5441799190973657 
13.299999999982342, -0.5430606792174034 
13.309999999982319, -0.5426765678580054 
13.319999999982295, -0.5426073228774362 
13.329999999982272, -0.5426213118341957 
13.339999999982249, -0.5425921212080262 
13.349999999982225, -0.5424598645763694 
13.359999999982202, -0.5422201046382585 
13.369999999982179, -0.5419234163236093 
13.379999999982156, -0.5416671954851824 
13.389999999982132, -0.5415700355353162 
13.399999999982109, -0.5417362588241568 
13.409999999982086, -0.5422243844883611 
13.419999999982062, -0.543023817466161 
13.429999999982039, -0.5440411266986781 
13.439999999982016, -0.5451100549938841 
13.449999999981992, -0.5460398146748833 
13.459999999981969, -0.546682103864159 
13.469999999981946, -0.5469699224052805 
13.479999999981922, -0.5469090854049032 
13.4899999999819, -0.5465489528619492 
13.499999999981876, -0.5459684576190686 
13.509999999981853, -0.5453017496896424 
13.51999999998183, -0.5448337462931502 
13.529999999981806, -0.5452452510600302 
13.539999999981783, -0.5482283939558047 
13.54999999998176, -0.558086865657303 
13.559999999981736, -0.5860659157643913 
13.569999999981713, -0.6619498995287528 
13.57999999998169, -0.8561222291592985 
13.589999999981666, -1.2353653680035568 
13.599999999981643, -1.6115698245401806 
13.60999999998162, -1.7970912823668208 
13.619999999981596, -1.8687412048612004 
13.629999999981573, -1.8969285991829934 
13.63999999998155, -1.908444167618525 
13.649999999981526, -1.9130647588179794 
13.659999999981503, -1.9146170627326469 
13.66999999998148, -1.9146878426421086 
13.679999999981456, -1.9140198959144672 
13.689999999981433, -1.913029471438311 
13.69999999998141, -1.9118221114675857 
13.709999999981386, -1.910342637747047 
13.719999999981363, -1.9089749233063826 
13.72999999998134, -1.908366346361332 
13.739999999981316, -1.9082799300047928 
13.749999999981293, -1.9077838033417325 
13.75999999998127, -1.9057571506491002 
13.769999999981247, -1.899436843819167 
13.779999999981223, -1.877663082218763 
13.7899999999812, -1.782909923887432 
13.799999999981177, -1.2926196280190605 
13.809999999981153, 0.13115078317844403 
13.81999999998113, 0.7381615327774298 
13.829999999981107, 0.8186631790931174 
13.839999999981083, 0.8351233193614194 
13.84999999998106, 0.8399258905742654 
13.859999999981037, 0.8414090578369651 
13.869999999981014, 0.8415515629519927 
13.87999999998099, 0.8409476740725388 
13.889999999980967, 0.8398263015422878 
13.899999999980944, 0.8383594817878814 
13.90999999998092, 0.8367730602900025 
13.919999999980897, 0.8353298411234565 
13.929999999980874, 0.8342258846889598 
13.93999999998085, 0.8335047419125148 
13.949999999980827, 0.8330623117989427 
13.959999999980804, 0.8327051395435674 
13.96999999998078, 0.8321797138629219 
13.979999999980757, 0.8311012586235395 
13.989999999980734, 0.8286317649054065 
13.99999999998071, 0.8221868013984344 
14.009999999980687, 0.8004551219585812 
14.019999999980664, 0.6814838526515978 
14.02999999998064, -0.4461640640903289 
14.039999999980617, -2.365458446649349 
14.049999999980594, -2.6183509350382805 
14.05999999998057, -2.6502478231718545 
14.069999999980547, -2.656707746285043 
14.079999999980524, -2.657873546277041 
14.0899999999805, -2.657304709650752 
14.099999999980477, -2.6558027574098246 
14.109999999980454, -2.6530373110487715 
14.11999999998043, -2.6490605943714 
14.129999999980408, -2.64740741634344 
14.139999999980384, -2.648022460999223 
14.149999999980361, -2.64761290286213 
14.159999999980338, -2.6445640235462116 
14.169999999980314, -2.638454715959651 
14.179999999980291, -2.6473166175779435 
14.189999999980268, -2.666216474085913 
14.199999999980244, -2.674786386127827 
14.209999999980221, -2.6778023147512635 
14.219999999980198, -2.6784952012419887 
14.229999999980175, -2.677472730503668 
14.239999999980151, -2.673874783462819 
14.249999999980128, -2.6636995693348138 
14.259999999980105, -2.6277053753427957 
14.269999999980081, -2.45240272616462 
14.279999999980058, -2.130351978652084 
14.289999999980035, -2.1944941251008485 
14.299999999980011, -2.235025687763876 
14.309999999979988, -2.2441874224934866 
14.319999999979965, -2.2460967920440043 
14.329999999979941, -2.2459139321849193 
14.339999999979918, -2.2452924366275147 
14.349999999979895, -2.245566453446762 
14.359999999979872, -2.2465907392311135 
14.369999999979848, -2.2473093965591953 
14.379999999979825, -2.247631576681478 
14.389999999979802, -2.247638838199175 
14.399999999979778, -2.2468263572582665 
14.409999999979755, -2.2439074018194614 
14.419999999979732, -2.2347111514156506 
14.429999999979708, -2.201009347793942 
14.439999999979685, -2.0365872296624032 
14.449999999979662, -1.1690316211822576 
14.459999999979638, 0.03587703229724711 
14.469999999979615, 0.34084877809192327 
14.479999999979592, 0.40427476566083803 
14.489999999979569, 0.4229192760431846 
14.499999999979545, 0.429892754461738 
14.509999999979522, 0.43283778729437217 
14.519999999979499, 0.43408722559738766 
14.529999999979475, 0.4345145722232324 
14.539999999979452, 0.43451126077501045 
14.549999999979429, 0.4343122527337494 
14.559999999979405, 0.434179663918228 
14.569999999979382, 0.43465191999719666 
14.579999999979359, 0.43703642574884416 
14.589999999979335, 0.4440294766615091 
14.599999999979312, 0.4586759100399186 
14.609999999979289, 0.47927228737177135 
14.619999999979266, 0.4981374144319043 
14.629999999979242, 0.5104678444701982 
14.639999999979219, 0.5170918925664424 
14.649999999979196, 0.5202229396486235 
14.659999999979172, 0.5213181575489128 
14.669999999979149, 0.5209975733386527 
14.679999999979126, 0.5192773872819408 
14.689999999979102, 0.5156670648011705 
14.69999999997908, 0.5092629131162548 
14.709999999979056, 0.4993483580815852 
14.719999999979033, 0.48691205433796503 
14.72999999997901, 0.47525432503035525 
14.739999999978986, 0.467213122723515 
14.749999999978963, 0.4628654662446386 
14.75999999997894, 0.4608351293085885 
14.769999999978916, 0.4599206837379214 
14.779999999978893, 0.45943157322104977 
14.78999999997887, 0.4589956801619114 
14.799999999978846, 0.4583549932639935 
14.809999999978823, 0.45720826492019384 
14.8199999999788, 0.45500590780682726 
14.829999999978776, 0.4504470469720522 
14.839999999978753, 0.4397484284769284 
14.84999999997873, 0.4088694951636634 
14.859999999978706, 0.28591239559355297 
14.869999999978683, -0.3553976839508859 
14.87999999997866, -1.643986728985268 
14.889999999978636, -2.0624645985267955 
14.899999999978613, -2.138705920610046 
14.90999999997859, -2.156245638262674 
14.919999999978566, -2.1609955299888335 
14.929999999978543, -2.1620428789436303 
14.93999999997852, -2.1617517121652785 
14.949999999978496, -2.1610428384305305 
14.959999999978473, -2.1602680414626474 
14.96999999997845, -2.1592568023420085 
14.979999999978427, -2.1581854430736707 
14.989999999978403, -2.1577169657652826 
14.99999999997838, -2.157574821421929 
15.009999999978357, -2.1566528784797505 
15.019999999978333, -2.1531262043835233 
15.02999999997831, -2.140044469422783 
15.039999999978287, -2.0775513225019493 
15.049999999978263, -1.7454444733673022 
15.05999999997824, -1.310317875776086 
15.069999999978217, -3.5904983978980645 
15.079999999978194, -3.8987758360711218 
15.08999999997817, -3.912153349402266 
15.099999999978147, -3.913242869060805 
15.109999999978124, -3.911050855943512 
15.1199999999781, -3.9003983115463896 
15.129999999978077, -3.847230754507108 
15.139999999978054, -3.859998903252832 
15.14999999997803, -3.8675476123478503 
15.159999999978007, -3.86758952911824 
15.169999999977984, -3.8668274837716794 
15.17999999997796, -3.865722116340661 
15.189999999977937, -3.86449431655598 
15.199999999977914, -3.864201324634778 
15.20999999997789, -3.8614001510497493 
15.219999999977867, -3.8555868116680863 
15.229999999977844, -3.868700737827768 
15.23999999997782, -3.8741835541693384 
15.249999999977797, -3.874752186625011 
15.259999999977774, -3.872557302053245 
15.26999999997775, -3.8565017793921696 
15.279999999977727, -3.365916129953085 
15.289999999977704, 1.8754386660884594 
15.29999999997768, 2.242269005873904 
15.309999999977657, 2.254319720929961 
15.319999999977634, 2.255480658516633 
15.32999999997761, 2.253961023567934 
15.339999999977588, 2.2476861002907795 
15.349999999977564, 2.2293683426774162 
15.359999999977541, 2.2194332588984986 
15.369999999977518, 2.225249965435673 
15.379999999977494, 2.2274431481860617 
15.389999999977471, 2.227149801180733 
15.399999999977448, 2.2262164621703096 
15.409999999977424, 2.227437178587875 
15.419999999977401, 2.2306771261388905 
15.429999999977378, 2.2326729538443617 
15.439999999977355, 2.2330786422480156 
15.449999999977331, 2.2322652931555447 
15.459999999977308, 2.228373652278614 
15.469999999977285, 2.195651542843479 
15.479999999977261, 1.3342382537537694 
15.489999999977238, 2.6616217545788023 
15.499999999977215, 2.7097753311585864 
15.509999999977191, 2.7125416924327808 
15.519999999977168, 2.7107694906121984 
15.529999999977145, 2.696533178547826 
15.539999999977121, 2.578561996494775 
15.549999999977098, 2.6158332413134415 
15.559999999977075, 2.630411867254481 
15.569999999977052, 2.6319436586550147 
15.579999999977028, 2.631869158636686 
15.589999999977005, 2.6315153277556256 
15.599999999976982, 2.6305583553193213 
15.609999999976958, 2.6292892122456437 
15.619999999976935, 2.6286451877600525 
15.629999999976912, 2.6276185512906944 
15.639999999976888, 2.6223812695528896 
15.649999999976865, 2.6063285780148044 
15.659999999976842, 2.6413180704829307 
15.669999999976818, 2.658561355965763 
15.679999999976795, 2.660972347814309 
15.689999999976772, 2.6596785045647184 
15.699999999976749, 2.6475224351341926 
15.709999999976725, 1.9818041394268857 
15.719999999976702, -3.406994274037347 
15.729999999976679, -3.9672773394614405 
15.739999999976655, -3.981473476987754 
15.749999999976632, -3.9821740523165765 
15.759999999976609, -3.9801874075973536 
15.769999999976585, -3.9726902894719887 
15.779999999976562, -3.961843700762286 
15.789999999976539, -3.9667501783992285 
15.799999999976515, -3.9672923480535425 
15.809999999976492, -3.966353612464392 
15.819999999976469, -3.9666051069888524 
15.829999999976446, -3.9662381055879785 
15.839999999976422, -3.965751907531461 
15.849999999976399, -3.963232078971687 
15.859999999976376, -3.9460991127385983 
15.869999999976352, -3.969393770804122 
15.879999999976329, -3.9956911830176955 
15.889999999976306, -3.9990963411596034 
15.899999999976282, -3.998418487601749 
15.90999999997626, -3.9922231977889617 
15.919999999976236, -3.922324123121649 
15.929999999976213, -1.4028215995313935 
15.93999999997619, 0.9352431227068203 
15.949999999976166, 1.2677216110914542 
15.959999999976143, 1.2983628337583786 
15.96999999997612, 1.304282964849683 
15.979999999976096, 1.3057621243196738 
15.989999999976073, 1.3060244045711218 
15.99999999997605, 1.305950958276461 
16.009999999976028, 1.305889177361982 
16.019999999976005, 1.3059453028777068 
16.02999999997598, 1.306063288080592 
16.039999999975958, 1.3061388019237854 
16.049999999975935, 1.3060969983002741 
16.05999999997591, 1.3058488484381863 
16.069999999975888, 1.3051521371417865 
16.079999999975865, 1.3032534611790318 
16.08999999997584, 1.2971652934548223 
16.099999999975818, 1.2677590775370156 
16.109999999975795, 0.9225044293971859 
16.11999999997577, -2.423835884609591 
16.129999999975748, -3.434765825742428 
16.139999999975725, -3.47470790871285 
16.1499999999757, -3.47958904227245 
16.15999999997568, -3.4795675970740847 
16.169999999975655, -3.4771096370930983 
16.17999999997563, -3.468582754556696 
16.18999999997561, -3.4471357438260464 
16.199999999975585, -3.450066540717876 
16.20999999997556, -3.454226152636882 
16.21999999997554, -3.4540500648716295 
16.229999999975515, -3.453347654541038 
16.239999999975492, -3.453814710247282 
16.24999999997547, -3.4537179867396723 
16.259999999975445, -3.453401467877992 
16.269999999975422, -3.4520978978264374 
16.2799999999754, -3.4439479624296796 
16.289999999975375, -3.3948418265428737 
16.299999999975352, -3.496563918563831 
16.30999999997533, -3.5421063281815393 
16.319999999975305, -3.5486589608886083 
16.329999999975282, -3.5493594570591873 
16.33999999997526, -3.547165502012296 
16.349999999975235, -3.537311003429309 
16.359999999975212, -3.4590643026522456 
16.36999999997519, -3.0795043144178154 
16.379999999975166, -3.2484145931470936 
16.389999999975142, -3.2690933962230964 
16.39999999997512, -3.2712486890579355 
16.409999999975096, -3.270783085216189 
16.419999999975072, -3.269764969641629 
16.42999999997505, -3.2678861604632496 
16.439999999975026, -3.266202498854219 
16.449999999975002, -3.26625417933588 
16.45999999997498, -3.26513679447933 
16.469999999974956, -3.259930808816013 
16.479999999974932, -3.259995611410518 
16.48999999997491, -3.2758050895804325 
16.499999999974886, -3.2818371543425435 
16.509999999974863, -3.2831464265903505 
16.51999999997484, -3.2823017630499907 
16.529999999974816, -3.277556597001749 
16.539999999974793, -3.252356196626289 
16.54999999997477, -2.911030870341938 
16.559999999974746, 0.10550216815711755 
16.569999999974723, 1.0162187954097741 
16.5799999999747, 1.0884536701391332 
16.589999999974676, 1.1008218422579423 
16.599999999974653, 1.1040785572049194 
16.60999999997463, 1.1049838499344682 
16.619999999974606, 1.105115621218331 
16.629999999974583, 1.1050421917706879 
16.63999999997456, 1.1050571642980545 
16.649999999974536, 1.1053029534024348 
16.659999999974513, 1.1057621438122562 
16.66999999997449, 1.1062894279479982 
16.679999999974466, 1.1067072279338306 
16.689999999974443, 1.1068686080619257 
16.69999999997442, 1.106617795682141 
16.709999999974396, 1.105620170765135 
16.719999999974373, 1.1028187978519557 
16.72999999997435, 1.0938165752418967 
16.739999999974327, 1.0496341098366975 
16.749999999974303, 0.5385861196307005 
16.75999999997428, -2.320454190066283 
16.769999999974257, -2.870987119966394 
16.779999999974233, -2.913507443725959 
16.78999999997421, -2.920359624054415 
16.799999999974187, -2.921336457993584 
16.809999999974163, -2.920477291983384 
16.81999999997414, -2.9182793355691263 
16.829999999974117, -2.913633871022879 
16.839999999974093, -2.908339148352424 
16.84999999997407, -2.9086333111539915 
16.859999999974047, -2.909495479588314 
16.869999999974024, -2.908254485004284 
16.879999999974, -2.9053342761332157 
16.889999999973977, -2.9083020469443475 
16.899999999973954, -2.9152338295956834 
16.90999999997393, -2.9183468263209313 
16.919999999973907, -2.919182743130186 
16.929999999973884, -2.9184978064728577 
16.93999999997386, -2.914932978008556 
16.949999999973837, -2.9003286682086133 
16.959999999973814, -2.804093728012719 
16.96999999997379, -1.5470235051301202 
16.979999999973767, 0.6007838397616979 
16.989999999973744, 0.8593359738175087 
16.99999999997372, 0.8937471592236357 
17.009999999973697, 0.9020455895134558 
17.019999999973674, 0.9046454193263409 
17.02999999997365, 0.9054544221954073 
17.039999999973627, 0.9056064052455204 
17.049999999973604, 0.9055893252247955 
17.05999999997358, 0.9057227663606502 
17.069999999973557, 0.9062514782166955 
17.079999999973534, 0.9072842605577037 
17.08999999997351, 0.9087013486534292 
17.099999999973488, 0.9101844001396369 
17.109999999973464, 0.9113915215873358 
17.11999999997344, 0.9120966482499255 
17.129999999973418, 0.9121571603103014 
17.139999999973394, 0.9113211909036327 
17.14999999997337, 0.9087667766407079 
17.159999999973348, 0.9013885382425313 
17.169999999973324, 0.8736446701759915 
17.1799999999733, 0.6968747454831455 
17.189999999973278, -0.5472687328242023 
17.199999999973254, -1.7359604804831967 
17.20999999997323, -1.974976601690561 
17.219999999973208, -2.0181102921972105 
17.229999999973185, -2.028209180998554 
17.23999999997316, -2.0307936464798164 
17.249999999973138, -2.0310674371718664 
17.259999999973115, -2.0305776338498616 
17.26999999997309, -2.030260407018612 
17.279999999973068, -2.030453889491546 
17.289999999973045, -2.03069479190922 
17.29999999997302, -2.0307573312969596 
17.309999999972998, -2.0308087863917286 
17.319999999972975, -2.0306625484063905 
17.32999999997295, -2.0296660918232505 
17.339999999972928, -2.026538698919239 
17.349999999972905, -2.0175738613491654 
17.35999999997288, -1.9893376347477818 
17.36999999997286, -1.8844513264482619 
17.379999999972835, -1.461394137230474 
17.38999999997281, -0.5459241130430141 
17.39999999997279, -0.03002357465485441 
17.409999999972765, 0.11462881193437462 
17.41999999997274, 0.1592811665578471 
17.42999999997272, 0.17629825740794544 
17.439999999972695, 0.18384011933777264 
17.449999999972672, 0.18746544373968424 
17.45999999997265, 0.1891952869891075 
17.469999999972625, 0.1898449125127039 
17.479999999972602, 0.18972847028553474 
17.48999999997258, 0.1888795264159016 
17.499999999972555, 0.1870715795924272 
17.509999999972532, 0.18367087874705812 
17.51999999997251, 0.1771961122093177 
17.529999999972485, 0.16430020835272346 
17.539999999972462, 0.13904213281395983 
17.54999999997244, 0.11283710617416913 
17.559999999972415, 0.2820739390364272 
17.569999999972392, 0.743316437913512 
17.57999999997237, 0.8956282812042244 
17.589999999972346, 0.9254816168474894 
17.599999999972322, 0.9332256148137075 
17.6099999999723, 0.9354767481169242 
17.619999999972276, 0.9356385943660557 
17.629999999972252, 0.9344089591900323 
17.63999999997223, 0.9316221100951102 
17.649999999972206, 0.9268253026704227 
17.659999999972182, 0.9201021587161323 
17.66999999997216, 0.9130864875376202 
17.679999999972136, 0.9081024198939771 
17.689999999972112, 0.905768870925006 
17.69999999997209, 0.9050568566005263 
17.709999999972066, 0.9048577842131079 
17.719999999972043, 0.9044901269516614 
17.72999999997202, 0.9034105284187453 
17.739999999971996, 0.9006099534720897 
17.749999999971973, 0.8928448698457006 
17.75999999997195, 0.8652526449258164 
17.769999999971926, 0.7153387316908637 
17.779999999971903, -0.05425953978858321 
17.78999999997188, 0.5278151446633695 
17.799999999971856, 2.351632047207283 
17.809999999971833, 2.3865118013807423 
17.81999999997181, 2.3893335531845805 
17.829999999971786, 2.3882325669743425 
17.839999999971763, 2.3812117333866123 
17.84999999997174, 2.3441477064279264 
17.859999999971716, 2.316175823967062 
17.869999999971693, 2.334119863331538 
17.87999999997167, 2.338078848059026 
17.889999999971646, 2.3383512883711424 
17.899999999971623, 2.338165725359044 
17.9099999999716, 2.338726403561929 
17.919999999971576, 2.33941432481939 
17.929999999971553, 2.339461327110808 
17.93999999997153, 2.3390240279193586 
17.949999999971507, 2.3379050126379024 
17.959999999971483, 2.333096226466875 
17.96999999997146, 2.2926249647908 
17.979999999971437, 2.2801404666610448 
17.989999999971413, 2.4810884378221174 
17.99999999997139, 2.494440353883281 
18.009999999971367, 2.495461074967229 
18.019999999971343, 2.4922702166968174 
18.02999999997132, 2.4624661791084193 
18.039999999971297, 1.9701845213780884 
18.049999999971273, 2.2133049172542902 
18.05999999997125, 2.242308125340195 
18.069999999971227, 2.2454688158093106 
18.079999999971204, 2.2457304602511403 
18.08999999997118, 2.2452456072334486 
18.099999999971157, 2.2440367522012523 
18.109999999971134, 2.242112303365379 
18.11999999997111, 2.240633360909652 
18.129999999971087, 2.2402015400801134 
18.139999999971064, 2.239406326310388 
18.14999999997104, 2.235586894149763 
18.159999999971017, 2.221199031497018 
18.169999999970994, 2.2343180811809384 
18.17999999997097, 2.274015822776024 
18.189999999970947, 2.2827952903502453 
18.199999999970924, 2.2839817382453296 
18.2099999999709, 2.2819712000049615 
18.219999999970877, 2.2670772528283143 
18.229999999970854, 1.7985781909884586 
18.23999999997083, -0.835618043196399 
18.249999999970807, -1.5156314128710382 
18.259999999970784, -1.8875744433211374 
18.26999999997076, -1.971789659562368 
18.279999999970737, -1.9899512710962142 
18.289999999970714, -1.9945189229213756 
18.29999999997069, -1.9954151032168137 
18.309999999970668, -1.9950260308373131 
18.319999999970644, -1.9945275775117135 
18.32999999997062, -1.9949376302101733 
18.339999999970598, -1.996080449910665 
18.349999999970574, -1.997062594596007 
18.35999999997055, -1.9976601218520194 
18.369999999970528, -1.9979493829941528 
18.379999999970504, -1.9976957614064024 
18.38999999997048, -1.9963224811421285 
18.399999999970458, -1.9926316000078703 
18.409999999970434, -1.9836181030047453 
18.41999999997041, -1.9610003419601831 
18.429999999970388, -1.8995902678524832 
18.439999999970365, -1.7191999867673793 
18.44999999997034, -1.2752557822403667 
18.459999999970318, -0.7658497595100379 
18.469999999970295, -0.5032463589494091 
18.47999999997027, -0.39984005130946876 
18.489999999970248, -0.35829466895391304 
18.499999999970225, -0.3403746987686267 
18.5099999999702, -0.332175267415165 
18.519999999970178, -0.3282930528497168 
18.529999999970155, -0.32645053752727893 
18.53999999997013, -0.3256173804581797 
18.549999999970108, -0.32530148800952113 
18.559999999970085, -0.3252612273111547 
18.56999999997006, -0.32538309133181975 
18.57999999997004, -0.3256306452193741 
18.589999999970015, -0.32602667637246224 
18.59999999996999, -0.3266504263388419 
18.60999999996997, -0.3276400432411884 
18.619999999969945, -0.3291968884483708 
18.62999999996992, -0.3315925237718297 
18.6399999999699, -0.33517083570429296 
18.649999999969875, -0.3403060575801933 
18.659999999969852, -0.34723408154912966 
18.66999999996983, -0.35571270010973843 
18.679999999969805, -0.36475124105070494 
18.689999999969782, -0.3729260158148256 
18.69999999996976, -0.3792122485943566 
18.709999999969735, -0.38341983683357833 
18.719999999969712, -0.38590433948946573 
18.72999999996969, -0.3871152169147011 
18.739999999969665, -0.387360043379814 
18.749999999969642, -0.38673860979329844 
18.75999999996962, -0.3851107358106998 
18.769999999969595, -0.3820139475016398 
18.779999999969572, -0.3765016151721914 
18.78999999996955, -0.3670024303235696 
18.799999999969526, -0.3516995056165274 
18.809999999969502, -0.3302525475606234 
18.81999999996948, -0.3058535010274376 
18.829999999969456, -0.28371955022048456 
18.839999999969432, -0.2669323311038373 
18.84999999996941, -0.25544216912324025 
18.859999999969386, -0.24787695627492878 
18.869999999969362, -0.24290353639856782 
18.87999999996934, -0.23958199354509135 
18.889999999969316, -0.23730981618906352 
18.899999999969292, -0.2357083434626218 
18.90999999996927, -0.23454268322389038 
18.919999999969246, -0.23367675935956136 
18.929999999969223, -0.23305074603754422 
18.9399999999692, -0.23267455564044082 
18.949999999969176, -0.23264069387821742 
18.959999999969153, -0.23317144723305847 
18.96999999996913, -0.23473901201870487 
18.979999999969106, -0.238361562776109 
18.989999999969083, -0.2463734102429303 
18.99999999996906, -0.26461757939031105 
19.009999999969036, -0.30939060350894804 
19.019999999969013, -0.4315813771926761 
19.02999999996899, -0.7945184194543455 
19.039999999968966, -1.6073448157154573 
19.049999999968943, -2.1397420773705704 
19.05999999996892, -2.267704668162538 
19.069999999968896, -2.300382725825038 
19.079999999968873, -2.310654581306731 
19.08999999996885, -2.3140098145477217 
19.099999999968826, -2.3146704705999035 
19.109999999968803, -2.313993022961541 
19.11999999996878, -2.312393410782646 
19.129999999968756, -2.309663942845665 
19.139999999968733, -2.305463303237659 
19.14999999996871, -2.3017683053862847 
19.159999999968687, -2.3013194351967234 
19.169999999968663, -2.301883303006242 
19.17999999996864, -2.301227725085985 
19.189999999968617, -2.2978788343110597 
19.199999999968593, -2.288917042239185 
19.20999999996857, -2.287848204047191 
19.219999999968547, -2.327709732118673 
19.229999999968523, -2.359246991967609 
19.2399999999685, -2.3720409088839824 
19.249999999968477, -2.3771629628470454 
19.259999999968453, -2.379133275973421 
19.26999999996843, -2.379346964133098 
19.279999999968407, -2.3780919663176423 
19.289999999968384, -2.374932477267003 
19.29999999996836, -2.368111815533015 
19.309999999968337, -2.3521280824374635 
19.319999999968314, -2.316773092513895 
19.32999999996829, -2.286487364110914 
19.339999999968267, -2.2922723009990658 
19.349999999968244, -2.298580786147002 
19.35999999996822, -2.3002286841534145 
19.369999999968197, -2.299707203076866 
19.379999999968174, -2.2983294834388386 
19.38999999996815, -2.298887097233515 
19.399999999968127, -2.30258961676994 
19.409999999968104, -2.3059519439491316 
19.41999999996808, -2.30774680367098 
19.429999999968057, -2.308467065330767 
19.439999999968034, -2.308204158032822 
19.44999999996801, -2.30642391579245 
19.459999999967987, -2.3014903052620976 
19.469999999967964, -2.2882935770014563 
19.47999999996794, -2.247775512634427 
19.489999999967917, -2.090014732739953 
19.499999999967894, -1.5105233413764059 
19.50999999996787, -0.8361776642787536 
19.519999999967848, -0.5750017185074485 
19.529999999967824, -0.49142733509560665 
19.5399999999678, -0.463102381957517 
19.549999999967778, -0.4531318923786946 
19.559999999967754, -0.44971737609698287 
19.56999999996773, -0.44872641246140776 
19.579999999967708, -0.4486028361043587 
19.589999999967684, -0.4487273338932093 
19.59999999996766, -0.448839559094558 
19.609999999967638, -0.44882069015791515 
19.619999999967614, -0.44861167795990564 
19.62999999996759, -0.44819030683104577 
19.639999999967568, -0.44757679783701587 
19.649999999967545, -0.4468465444745397 
19.65999999996752, -0.44612738086777026 
19.669999999967498, -0.4455706181717008 
19.679999999967475, -0.4453102174979036 
19.68999999996745, -0.4454326293435041 
19.699999999967428, -0.4459606942390802 
19.709999999967405, -0.44684074444081406 
19.71999999996738, -0.44793553000499503 
19.729999999967358, -0.44904613365151436 
19.739999999967335, -0.44997259055953787 
19.74999999996731, -0.45057770718644746 
19.759999999967288, -0.4508072192005585 
19.769999999967265, -0.45066372822413586 
19.77999999996724, -0.4501673611156162 
19.78999999996722, -0.4493291319665184 
19.799999999967195, -0.44814433025635275 
19.80999999996717, -0.44660959473287337 
19.81999999996715, -0.44478053015336033 
19.829999999967125, -0.44290015197666593 
19.8399999999671, -0.4414622093919903 
19.84999999996708, -0.43889312779217493 
19.859999999967055, -0.40252255452289776 
19.869999999967032, -0.017671671236432047 
19.87999999996701, 0.912539554314035 
19.889999999966985, 1.1062542162865658 
19.899999999966962, 1.1326177171211433 
19.90999999996694, 1.1385186175110804 
19.919999999966915, 1.1398971110195437 
19.929999999966892, 1.1394431450929876 
19.93999999996687, 1.1374157863304135 
19.949999999966845, 1.1331859637419777 
19.959999999966822, 1.1260515054735025 
19.9699999999668, 1.1173013925105102 
19.979999999966775, 1.1109408647010306 
19.989999999966752, 1.1087159596270333 
19.99999999996673, 1.1086719921786479 
20.009999999966706, 1.1089130445542768 
20.019999999966682, 1.1085766567443618 
20.02999999996666, 1.1069629004222903 
20.039999999966636, 1.102219316587194 
20.049999999966612, 1.0870915237137022 
20.05999999996659, 1.0318801063241532 
20.069999999966566, 1.0172031698394672 
20.079999999966542, 1.3303560672245207 
20.08999999996652, 1.4079088019480293 
20.099999999966496, 1.4207091167651122 
20.109999999966472, 1.4234499049955707 
20.11999999996645, 1.4232472877135172 
20.129999999966426, 1.4204465887214384 
20.139999999966403, 1.4112367465917548 
20.14999999996638, 1.3813431330380546 
20.159999999966356, 1.3267190410131666 
20.169999999966333, 1.3174562485461174 
20.17999999996631, 1.328058789947007 
20.189999999966286, 1.3331317211533835 
20.199999999966263, 1.3346582374579674 
20.20999999996624, 1.334412675319802 
20.219999999966216, 1.3329048378383814 
20.229999999966193, 1.3307798656265941 
20.23999999996617, 1.3318049552361542 
20.249999999966146, 1.3419330781951744 
20.259999999966123, 1.3551049122763685 
20.2699999999661, 1.3629346826413167 
20.279999999966076, 1.3661618769125812 
20.289999999966053, 1.3669138892423782 
20.29999999996603, 1.3657985149019463 
20.309999999966006, 1.3610070874559947 
20.319999999965983, 1.3389776981399815 
20.32999999996596, 1.1350323133940718 
20.339999999965936, -0.1324948516163294 
20.349999999965913, -0.5591000848942999 
20.35999999996589, -0.612548532024525 
20.369999999965867, -0.6303880514432373 
20.379999999965843, -0.6410312849894643 
20.38999999996582, -0.6477848598029645 
20.399999999965797, -0.6519614043698251 
20.409999999965773, -0.6544427757433962 
20.41999999996575, -0.6557875165392693 
20.429999999965727, -0.6563012055736832 
20.439999999965703, -0.6560938829222375 
20.44999999996568, -0.6551065442935106 
20.459999999965657, -0.6531156546351233 
20.469999999965633, -0.6497571175135627 
20.47999999996561, -0.6446549535796622 
20.489999999965587, -0.6377190132461734 
20.499999999965564, -0.629446360584723 
20.50999999996554, -0.6208279142692815 
20.519999999965517, -0.6128271353817493 
20.529999999965494, -0.605966777822539 
20.53999999996547, -0.6003289964239851 
20.549999999965447, -0.5957612519968746 
20.559999999965424, -0.5920497074099706 
20.5699999999654, -0.5890058056333756 
20.579999999965377, -0.5864959245345903 
20.589999999965354, -0.5844439572608894 
20.59999999996533, -0.5828222018804332 
20.609999999965307, -0.5816380003332293 
20.619999999965284, -0.5809201850388509 
20.62999999996526, -0.5807076524998023 
20.639999999965237, -0.5810415323544936 
20.649999999965214, -0.5819620804996972 
20.65999999996519, -0.5835111784594115 
20.669999999965167, -0.585741009691219 
20.679999999965144, -0.5887291301705705 
20.68999999996512, -0.5925996302513334 
20.699999999965097, -0.5975488524531434 
20.709999999965074, -0.6038706583807275 
20.71999999996505, -0.6119660108486017 
20.729999999965028, -0.6222943955065409 
20.739999999965004, -0.6351749752410657 
20.74999999996498, -0.6503404078299915 
20.759999999964958, -0.6664230698773856 
20.769999999964934, -0.6811269956891443 
20.77999999996491, -0.6925071366242226 
20.789999999964888, -0.7000786799342149 
20.799999999964864, -0.7045393638720545 
20.80999999996484, -0.7068692672909564 
20.819999999964818, -0.7078110179497354 
20.829999999964794, -0.7077751231434461 
20.83999999996477, -0.7068866132830316 
20.849999999964748, -0.7050084550711248 
20.859999999964725, -0.7016765746578015 
20.8699999999647, -0.6958770471935039 
20.879999999964678, -0.6854602258336199 
20.889999999964655, -0.6653126376272207 
20.89999999996463, -0.6188906874416429 
20.909999999964608, -0.46142242522962007 
20.919999999964585, 0.20386910205447442 
20.92999999996456, 0.8508885579606167 
20.939999999964538, 0.9581306099964756 
20.949999999964515, 0.9774520140366205 
20.95999999996449, 0.9825263176370516 
20.969999999964468, 0.983844539753421 
20.979999999964445, 0.9835484811256185 
20.98999999996442, 0.9820190682221097 
20.9999999999644, 0.9791003843873423 
21.009999999964375, 0.9746678391794328 
21.01999999996435, 0.9693317161554399 
21.02999999996433, 0.9646202524668069 
21.039999999964305, 0.9617233746030088 
21.04999999996428, 0.9604826181175804 
21.05999999996426, 0.9600544128090871 
21.069999999964235, 0.9597065032997507 
21.079999999964212, 0.9588680939271093 
21.08999999996419, 0.9566928073330656 
21.099999999964165, 0.9507209146229647 
21.109999999964142, 0.9301892408611978 
21.11999999996412, 0.8219655393670786 
21.129999999964095, 0.13504120022427982 
21.139999999964072, 0.07272016907460158 
21.14999999996405, 2.3606126397639104 
21.159999999964025, 2.412746705630443 
21.169999999964002, 2.416434298605002 
21.17999999996398, 2.415652849177186 
21.189999999963955, 2.409629231395279 
21.199999999963932, 2.3765131364922207 
21.20999999996391, 2.3414251725624715 
21.219999999963886, 2.360741352354562 
21.229999999963862, 2.3652300230071974 
21.23999999996384, 2.3656016817513574 
21.249999999963816, 2.365412093274237 
21.259999999963792, 2.3659030116301656 
21.26999999996377, 2.3665045839074965 
21.279999999963746, 2.3664839296111575 
21.289999999963722, 2.3660188814228036 
21.2999999999637, 2.364905363865571 
21.309999999963676, 2.360093846963897 
21.319999999963652, 2.3200759413426213 
21.32999999996363, 2.3256832728170793 
21.339999999963606, 2.4937478669051276 
21.349999999963583, 2.505716018989313 
21.35999999996356, 2.5065553292016878 
21.369999999963536, 2.503062730373924 
21.379999999963513, 2.4681770889270753 
21.38999999996349, 1.893784954670732 
21.399999999963466, 2.1983412570830243 
21.409999999963443, 2.2259710268637165 
21.41999999996342, 2.2290152665517526 
21.429999999963396, 2.2292502372245213 
21.439999999963373, 2.228702766331005 
21.44999999996335, 2.2273609232362266 
21.459999999963326, 2.2252737858930947 
21.469999999963303, 2.223734099077313 
21.47999999996328, 2.2233401419097536 
21.489999999963256, 2.222597669824484 
21.499999999963233, 2.2189584212697087 
21.50999999996321, 2.2056308454639275 
21.519999999963186, 2.2165178317930683 
21.529999999963163, 2.255111838737471 
21.53999999996314, 2.264247101024508 
21.549999999963116, 2.265577344364093 
21.559999999963093, 2.2637802586245583 
21.56999999996307, 2.2508219945896366 
21.579999999963047, 1.9028869036071057 
21.589999999963023, -1.0415754843612661 
21.599999999963, -2.2532437311611213 
21.609999999962977, -2.5074907817111542 
21.619999999962953, -2.537387986808696 
21.62999999996293, -2.542641918142935 
21.639999999962907, -2.5433512522763557 
21.649999999962883, -2.542838964804619 
21.65999999996286, -2.5421677095020954 
21.669999999962837, -2.5413139346062272 
21.679999999962813, -2.5401409836893754 
21.68999999996279, -2.5395652955238277 
21.699999999962767, -2.5393805562478575 
21.709999999962744, -2.537989911624792 
21.71999999996272, -2.5319318861732727 
21.729999999962697, -2.5042572917405783 
21.739999999962674, -2.4618652932362837 
21.74999999996265, -2.6629538428857886 
21.759999999962627, -2.750818524768791 
21.769999999962604, -2.769892501227283 
21.77999999996258, -2.7752268284982886 
21.789999999962557, -2.7765264910094762 
21.799999999962534, -2.7757921419372957 
21.80999999996251, -2.7729283615114357 
21.819999999962487, -2.7653757751617936 
21.829999999962464, -2.7430779071471276 
21.83999999996244, -2.7054413244485653 
21.849999999962417, -2.7091178184597626 
21.859999999962394, -2.716713281370791 
21.86999999996237, -2.7181966679692264 
21.879999999962347, -2.7175315715132915 
21.889999999962324, -2.716948598451403 
21.8999999999623, -2.7181867095365906 
21.909999999962277, -2.7194306400628907 
21.919999999962254, -2.719844747878107 
21.92999999996223, -2.719746635738589 
21.939999999962208, -2.7184426939070603 
21.949999999962184, -2.7129273455504617 
21.95999999996216, -2.6841165251776293 
21.969999999962138, -2.3960246298302414 
21.979999999962114, 0.06684008340200669 
21.98999999996209, 1.4449099047965093 
21.999999999962068, 1.510917668907283 
22.009999999962044, 1.5193516392516595 
22.01999999996202, 1.52091248743754 
22.029999999961998, 1.5203739986758504 
22.039999999961974, 1.5179744638946886 
22.04999999996195, 1.5124937912599241 
22.059999999961928, 1.5031125438857285 
22.069999999961905, 1.4947504008898207 
22.07999999996188, 1.4929227969680687 
22.089999999961858, 1.4940158071868646 
22.099999999961835, 1.4946425000929577 
22.10999999996181, 1.4939507596033694 
22.119999999961788, 1.4910187523303755 
22.129999999961765, 1.4834582105369156 
22.13999999996174, 1.4763937922217472 
22.149999999961718, 1.5091424695285112 
22.159999999961695, 1.544572412522201 
22.16999999996167, 1.556385597426226 
22.179999999961648, 1.5595456868543205 
22.189999999961625, 1.5596496094978 
22.1999999999616, 1.557011747050703 
22.20999999996158, 1.5451816429415812 
22.219999999961555, 1.457478799947264 
22.22999999996153, 0.8624936791153688 
22.23999999996151, 0.9286481647725499 
22.249999999961485, 1.0275632270485224 
22.25999999996146, 1.0488130293875637 
22.26999999996144, 1.0545490933002548 
22.279999999961415, 1.0562110146584351 
22.289999999961392, 1.056404835855388 
22.29999999996137, 1.056000220290231 
22.309999999961345, 1.0556840248394663 
22.319999999961322, 1.0566287002868335 
22.3299999999613, 1.0602901813970136 
22.339999999961275, 1.0664619962319115 
22.349999999961252, 1.0725977141461485 
22.35999999996123, 1.076770157990593 
22.369999999961205, 1.0788957220780877 
22.379999999961182, 1.079470975406679 
22.38999999996116, 1.0786068280852175 
22.399999999961135, 1.0752516025069752 
22.409999999961112, 1.063843189407492 
22.41999999996109, 1.0077814563042538 
22.429999999961066, 0.5708114034661118 
22.439999999961042, -0.3560325088159758 
22.44999999996102, -0.6036043319599185 
22.459999999960996, -0.6640773931005964 
22.469999999960972, -0.6884538016737427 
22.47999999996095, -0.7007299583591104 
22.489999999960926, -0.7073543341771744 
22.499999999960902, -0.7109736293371223 
22.50999999996088, -0.7128613205921809 
22.519999999960856, -0.7136339902772857 
22.529999999960832, -0.713534229628258 
22.53999999996081, -0.7125336144983583 
22.549999999960786, -0.7103332733924493 
22.559999999960763, -0.7063112279100959 
22.56999999996074, -0.6995297026642114 
22.579999999960716, -0.6890623574272828 
22.589999999960693, -0.6748273098097719 
22.59999999996067, -0.6582878188943974 
22.609999999960646, -0.6418369853980683 
22.619999999960623, -0.6273251804149831 
22.6299999999606, -0.6154114701270108 
22.639999999960576, -0.6059325701804081 
22.649999999960553, -0.5984384569273851 
22.65999999996053, -0.5924860781459342 
22.669999999960506, -0.5877332493766897 
22.679999999960483, -0.5839438130142199 
22.68999999996046, -0.580965123156757 
22.699999999960436, -0.5787012483381981 
22.709999999960413, -0.5770896645823622 
22.71999999996039, -0.5760838445408935 
22.729999999960366, -0.5756423067914899 
22.739999999960343, -0.5757239900116502 
22.74999999996032, -0.5762894480336631 
22.759999999960296, -0.5773070765966788 
22.769999999960273, -0.578763379094699 
22.77999999996025, -0.5806760774930375 
22.789999999960227, -0.5831083192011995 
22.799999999960203, -0.5861808931057879 
22.80999999996018, -0.5900767084794667 
22.819999999960157, -0.5950255139164127 
22.829999999960133, -0.601242619078923 
22.83999999996011, -0.6087811500891475 
22.849999999960087, -0.6172994213530141 
22.859999999960063, -0.6259219088789376 
22.86999999996004, -0.6335082683630361 
22.879999999960017, -0.6392609294440528 
22.889999999959993, -0.643056066749757 
22.89999999995997, -0.6452311412424947 
22.909999999959947, -0.646213696901275 
22.919999999959924, -0.6463117420906087 
22.9299999999599, -0.6456576427282521 
22.939999999959877, -0.6441985553147679 
22.949999999959854, -0.6416600121981457 
22.95999999995983, -0.6374279282839244 
22.969999999959807, -0.6302364799106651 
22.979999999959784, -0.6172083422771075 
22.98999999995976, -0.5896365038068885 
22.999999999959737, -0.5065883463406249 
23.009999999959714, -0.12908268043298352 
23.01999999995969, 0.6741435389136826 
23.029999999959667, 0.9043785534535816 
23.039999999959644, 0.9410837135042132 
23.04999999995962, 0.9498136502517847 
23.059999999959597, 0.9523259333830734 
23.069999999959574, 0.9526720565385972 
23.07999999995955, 0.9517494093703375 
23.089999999959527, 0.9496061925816383 
23.099999999959504, 0.9460840354954616 
23.10999999995948, 0.9413772883203004 
23.119999999959457, 0.9365080152334903 
23.129999999959434, 0.9328288783875223 
23.13999999995941, 0.9308270596809407 
23.149999999959388, 0.9300010788361787 
23.159999999959364, 0.9296208876818701 
23.16999999995934, 0.9291080379294161 
23.179999999959318, 0.927887175532122 
23.189999999959294, 0.9247993526574131 
23.19999999995927, 0.9159341927936675 
23.209999999959248, 0.8816258677147012 
23.219999999959224, 0.6603260096996361 
23.2299999999592, -0.7340757387904344 
23.239999999959178, -3.3761059061144705 
23.249999999959154, -3.5913163377598516 
23.25999999995913, -3.6054608596236974 
23.269999999959108, -3.6071669522962893 
23.279999999959085, -3.6058167478319376 
23.28999999995906, -3.6002382977370715 
23.299999999959038, -3.5759482633184483 
23.309999999959015, -3.55815360895242 
23.31999999995899, -3.5699182079537026 
23.329999999958968, -3.5715373196511577 
23.339999999958945, -3.570839130431488 
23.34999999995892, -3.5705744640694967 
23.359999999958898, -3.570081263537572 
23.369999999958875, -3.569498285580324 
23.37999999995885, -3.5688453099996273 
23.389999999958828, -3.564553550279072 
23.399999999958805, -3.545730872680734 
23.40999999995878, -3.5805287906114955 
23.41999999995876, -3.6034092904858768 
23.429999999958735, -3.6073640281314177 
23.43999999995871, -3.607348256099076 
23.44999999995869, -3.6040124513262084 
23.459999999958665, -3.585884733440472 
23.46999999995864, -3.3116488664515202 
23.47999999995862, -1.7009369835872061 
23.489999999958595, -2.201340933805899 
23.499999999958572, -2.3674195040967474 
23.50999999995855, -2.391922501401475 
23.519999999958525, -2.3966737921876518 
23.529999999958502, -2.397337316719779 
23.53999999995848, -2.396861666328661 
23.549999999958455, -2.3964153719506425 
23.559999999958432, -2.396166649132966 
23.56999999995841, -2.3956659320031326 
23.579999999958385, -2.395244962813438 
23.589999999958362, -2.3950674703442365 
23.59999999995834, -2.3941842633608266 
23.609999999958315, -2.390534702564477 
23.619999999958292, -2.3751099738986357 
23.62999999995827, -2.2835576342820754 
23.639999999958246, -1.8524349071018182 
23.649999999958222, -2.921851668204772 
23.6599999999582, -3.429931587009409 
23.669999999958176, -3.4599705543813606 
23.679999999958152, -3.4642880980777493 
23.68999999995813, -3.4641909792223857 
23.699999999958106, -3.4613692887085237 
23.709999999958082, -3.4505723838671507 
23.71999999995806, -3.410413778791996 
23.729999999958036, -3.4101743710648114 
23.739999999958012, -3.419513727626036 
23.74999999995799, -3.420395366866751 
23.759999999957966, -3.4196785489212926 
23.769999999957943, -3.4195096689528532 
23.77999999995792, -3.419034478738164 
23.789999999957896, -3.418514577047664 
23.799999999957873, -3.417888414487269 
23.80999999995785, -3.4139155919069757 
23.819999999957826, -3.393013099681864 
23.829999999957803, -3.422453457513009 
23.83999999995778, -3.463195507885268 
23.849999999957756, -3.4706063500151365 
23.859999999957733, -3.471732684427927 
23.86999999995771, -3.4701524793053906 
23.879999999957686, -3.4628423226354363 
23.889999999957663, -3.415113709720287 
23.89999999995764, -2.765222565146265 
23.909999999957616, -2.7774623482540086 
23.919999999957593, -2.9027879109051073 
23.92999999995757, -2.9160857524255492 
23.939999999957546, -2.9178808940639227 
23.949999999957523, -2.9174949337172214 
23.9599999999575, -2.9166606697938695 
23.969999999957476, -2.915361704526777 
23.979999999957453, -2.91366848702193 
23.98999999995743, -2.9132329153331957 
23.999999999957407, -2.9129388270551995 
24.009999999957383, -2.910267877603263 
24.01999999995736, -2.899867841418058 
24.029999999957337, -2.900806396138553 
24.039999999957313, -2.940750899071184 
24.04999999995729, -2.956369193498288 
24.059999999957267, -2.9606438246191886 
24.069999999957243, -2.961493003974542 
24.07999999995722, -2.9602668559885386 
24.089999999957197, -2.955709125333262 
24.099999999957173, -2.9398881154689565 
24.10999999995715, -2.8551163850139583 
24.119999999957127, -2.4919992898367997 
24.129999999957104, -2.542797778154063 
24.13999999995708, -2.593992238368492 
24.149999999957057, -2.602645415960264 
24.159999999957034, -2.6039786250282204 
24.16999999995701, -2.603576357025289 
24.179999999956987, -2.603126998877113 
24.189999999956964, -2.6030359074454306 
24.19999999995694, -2.60265355855037 
24.209999999956917, -2.602277653173512 
24.219999999956894, -2.6020368032302637 
24.22999999995687, -2.600722850765795 
24.239999999956847, -2.5949876001811845 
24.249999999956824, -2.564638914640941 
24.2599999999568, -2.3928198844132496 
24.269999999956777, -2.763397906119702 
24.279999999956754, -3.067087134339011 
24.28999999995673, -3.1015114031130957 
24.299999999956707, -3.10810568215367 
24.309999999956684, -3.109245093848301 
24.31999999995666, -3.1080405846407646 
24.329999999956637, -3.1038131832147657 
24.339999999956614, -3.0896314404426097 
24.34999999995659, -3.0500529474912854 
24.359999999956568, -3.0483694009542157 
24.369999999956544, -3.057785789201531 
24.37999999995652, -3.059285222028305 
24.389999999956498, -3.0586218947746646 
24.399999999956474, -3.058379412921923 
24.40999999995645, -3.05891890525099 
24.419999999956428, -3.0588774081356678 
24.429999999956404, -3.058664872364735 
24.43999999995638, -3.057675815365413 
24.449999999956358, -3.052448362032371 
24.459999999956334, -3.0165668166908906 
24.46999999995631, -2.923324926021974 
24.479999999956288, -3.252525352048626 
24.489999999956265, -3.305995155755376 
24.49999999995624, -3.3141212555507096 
24.509999999956218, -3.315459069926631 
24.519999999956195, -3.3141532438046495 
24.52999999995617, -3.3089112678611046 
24.539999999956148, -3.286044105211031 
24.549999999956125, -3.1918776654715386 
24.5599999999561, -3.205417073203067 
24.569999999956078, -3.2211748620654035 
24.579999999956055, -3.2230921407268704 
24.58999999995603, -3.222593631847398 
24.599999999956008, -3.2221081077814375 
24.609999999955985, -3.221510128968441 
24.61999999995596, -3.2206444838400827 
24.62999999995594, -3.2203570872711977 
24.639999999955915, -3.218883046031808 
24.64999999995589, -3.210841234346428 
24.65999999995587, -3.192075244094175 
24.669999999955845, -3.245448017012491 
24.67999999995582, -3.269350167388171 
24.6899999999558, -3.274350538893671 
24.699999999955775, -3.2750457128640456 
24.709999999955752, -3.273265092694161 
24.71999999995573, -3.2661273215441504 
24.729999999955705, -3.2284905478007686 
24.739999999955682, -2.851684086920331 
24.74999999995566, -2.684399611060183 
24.759999999955635, -2.811862237551986 
24.769999999955612, -2.8276933599169705 
24.77999999995559, -2.8299952194156344 
24.789999999955565, -2.82976561208487 
24.799999999955542, -2.8290913438235696 
24.80999999995552, -2.8283022928550343 
24.819999999955495, -2.827045329847266 
24.829999999955472, -2.826390567202921 
24.83999999995545, -2.8261697423030148 
24.849999999955426, -2.824322087690319 
24.859999999955402, -2.8157179243231845 
24.86999999995538, -2.7905489579067306 
24.879999999955356, -2.8477102228917994 
24.889999999955332, -2.900643263645565 
24.89999999995531, -2.913804404895389 
24.909999999955286, -2.9173683161316166 
24.919999999955262, -2.9178632595739757 
24.92999999995524, -2.9162866486054515 
24.939999999955216, -2.9112452300376437 
24.949999999955192, -2.894494364825885 
24.95999999995517, -2.8195132039068405 
24.969999999955146, -2.7041358021303057 
24.979999999955123, -2.745597327505258 
24.9899999999551, -2.7589959787863574 
24.999999999955076, -2.761159089892548 
