t, s[1].omega / s[0].omega 
0, -0.8200454566223929 
0.009999999999999995, -0.8248005354629393 
0.019999999999999934, -0.8297673037777894 
0.029999999999999874, -0.8344739227235818 
0.04000000000000012, -0.8383795457153809 
0.050000000000000405, -0.8411425301140202 
0.06000000000000069, -0.8427426171883885 
0.07000000000000098, -0.8433785762801896 
0.08000000000000126, -0.8433203437674628 
0.09000000000000155, -0.8428711758685828 
0.10000000000000184, -0.8424691006036452 
0.11000000000000212, -0.8428974315999296 
0.12000000000000241, -0.8454907858788708 
0.130000000000002, -0.8520485129190316 
0.1400000000000009, -0.864164049323851 
0.1499999999999998, -0.8822604812050617 
0.1599999999999987, -0.9052715334030788 
0.1699999999999976, -0.9313699577534675 
0.1799999999999965, -0.9589744301495402 
0.1899999999999954, -0.9871977116585701 
0.1999999999999943, -1.0156567844141295 
0.2099999999999932, -1.0439283154586714 
0.2199999999999921, -1.0709116139683141 
0.229999999999991, -1.0945770630498601 
0.2399999999999899, -1.112797286757574 
0.2499999999999888, -1.1248406778000049 
0.2599999999999877, -1.1317214411849656 
0.2699999999999866, -1.135128223055839 
0.2799999999999855, -1.1364506860762555 
0.2899999999999844, -1.1365718848300082 
0.2999999999999833, -1.136102827730792 
0.3099999999999822, -1.1357517892733047 
0.3199999999999811, -1.136588095524476 
0.32999999999998, -1.139728778848227 
0.3399999999999789, -1.1454002135382435 
0.3499999999999778, -1.1526176893287985 
0.35999999999997667, -1.1600787089586118 
0.36999999999997557, -1.1669943118555248 
0.37999999999997447, -1.1731372187623477 
0.38999999999997337, -1.1785576141955265 
0.39999999999997227, -1.1833729799522565 
0.40999999999997117, -1.187678255791458 
0.41999999999997006, -1.1915051644900532 
0.42999999999996896, -1.1947975902125443 
0.43999999999996786, -1.197424113758858 
0.44999999999996676, -1.1992497961603767 
0.45999999999996566, -1.200229588261966 
0.46999999999996456, -1.2004496037305257 
0.47999999999996346, -1.2001059331669786 
0.48999999999996235, -1.199472176927393 
0.49999999999996125, -1.198857198433554 
0.5099999999999602, -1.1985007682157627 
0.519999999999959, -1.1984590344219013 
0.529999999999958, -1.198636461161437 
0.5399999999999568, -1.1989420603579999 
0.5499999999999557, -1.1993638486670348 
0.5599999999999546, -1.199889050603564 
0.5699999999999535, -1.2004076945890165 
0.5799999999999524, -1.2007281215394576 
0.5899999999999513, -1.2006631096146239 
0.5999999999999502, -1.2000940721741542 
0.6099999999999491, -1.1989934406304952 
0.619999999999948, -1.1974116637189525 
0.6299999999999469, -1.1954308522459853 
0.6399999999999458, -1.1931107905881597 
0.6499999999999447, -1.1904636705998066 
0.6599999999999436, -1.1874655992126497 
0.6699999999999425, -1.1840823580527158 
0.6799999999999414, -1.180283899252871 
0.6899999999999403, -1.1760542432910068 
0.6999999999999392, -1.1714511583854874 
0.7099999999999381, -1.166754477587744 
0.719999999999937, -1.1625805528673179 
0.7299999999999359, -1.1596559099057118 
0.7399999999999348, -1.158237056907148 
0.7499999999999337, -1.1578615252817108 
0.7599999999999326, -1.1577629056841716 
0.7699999999999315, -1.1572862532634531 
0.7799999999999304, -1.1558857090149526 
0.7899999999999293, -1.152926471661967 
0.7999999999999282, -1.1475845446346127 
0.8099999999999271, -1.1390496043547131 
0.819999999999926, -1.1270270112196639 
0.8299999999999249, -1.112042573659553 
0.8399999999999238, -1.0950700982552282 
0.8499999999999227, -1.0768823001164471 
0.8599999999999216, -1.0577829291784082 
0.8699999999999205, -1.0377712590728494 
0.8799999999999194, -1.0169162500562758 
0.8899999999999183, -0.9958304874743724 
0.8999999999999172, -0.9760642484762265 
0.9099999999999161, -0.9598859518248682 
0.919999999999915, -0.9490464482616419 
0.9299999999999139, -0.9434826391783149 
0.9399999999999128, -0.9415315676107607 
0.9499999999999117, -0.9412734384664831 
0.9599999999999106, -0.9413992800986769 
0.9699999999999095, -0.9412049552596239 
0.9799999999999084, -0.9402575906524623 
0.9899999999999073, -0.9381190742468422 
0.9999999999999062, -0.9342342607911822 
1.0099999999999052, -0.9280606931680404 
1.019999999999904, -0.9194648485186641 
1.029999999999903, -0.9090549175233429 
1.039999999999902, -0.8979405383969361 
1.0499999999999008, -0.8870961622423075 
1.0599999999998997, -0.8770086673536692 
1.0699999999998986, -0.8677616271173731 
1.0799999999998975, -0.859256651953722 
1.0899999999998964, -0.8513749990316606 
1.0999999999998953, -0.844060364851922 
1.1099999999998942, -0.8373546880929172 
1.119999999999893, -0.8314041781729188 
1.129999999999892, -0.8264273733112887 
1.1399999999998909, -0.8226308505836908 
1.1499999999998898, -0.8200929645736448 
1.1599999999998887, -0.8186876029413768 
1.1699999999998876, -0.8181117571844068 
1.1799999999998865, -0.8179941621994742 
1.1899999999998854, -0.8180000374246983 
1.1999999999998843, -0.8178805406497223 
1.2099999999998832, -0.8174820209081407 
1.219999999999882, -0.8167502728422333 
1.229999999999881, -0.8157353493337542 
1.2399999999998799, -0.8145702910712229 
1.2499999999998788, -0.8134111140883725 
1.2599999999998777, -0.8123699571402238 
1.2699999999998766, -0.8114805090454347 
1.2799999999998755, -0.8107025376550633 
1.2899999999998744, -0.8099533718046533 
1.2999999999998733, -0.8091537914593825 
1.3099999999998722, -0.8082718306021333 
1.319999999999871, -0.8073472626248286 
1.32999999999987, -0.80649138456495 
1.3399999999998689, -0.8058656565633446 
1.3499999999998678, -0.8056423576668484 
1.3599999999998666, -0.8059560886273399 
1.3699999999998655, -0.8068680129312487 
1.3799999999998644, -0.8083629586097623 
1.3899999999998633, -0.8103760740443157 
1.3999999999998622, -0.8128267686907877 
1.4099999999998611, -0.8156431648404325 
1.41999999999986, -0.8187771706073533 
1.429999999999859, -0.8222168681313379 
1.4399999999998578, -0.8259958349601426 
1.4499999999998567, -0.8301895041827005 
1.4599999999998556, -0.8348848845989091 
1.4699999999998545, -0.8401109759796557 
1.4799999999998534, -0.8457300457260803 
1.4899999999998523, -0.8513446762905792 
1.4999999999998512, -0.8563548429527958 
1.5099999999998501, -0.860226651846333 
1.519999999999849, -0.862756545428614 
1.529999999999848, -0.8640743866230958 
1.5399999999998468, -0.8644628956714442 
1.5499999999998457, -0.8642280639302449 
1.5599999999998446, -0.8637210457430063 
1.5699999999998435, -0.8635002349715284 
1.5799999999998424, -0.8645706259577782 
1.5899999999998413, -0.8684992156549709 
1.5999999999998402, -0.8770434650821702 
1.6099999999998391, -0.8912162511747331 
1.619999999999838, -0.9105436967467524 
1.629999999999837, -0.933383659150761 
1.6399999999998358, -0.9579702595300617 
1.6499999999998347, -0.9831542713792352 
1.6599999999998336, -1.008452345961613 
1.6699999999998325, -1.0336598823406995 
1.6799999999998314, -1.0583031728684351 
1.6899999999998303, -1.0811628543700516 
1.6999999999998292, -1.1003646067556592 
1.709999999999828, -1.1144142350469346 
1.719999999999827, -1.12326301994797 
1.729999999999826, -1.1280918792688508 
1.7399999999998248, -1.130312445616863 
1.7499999999998237, -1.1309731642939607 
1.7599999999998226, -1.1307567966591632 
1.7699999999998215, -1.1302584710057366 
1.7799999999998204, -1.1303117137590846 
1.7899999999998193, -1.1320270278457225 
1.7999999999998182, -1.136156661283241 
1.809999999999817, -1.1423392943246309 
1.819999999999816, -1.1493991142748357 
1.8299999999998149, -1.156300039606331 
1.8399999999998138, -1.1625677688912537 
1.8499999999998127, -1.1681314312013542 
1.8599999999998116, -1.1730746133159742 
1.8699999999998105, -1.1774996018125403 
1.8799999999998094, -1.1814718165800886 
1.8899999999998083, -1.1849860314782659 
1.8999999999998072, -1.187950264702655 
1.909999999999806, -1.1902185365637188 
1.919999999999805, -1.1916772749849123 
1.9299999999998039, -1.1923257670549985 
1.9399999999998028, -1.1922909856907045 
1.9499999999998017, -1.1917977556390233 
1.9599999999998006, -1.1911376937525548 
1.9699999999997995, -1.190608260474333 
1.9799999999997984, -1.1903897140934727 
1.9899999999997973, -1.1904694664343005 
1.9999999999997962, -1.1907346719568892 
2.0099999999998173, -1.1911192638246024 
2.0199999999998384, -1.191619541156256 
2.0299999999998595, -1.1921924030040043 
2.0399999999998806, -1.1926949362606631 
2.0499999999999017, -1.1929344730359361 
2.059999999999923, -1.192751474985419 
2.069999999999944, -1.1920667319708127 
2.079999999999965, -1.1908890185043925 
2.089999999999986, -1.1892871634922249 
2.100000000000007, -1.1873372114965344 
2.1100000000000283, -1.185078601175244 
2.1200000000000494, -1.182506314073789 
2.1300000000000705, -1.179593040016038 
2.1400000000000916, -1.1763139990934945 
2.1500000000001127, -1.1726547375019325 
2.160000000000134, -1.168621611561169 
2.170000000000155, -1.1643132530454205 
2.180000000000176, -1.1600632273510327 
2.190000000000197, -1.1564873721754043 
2.2000000000002182, -1.1541743685520296 
2.2100000000002393, -1.1531773420839773 
2.2200000000002604, -1.1529542203425802 
2.2300000000002815, -1.1528002387397478 
2.2400000000003026, -1.1521339247806361 
2.2500000000003237, -1.150433083344245 
2.260000000000345, -1.1470771833167195 
2.270000000000366, -1.1413473319078062 
2.280000000000387, -1.132713290341711 
2.290000000000408, -1.1212332880193132 
2.3000000000004293, -1.107571956775379 
2.3100000000004504, -1.0925239156982125 
2.3200000000004715, -1.0765690455894041 
2.3300000000004926, -1.0598076746191487 
2.3400000000005137, -1.0421684536302824 
2.3500000000005348, -1.0237459054049587 
2.360000000000556, -1.0052228212678203 
2.370000000000577, -0.9881753436625225 
2.380000000000598, -0.9747090028554093 
2.390000000000619, -0.966182975841674 
2.4000000000006403, -0.9621770718135856 
2.4100000000006614, -0.9610026244769451 
2.4200000000006825, -0.9609767874458897 
2.4300000000007036, -0.9610346168782472 
2.4400000000007247, -0.960594658375397 
2.450000000000746, -0.9592289031963599 
2.460000000000767, -0.9564288206945728 
2.470000000000788, -0.9515601060160634 
2.480000000000809, -0.9441048081210457 
2.49000000000083, -0.9341367079618467 
2.5000000000008513, -0.9225301918267629 
2.5100000000008724, -0.9104925888269619 
2.5200000000008935, -0.8989082833172878 
2.5300000000009146, -0.8881345075450853 
2.5400000000009357, -0.8781782039906645 
2.550000000000957, -0.8689238422746832 
2.560000000000978, -0.8602786064455794 
2.570000000000999, -0.8522464644796001 
2.58000000000102, -0.8449597026112118 
2.5900000000010412, -0.8386670535268677 
2.6000000000010624, -0.83365564265464 
2.6100000000010835, -0.8301093557036143 
2.6200000000011046, -0.827978533111278 
2.6300000000011257, -0.8269657550155477 
2.6400000000011468, -0.826641637901108 
2.650000000001168, -0.8265897946100524 
2.660000000001189, -0.8264867430266664 
2.67000000000121, -0.8261139414740205 
2.680000000001231, -0.8253522309779097 
2.6900000000012523, -0.8241904564375846 
2.7000000000012734, -0.8227299750098581 
2.7100000000012945, -0.8211457691285331 
2.7200000000013156, -0.8196081759686402 
2.7300000000013367, -0.818217615937417 
2.740000000001358, -0.8169870057842111 
2.750000000001379, -0.815863673499161 
2.7600000000014, -0.8147709981327967 
2.770000000001421, -0.8136542248270079 
2.780000000001442, -0.8125145607575416 
2.7900000000014633, -0.8114199747374038 
2.8000000000014844, -0.8104916389029931 
2.8100000000015055, -0.8098712969631183 
2.8200000000015266, -0.8096797598550178 
2.8300000000015477, -0.809984373917407 
2.840000000001569, -0.8107915885933675 
2.85000000000159, -0.8120631440842117 
2.860000000001611, -0.8137389099587569 
2.870000000001632, -0.8157532471676996 
2.8800000000016532, -0.8180462507316688 
2.8900000000016743, -0.8205772364413247 
2.9000000000016954, -0.8233406690275148 
2.9100000000017165, -0.8263747948096876 
2.9200000000017377, -0.8297504381002753 
2.9300000000017588, -0.8335312574538817 
2.94000000000178, -0.8377026910915362 
2.950000000001801, -0.842085240418012 
2.960000000001822, -0.8462978628304662 
2.970000000001843, -0.8498662452941487 
2.9800000000018643, -0.8524483306207392 
2.9900000000018854, -0.8539751478071684 
3.0000000000019065, -0.8545967228168024 
3.0100000000019276, -0.8545573907107343 
3.0200000000019487, -0.8541517711457167 
3.03000000000197, -0.8538022542137804 
3.040000000001991, -0.8542188025685296 
3.050000000002012, -0.8565142505370181 
3.060000000002033, -0.8620383675660953 
3.070000000002054, -0.8718028931671657 
3.0800000000020753, -0.885866698303636 
3.0900000000020964, -0.9033178090205464 
3.1000000000021175, -0.9228898954014333 
3.1100000000021386, -0.9435979461135993 
3.1200000000021597, -0.9649594829678533 
3.130000000002181, -0.9868427621756917 
3.140000000002202, -1.009108958469508 
3.150000000002223, -1.031143446567246 
3.160000000002244, -1.0515049379571726 
3.1700000000022652, -1.0682587713729084 
3.1800000000022863, -1.080150846958715 
3.1900000000023074, -1.087409962987648 
3.2000000000023285, -1.0912393815737453 
3.2100000000023496, -1.0928830987442262 
3.2200000000023707, -1.093216390148063 
3.230000000002392, -1.09283121927562 
3.240000000002413, -1.0923373107288472 
3.250000000002434, -1.092689918111763 
3.260000000002455, -1.0951704192459188 
3.2700000000024763, -1.1006102454978683 
3.2800000000024974, -1.1085405927869734 
3.2900000000025185, -1.1175631203526761 
3.3000000000025396, -1.1264447946955154 
3.3100000000025607, -1.1346088747476382 
3.3200000000025818, -1.1419646350794748 
3.330000000002603, -1.148617250055597 
3.340000000002624, -1.1546907780506799 
3.350000000002645, -1.1602398958661753 
3.360000000002666, -1.1651994960917313 
3.3700000000026873, -1.169382587233781 
3.3800000000027084, -1.1725659417123173 
3.3900000000027295, -1.174632825959785 
3.4000000000027506, -1.175652840349922 
3.4100000000027717, -1.1758445602955707 
3.420000000002793, -1.175507713189167 
3.430000000002814, -1.1750005264338135 
3.440000000002835, -1.1747058911509725 
3.450000000002856, -1.1748935545666128 
3.460000000002877, -1.1755735982170767 
3.4700000000028983, -1.1765539898301332 
3.4800000000029194, -1.1776441346016295 
3.4900000000029405, -1.1787535519337813 
3.5000000000029616, -1.1798315375555755 
3.5100000000029827, -1.1807887777150947 
3.520000000003004, -1.181502794761874 
3.530000000003025, -1.1818750256064938 
3.540000000003046, -1.1818699210739614 
3.550000000003067, -1.181512207494225 
3.5600000000030882, -1.1808522367852672 
3.5700000000031094, -1.1799242980885982 
3.5800000000031305, -1.1787259961910863 
3.5900000000031516, -1.1772305871808268 
3.6000000000031727, -1.1754200170573645 
3.6100000000031938, -1.173311339484325 
3.620000000003215, -1.1709531348867743 
3.630000000003236, -1.1683988453922534 
3.640000000003257, -1.1657091164012088 
3.650000000003278, -1.1630279188158439 
3.6600000000032993, -1.1606633890021176 
3.6700000000033204, -1.158995044408476 
3.6800000000033415, -1.158175631030793 
3.6900000000033626, -1.1579520932870369 
3.7000000000033837, -1.1578355577279473 
3.710000000003405, -1.157344643124103 
3.720000000003426, -1.1560591705509053 
3.730000000003447, -1.1535754025902616 
3.740000000003468, -1.1495433794948893 
3.750000000003489, -1.1438248869478305 
3.7600000000035103, -1.1366060100981923 
3.7700000000035314, -1.128279792404682 
3.7800000000035525, -1.1191917580911062 
3.7900000000035736, -1.1094861381676224 
3.8000000000035947, -1.0991169931951101 
3.810000000003616, -1.087953956592934 
3.820000000003637, -1.0759563174806666 
3.830000000003658, -1.0634501728540948 
3.840000000003679, -1.051438508643468 
3.8500000000037002, -1.0415378323330906 
3.8600000000037213, -1.0350897868132987 
3.8700000000037424, -1.0320862157917587 
3.8800000000037635, -1.0312940129117627 
3.8900000000037847, -1.0313217207263787 
3.9000000000038058, -1.031241454768936 
3.910000000003827, -1.0304930531704068 
3.920000000003848, -1.0285652116167254 
3.930000000003869, -1.0247583162295686 
3.94000000000389, -1.0181710964126789 
3.9500000000039113, -1.0080840795756405 
3.9600000000039324, -0.9946301919675594 
3.9700000000039535, -0.9789897489819508 
3.9800000000039746, -0.9626693214726224 
3.9900000000039957, -0.9466898597855098 
4.000000000004016, -0.9314287044349518 
4.010000000003993, -0.9168917510193317 
4.02000000000397, -0.903012924673867 
4.030000000003946, -0.8898588454547944 
4.040000000003923, -0.8777456845745325 
4.0500000000039, -0.867240558497992 
4.0600000000038765, -0.8589785595653316 
4.070000000003853, -0.8533220138493215 
4.08000000000383, -0.8500981048314756 
4.090000000003807, -0.8486644047996295 
4.100000000003783, -0.8482309683577307 
4.11000000000376, -0.848137996988975 
4.120000000003737, -0.8479332693309234 
4.130000000003713, -0.8473189384699245 
4.14000000000369, -0.8460920281316582 
4.150000000003667, -0.8441476796434092 
4.1600000000036434, -0.8415344316230484 
4.17000000000362, -0.8384751079670625 
4.180000000003597, -0.8352799257744943 
4.1900000000035735, -0.8322065281634693 
4.20000000000355, -0.8293822395938223 
4.210000000003527, -0.8268166339958987 
4.220000000003504, -0.8244565887155086 
4.23000000000348, -0.8222420915427092 
4.240000000003457, -0.8201454940558792 
4.250000000003434, -0.8181870993569615 
4.26000000000341, -0.8164269495332507 
4.270000000003387, -0.8149416746984427 
4.280000000003364, -0.8138007528128908 
4.2900000000033405, -0.8130532579312841 
4.300000000003317, -0.8127248128990532 
4.310000000003294, -0.8128154147059892 
4.320000000003271, -0.8132928664644178 
4.330000000003247, -0.8140890249246733 
4.340000000003224, -0.8151104821625799 
4.350000000003201, -0.8162651560536307 
4.360000000003177, -0.8174932802368609 
4.370000000003154, -0.8187873824475623 
4.380000000003131, -0.8201902508315853 
4.390000000003107, -0.8217683753343076 
4.400000000003084, -0.8235673818677833 
4.410000000003061, -0.8255611489323185 
4.4200000000030375, -0.8276141646158992 
4.430000000003014, -0.8294929762407264 
4.440000000002991, -0.8309507298134532 
4.450000000002968, -0.8318377816522846 
4.460000000002944, -0.8321513850461052 
4.470000000002921, -0.8320125163283372 
4.480000000002898, -0.8316381474975219 
4.490000000002874, -0.8313591929988873 
4.500000000002851, -0.8316647951880742 
4.510000000002828, -0.8331927508035524 
4.520000000002804, -0.8365813196366363 
4.530000000002781, -0.8422132094929318 
4.540000000002758, -0.8500456067084949 
4.5500000000027345, -0.8596889422023283 
4.560000000002711, -0.8706594749541517 
4.570000000002688, -0.8826023201896632 
4.580000000002665, -0.8953786041422097 
4.590000000002641, -0.909033789330174 
4.600000000002618, -0.923679705064137 
4.610000000002595, -0.9392742498410073 
4.620000000002571, -0.9552885943514212 
4.630000000002548, -0.9704609697309907 
4.640000000002525, -0.9831306462045903 
4.6500000000025015, -0.9922133593385161 
4.660000000002478, -0.9977987546326057 
4.670000000002455, -1.000732872081185 
4.6800000000024315, -1.0019175348377263 
4.690000000002408, -1.0020078012705214 
4.700000000002385, -1.0014850562696718 
4.710000000002362, -1.0009321190524445 
4.720000000002338, -1.0014096074253982 
4.730000000002315, -1.0046253302305774 
4.740000000002292, -1.0122645154133891 
4.750000000002268, -1.0245990562072786 
4.760000000002245, -1.0400578683649897 
4.770000000002222, -1.0564797989142662 
4.7800000000021985, -1.0724061221884325 
4.790000000002175, -1.087303197191638 
4.800000000002152, -1.1011749395140245 
4.810000000002129, -1.1141544860158237 
4.820000000002105, -1.1262256657723375 
4.830000000002082, -1.1370686466673645 
4.840000000002059, -1.1461083428749907 
4.850000000002035, -1.1528389573264075 
4.860000000002012, -1.1571902558405764 
4.870000000001989, -1.1595499067665287 
4.880000000001965, -1.1604849479659378 
4.890000000001942, -1.1605227096916289 
4.900000000001919, -1.1601493369278342 
4.9100000000018955, -1.1599199560190452 
4.920000000001872, -1.1604427351803852 
4.930000000001849, -1.1620776072139969 
4.940000000001826, -1.1646554764590638 
4.950000000001802, -1.1676631171972773 
4.960000000001779, -1.1706556124390848 
4.970000000001756, -1.1734205871219494 
4.980000000001732, -1.1758940642266658 
4.990000000001709, -1.1780534432114422 
5.000000000001686, -1.1798868406245897 
5.0100000000016625, -1.181402504083965 
5.020000000001639, -1.1826245963227369 
5.030000000001616, -1.1835663035453368 
5.0400000000015925, -1.1842038188271737 
5.050000000001569, -1.1844775459889871 
5.060000000001546, -1.1843273796947025 
5.070000000001523, -1.1837409220094368 
5.080000000001499, -1.1827834140459097 
5.090000000001476, -1.1815920900081207 
5.100000000001453, -1.18032841613929 
5.110000000001429, -1.1791055178371557 
5.120000000001406, -1.177963569476975 
5.130000000001383, -1.1769419772798793 
5.1400000000013595, -1.1761569124438656 
5.150000000001336, -1.1757439234547173 
5.160000000001313, -1.1756938617499202 
5.17000000000129, -1.1757870418240721 
5.180000000001266, -1.175699429299449 
5.190000000001243, -1.1751264199050553 
5.20000000000122, -1.1738330678486135 
5.210000000001196, -1.1716844303309393 
5.220000000001173, -1.1686836989506453 
5.23000000000115, -1.1649621605294103 
5.240000000001126, -1.1606922981217573 
5.250000000001103, -1.155990536733577 
5.26000000000108, -1.1508795116704376 
5.2700000000010565, -1.1453065959462374 
5.280000000001033, -1.1391830730288939 
5.29000000000101, -1.132440496410827 
5.300000000000987, -1.1251506057521827 
5.310000000000963, -1.1177370552318702 
5.32000000000094, -1.1111169474588896 
5.330000000000917, -1.1063706161452411 
5.340000000000893, -1.1039236071583194 
5.35000000000087, -1.1031843400810504 
5.360000000000847, -1.1031287962692313 
5.3700000000008234, -1.102928959108755 
5.3800000000008, -1.1020088675164792 
5.390000000000777, -1.0997940834629538 
5.4000000000007535, -1.0954921760412284 
5.41000000000073, -1.0881141438188746 
5.420000000000707, -1.076919670467095 
5.430000000000684, -1.0620772997115653 
5.44000000000066, -1.0447328586452564 
5.450000000000637, -1.0262427705305817 
5.460000000000614, -1.0074672969077982 
5.47000000000059, -0.9886998122458472 
5.480000000000567, -0.9699715578042115 
5.490000000000544, -0.9514110160370514 
5.5000000000005205, -0.9335526035344275 
5.510000000000497, -0.9174826850433861 
5.520000000000474, -0.904582024820893 
5.5300000000004506, -0.8957946755925639 
5.540000000000427, -0.8909708801807348 
5.550000000000404, -0.8889934566264474 
5.560000000000381, -0.8885103964443533 
5.570000000000357, -0.8884934937137492 
5.580000000000334, -0.8883192440429118 
5.590000000000311, -0.8876010618278174 
5.600000000000287, -0.8860252671611402 
5.610000000000264, -0.883303214542517 
5.620000000000241, -0.8792717921467028 
5.6300000000002175, -0.874068144465977 
5.640000000000194, -0.8681627202709821 
5.650000000000171, -0.8621353153264119 
5.660000000000148, -0.8564031514185663 
5.670000000000124, -0.851134831352525 
5.680000000000101, -0.8463248654809095 
5.690000000000078, -0.8418995909016764 
5.700000000000054, -0.8377900388108793 
5.710000000000031, -0.8339659512346052 
5.720000000000008, -0.830442728936584 
5.729999999999984, -0.8272754279051338 
5.739999999999961, -0.8245490136200612 
5.749999999999938, -0.8223626423644737 
5.7599999999999145, -0.820798896287104 
5.769999999999891, -0.8198800219491066 
5.779999999999868, -0.8195354660579438 
5.789999999999845, -0.819608660624365 
5.799999999999821, -0.8199027268739636 
5.809999999999798, -0.8202363990436103 
5.819999999999775, -0.820485103918393 
5.829999999999751, -0.8206018351223925 
5.839999999999728, -0.8206177317251603 
5.849999999999705, -0.8206175665619856 
5.8599999999996815, -0.820693859342469 
5.869999999999658, -0.8208991451680088 
5.879999999999635, -0.821215768462562 
5.8899999999996115, -0.821553337378908 
5.899999999999588, -0.8217801860234626 
5.909999999999565, -0.8217818722772818 
5.919999999999542, -0.8215158070185 
5.929999999999518, -0.8210349129457019 
5.939999999999495, -0.8204862276246068 
5.949999999999472, -0.8201013279331238 
5.959999999999448, -0.8201720835047093 
5.969999999999425, -0.8209904741421059 
5.979999999999402, -0.822759205610654 
5.9899999999993785, -0.8255263620728238 
5.999999999999355, -0.8291951491477707 
6.009999999999332, -0.8335978850480876 
6.019999999999309, -0.8385778838772543 
6.029999999999285, -0.844039455041173 
6.039999999999262, -0.8499647625685345 
6.049999999999239, -0.8564102926618234 
6.059999999999215, -0.8634838001812536 
6.069999999999192, -0.8712840737664711 
6.079999999999169, -0.8797770458760887 
6.089999999999145, -0.8886163240691036 
6.099999999999122, -0.8970453145752882 
6.109999999999099, -0.9041248273641811 
6.1199999999990755, -0.9092413064325895 
6.129999999999052, -0.9123848142689621 
6.139999999999029, -0.9139483797201617 
6.149999999999006, -0.9143968846914176 
6.159999999998982, -0.9141265148017672 
6.169999999998959, -0.9135423671132339 
6.179999999998936, -0.9132985152147433 
6.189999999998912, -0.9146147286688523 
6.199999999998889, -0.9193599434572397 
6.209999999998866, -0.9293835110456644 
6.2199999999988425, -0.9452217600423856 
6.229999999998819, -0.9655342602549665 
6.239999999998796, -0.9880699192776357 
6.2499999999987725, -1.0110107143933575 
6.259999999998749, -1.0334684774484435 
6.269999999998726, -1.055215123122548 
6.279999999998703, -1.076176946488046 
6.289999999998679, -1.095961902096676 
6.299999999998656, -1.1135956647088023 
6.309999999998633, -1.1277925146092633 
6.319999999998609, -1.1377839652987733 
6.329999999998586, -1.1438658877596661 
6.339999999998563, -1.1470374960864376 
6.3499999999985395, -1.1483269112505061 
6.359999999998516, -1.1484907715020447 
6.369999999998493, -1.1481037895601693 
6.37999999999847, -1.1478098742604566 
6.389999999998446, -1.1484646483870813 
6.399999999998423, -1.1508218161768151 
6.4099999999984, -1.1549055487271904 
6.419999999998376, -1.1599616557962231 
6.429999999998353, -1.1651251706910484 
6.43999999999833, -1.169905742030396 
6.449999999998306, -1.1741650211718535 
6.459999999998283, -1.177923043916528 
6.46999999999826, -1.1812372459602782 
6.4799999999982365, -1.184162533324875 
6.489999999998213, -1.186730852892458 
6.49999999999819, -1.188925606161678 
6.509999999998167, -1.1906703464426727 
6.519999999998143, -1.1918588839587418 
6.52999999999812, -1.1924207607923822 
6.539999999998097, -1.1923763894181387 
6.549999999998073, -1.191849557943657 
6.55999999999805, -1.1910484928684817 
6.569999999998027, -1.1902178140147943 
6.5799999999980034, -1.189544656881767 
6.58999999999798, -1.1890790429172182 
6.599999999997957, -1.188777767446228 
6.6099999999979335, -1.1886276500669277 
6.61999999999791, -1.1886770170378484 
6.629999999997887, -1.1889300221089663 
6.639999999997864, -1.1892515944470534 
6.64999999999784, -1.189405437371236 
6.659999999997817, -1.1891572082003934 
6.669999999997794, -1.1883420598860057 
6.67999999999777, -1.1868940399628094 
6.689999999997747, -1.1848503278942515 
6.699999999997724, -1.1823135891531065 
6.7099999999977005, -1.1793836220688962 
6.719999999997677, -1.1761073107844615 
6.729999999997654, -1.1724740380636658 
6.7399999999976306, -1.1684397013789556 
6.749999999997607, -1.163950670261186 
6.759999999997584, -1.1589680883887346 
6.769999999997561, -1.1535402022247112 
6.779999999997537, -1.147963621910575 
6.789999999997514, -1.1429204595495492 
6.799999999997491, -1.1392635030166354 
6.809999999997467, -1.1373741023712831 
6.819999999997444, -1.1368110007407126 
6.829999999997421, -1.136732592793359 
6.8399999999973975, -1.1364123655816836 
6.849999999997374, -1.1352930321685053 
6.859999999997351, -1.1327749242998073 
6.869999999997328, -1.1280530314195292 
6.879999999997304, -1.1202238468249515 
6.889999999997281, -1.108767632909368 
6.899999999997258, -1.0940386979673913 
6.909999999997234, -1.077088735640271 
6.919999999997211, -1.0589450879129356 
6.929999999997188, -1.0401486756079452 
6.939999999997164, -1.0208161572300516 
6.949999999997141, -1.0009668261910025 
6.959999999997118, -0.9809245544709035 
6.9699999999970945, -0.9616932582144413 
6.979999999997071, -0.9450120872787755 
6.989999999997048, -0.9326681124435199 
6.999999999997025, -0.9253172226467525 
7.009999999997001, -0.922034160987665 
7.019999999996978, -0.9211166583621816 
7.029999999996955, -0.9210998172583194 
7.039999999996931, -0.9210910957167344 
7.049999999996908, -0.9205891144016544 
7.059999999996885, -0.9192151467144083 
7.0699999999968615, -0.916555461076414 
7.079999999996838, -0.9121854199104368 
7.089999999996815, -0.9059067470528444 
7.0999999999967915, -0.898033953100159 
7.109999999996768, -0.8893513768442538 
7.119999999996745, -0.8806839903442226 
7.129999999996722, -0.8725336258185417 
7.139999999996698, -0.8650504527700724 
7.149999999996675, -0.8581860537149982 
7.159999999996652, -0.8518374756913056 
7.169999999996628, -0.8459289922562239 
7.179999999996605, -0.8404476395169567 
7.189999999996582, -0.835454724714506 
7.1999999999965585, -0.8310811409945563 
7.209999999996535, -0.8274972671494947 
7.219999999996512, -0.8248468407406037 
7.229999999996489, -0.8231631676715045 
7.239999999996465, -0.8223217038892837 
7.249999999996442, -0.8220700209339059 
7.259999999996419, -0.8221121797302591 
7.269999999996395, -0.8221868826108363 
7.279999999996372, -0.8221079154404712 
7.289999999996349, -0.8217790832420094 
7.299999999996325, -0.8212005460386471 
7.309999999996302, -0.8204586320871858 
7.319999999996279, -0.8196837982506411 
7.3299999999962555, -0.8189897457131929 
7.339999999996232, -0.8184276386193545 
7.349999999996209, -0.8179735096734863 
7.359999999996186, -0.8175464817495828 
7.369999999996162, -0.8170502493781168 
7.379999999996139, -0.8164230311818368 
7.389999999996116, -0.8156737396704136 
7.399999999996092, -0.8148926746495272 
7.409999999996069, -0.8142405150681984 
7.419999999996046, -0.813918368380803 
7.4299999999960225, -0.8141179046899886 
7.439999999995999, -0.8149651187227583 
7.449999999995976, -0.8164888940428844 
7.4599999999959525, -0.8186339671822302 
7.469999999995929, -0.8213036740025462 
7.479999999995906, -0.8244018437910687 
7.489999999995883, -0.8278582804700989 
7.499999999995859, -0.8316420858493581 
7.509999999995836, -0.8357698914634778 
7.519999999995813, -0.840305835389838 
7.529999999995789, -0.8453405798207706 
7.539999999995766, -0.8509332831907171 
7.549999999995743, -0.8570067100718848 
7.5599999999957195, -0.863227314582731 
7.569999999995696, -0.8689946782309841 
7.579999999995673, -0.8736697917328218 
7.58999999999565, -0.8769075896112757 
7.599999999995626, -0.8787614672351243 
7.609999999995603, -0.8795152564996306 
7.61999999999558, -0.8794968939980954 
7.629999999995556, -0.8790418061899997 
7.639999999995533, -0.8786145304032316 
7.64999999999551, -0.8790399782535699 
7.659999999995486, -0.8816951152542971 
7.669999999995463, -0.8883163357366224 
7.67999999999544, -0.900178748683911 
7.6899999999954165, -0.917187887551292 
7.699999999995393, -0.937905983936249 
7.70999999999537, -0.9605247159491503 
7.719999999995347, -0.9837496375804975 
7.729999999995323, -1.0069975168478347 
7.7399999999953, -1.0300985658493058 
7.749999999995277, -1.0528188913418162 
7.759999999995253, -1.0743818062545243 
7.76999999999523, -1.093299455998862 
7.779999999995207, -1.1079811159329331 
7.789999999995183, -1.1178238993167946 
7.79999999999516, -1.1235251741078636 
7.809999999995137, -1.1263488995251123 
7.8199999999951135, -1.1273900504370171 
7.82999999999509, -1.1273902381606968 
7.839999999995067, -1.1269232074146012 
7.849999999995044, -1.1267025505938142 
7.85999999999502, -1.1277393953059411 
7.869999999994997, -1.1309387270365616 
7.879999999994974, -1.136307364948411 
7.88999999999495, -1.1428877282675214 
7.899999999994927, -1.149590684820585 
7.909999999994904, -1.1558015449010048 
7.9199999999948805, -1.161355364443746 
7.929999999994857, -1.166297446787728 
7.939999999994834, -1.1707222145000844 
7.9499999999948106, -1.1747053785089727 
7.959999999994787, -1.1782676234771385 
7.969999999994764, -1.1813482694697808 
7.979999999994741, -1.1838142700706025 
7.989999999994717, -1.185527554364793 
7.999999999994694, -1.1864357193612125 
8.00999999999467, -1.186614837768154 
8.019999999994647, -1.1862518128816408 
8.029999999994624, -1.1856132835478914 
8.0399999999946, -1.1850029298726863 
8.049999999994577, -1.1846587545935063 
8.059999999994554, -1.1846402432559542 
8.06999999999453, -1.1848550863092568 
8.079999999994508, -1.1852082633974805 
8.089999999994484, -1.1856786802046413 
8.099999999994461, -1.1862493010703 
8.109999999994438, -1.1868159340300573 
8.119999999994414, -1.1871980156778932 
8.129999999994391, -1.1872191780548955 
8.139999999994368, -1.1867702248965306 
8.149999999994344, -1.18583035678068 
8.159999999994321, -1.1844517731030275 
8.169999999994298, -1.182713287613096 
8.179999999994275, -1.1806696865288175 
8.189999999994251, -1.1783303813442014 
8.199999999994228, -1.1756738170602028 
8.209999999994205, -1.1726757244074446 
8.219999999994181, -1.1693242470875518 
8.229999999994158, -1.16562086014514 
8.239999999994135, -1.1616117348683441 
8.249999999994111, -1.1574963050882006 
8.259999999994088, -1.153741835604264 
8.269999999994065, -1.1509653535481097 
8.279999999994041, -1.1494869484770587 
8.289999999994018, -1.1490190509011708 
8.299999999993995, -1.1489110510971547 
8.309999999993972, -1.14854160672084 
8.319999999993948, -1.1473992303931133 
8.329999999993925, -1.1449513322551665 
8.339999999993902, -1.1405707363411923 
8.349999999993878, -1.1336939469725966 
8.359999999993855, -1.1241732312948158 
8.369999999993832, -1.1124477715509538 
8.379999999993808, -1.0992432947388273 
8.389999999993785, -1.085112895426595 
8.399999999993762, -1.070252608772633 
8.409999999993738, -1.054609365984643 
8.419999999993715, -1.0381317312582818 
8.429999999993692, -1.0211151958625861 
8.439999999993669, -1.0045809927585012 
8.449999999993645, -0.99033454680227 
8.459999999993622, -0.9801746458271673 
8.469999999993599, -0.9745988055185709 
8.479999999993575, -0.9724875976320204 
8.489999999993552, -0.9721343629513705 
8.499999999993529, -0.9722326699983628 
8.509999999993505, -0.9720387332572604 
8.519999999993482, -0.971089907877186 
8.529999999993459, -0.9689181130975262 
8.539999999993436, -0.9649140400278224 
8.549999999993412, -0.9584409456886226 
8.559999999993389, -0.9492561095738429 
8.569999999993366, -0.9379205885833702 
8.579999999993342, -0.9256045457266244 
8.589999999993319, -0.9133961469206142 
8.599999999993296, -0.9018715970391245 
8.609999999993272, -0.8911574868474059 
8.619999999993249, -0.8811705192676245 
8.629999999993226, -0.8718044038657862 
8.639999999993202, -0.8630346283145209 
8.64999999999318, -0.8549709784285572 
8.659999999993156, -0.8478649303379594 
8.669999999993133, -0.8420469230247182 
8.67999999999311, -0.8377799015227291 
8.689999999993086, -0.8350930604018071 
8.699999999993063, -0.8337234332685906 
8.70999999999304, -0.8332197910574104 
8.719999999993016, -0.833113211978238 
8.729999999992993, -0.8330271856857804 
8.73999999999297, -0.8326995945170372 
8.749999999992946, -0.8319700527821267 
8.759999999992923, -0.8307829008187115 
8.7699999999929, -0.8292032342387188 
8.779999999992876, -0.827399633715277 
8.789999999992853, -0.8255709862354262 
8.79999999999283, -0.8238626323340685 
8.809999999992806, -0.8223276618473635 
8.819999999992783, -0.8209389981124812 
8.82999999999276, -0.8196285772929836 
8.839999999992736, -0.8183338750740339 
8.849999999992713, -0.8170365269071318 
8.85999999999269, -0.8157800880041115 
8.869999999992666, -0.8146625756730769 
8.879999999992643, -0.8138083675648193 
8.88999999999262, -0.8133302596486018 
8.899999999992596, -0.8132984026646755 
8.909999999992573, -0.813730725681814 
8.91999999999255, -0.8146040290258874 
8.929999999992527, -0.8158709649122787 
8.939999999992503, -0.8174714848354604 
8.94999999999248, -0.8193410921260768 
8.959999999992457, -0.821424110315449 
8.969999999992433, -0.8236926969106403 
8.97999999999241, -0.8261616599813678 
8.989999999992387, -0.8288859347193712 
8.999999999992363, -0.8319325603156724 
9.00999999999234, -0.835325843656541 
9.019999999992317, -0.8389739635093847 
9.029999999992294, -0.8426146163256025 
9.03999999999227, -0.8458556490917954 
9.049999999992247, -0.8483395806308737 
9.059999999992224, -0.8499090362456331 
9.0699999999922, -0.850626690936051 
9.079999999992177, -0.8506851554567125 
9.089999999992154, -0.8503448798725461 
9.09999999999213, -0.8499707955272134 
9.109999999992107, -0.8501477713895019 
9.119999999992084, -0.8517750535290937 
9.12999999999206, -0.855958082129723 
9.139999999992037, -0.8635862124030957 
9.149999999992014, -0.8748404662819164 
9.15999999999199, -0.8891125926487105 
9.169999999991967, -0.9054322296524779 
9.179999999991944, -0.9229813061626281 
9.18999999999192, -0.9413301148949016 
9.199999999991897, -0.960377994662618 
9.209999999991874, -0.9801129457566324 
9.21999999999185, -1.0002420860072438 
9.229999999991827, -1.0197798541228162 
9.239999999991804, -1.0369938875562992 
9.24999999999178, -1.0502056484622075 
9.259999999991757, -1.0589029755665786 
9.269999999991734, -1.0638422134393468 
9.27999999999171, -1.066216389116958 
9.289999999991688, -1.0670007525053633 
9.299999999991664, -1.066845348005433 
9.309999999991641, -1.0662865052042163 
9.319999999991618, -1.0660863897424389 
9.329999999991594, -1.067476109101206 
9.339999999991571, -1.071799233081366 
9.349999999991548, -1.0794542571357268 
9.359999999991524, -1.089395027936135 
9.369999999991501, -1.1000174378945293 
9.379999999991478, -1.1102085678394962 
9.389999999991455, -1.1195580401980028 
9.399999999991431, -1.1280724452472979 
9.409999999991408, -1.1358893119408378 
9.419999999991385, -1.1431109193580107 
9.429999999991361, -1.1497105835077877 
9.439999999991338, -1.1554936554151434 
9.449999999991315, -1.1601607265529132 
9.459999999991291, -1.1634837884949 
9.469999999991268, -1.1654617359376367 
9.479999999991245, -1.1663124555701638 
9.489999999991221, -1.166360867604879 
9.499999999991198, -1.1659758830495215 
9.509999999991175, -1.1655798345526387 
9.519999999991152, -1.1656024833306333 
9.529999999991128, -1.1662906705785179 
9.539999999991105, -1.1675610289902474 
9.549999999991082, -1.169128592024649 
9.559999999991058, -1.170751911641805 
9.569999999991035, -1.1723164870584681 
9.579999999991012, -1.1737618110408583 
9.589999999990988, -1.1750119987404035 
9.599999999990965, -1.1759839956465175 
9.609999999990942, -1.1766292364853892 
9.619999999990918, -1.1769508643298354 
9.629999999990895, -1.1769838109866984 
9.639999999990872, -1.1767569385018146 
9.649999999990849, -1.1762658839705946 
9.659999999990825, -1.1754762039116402 
9.669999999990802, -1.174354886294867 
9.679999999990779, -1.1729079571240357 
9.689999999990755, -1.1711958679412713 
9.699999999990732, -1.1693104139569364 
9.709999999990709, -1.1673305143488495 
9.719999999990685, -1.1653174518121558 
9.729999999990662, -1.1633864806699228 
9.739999999990639, -1.1617703452462427 
9.749999999990616, -1.1607243606569753 
9.759999999990592, -1.1602949908736213 
9.769999999990569, -1.160222354369012 
9.779999999990546, -1.1600918162858596 
9.789999999990522, -1.159504964179155 
9.799999999990499, -1.1581198682410685 
9.809999999990476, -1.1556539588617676 
9.819999999990452, -1.151952002884102 
9.829999999990429, -1.1470726070473065 
9.839999999990406, -1.141258835824873 
9.849999999990382, -1.1347810874294226 
9.85999999999036, -1.1277958527137546 
9.869999999990336, -1.1203128442542025 
9.879999999990313, -1.1122409088133316 
9.88999999999029, -1.103470895899523 
9.899999999990266, -1.094014742588818 
9.909999999990243, -1.0842406440616337 
9.91999999999022, -1.0751004614536959 
9.929999999990196, -1.0679461130147876 
9.939999999990173, -1.0636672332294679 
9.94999999999015, -1.061946982556097 
9.959999999990126, -1.0616400126986731 
9.969999999990103, -1.0616528113006132 
9.97999999999008, -1.0612744362740811 
9.989999999990056, -1.059988304657232 
9.999999999990033, -1.0571910948620313 
10.00999999999001, -1.0520482096212465 
10.019999999989986, -1.043662234953032 
10.029999999989963, -1.031649400947268 
10.03999999998994, -1.0166629527535258 
10.049999999989916, -1.0000933315490876 
10.059999999989893, -0.9831956773781764 
10.06999999998987, -0.9666129914441474 
10.079999999989846, -0.9504934591985459 
10.089999999989823, -0.9348068230613851 
10.0999999999898, -0.9196191656471029 
10.109999999989776, -0.9052877568000888 
10.119999999989753, -0.8925306970267733 
10.12999999998973, -0.8822497252927131 
10.139999999989707, -0.8750762685700326 
10.149999999989683, -0.8709416790539246 
10.15999999998966, -0.8690959328609786 
10.169999999989637, -0.8685450082871045 
10.179999999989613, -0.8684583770818541 
10.18999999998959, -0.8682852029988112 
10.199999999989567, -0.8676719929921755 
10.209999999989543, -0.8663591950427957 
10.21999999998952, -0.8641581589478775 
10.229999999989497, -0.8610246393814437 
10.239999999989474, -0.8571451431415023 
10.24999999998945, -0.8528959967133272 
10.259999999989427, -0.8486646635517039 
10.269999999989404, -0.844695040129929 
10.27999999998938, -0.841062979671297 
10.289999999989357, -0.8377379298781868 
10.299999999989334, -0.8346559203178868 
10.30999999998931, -0.8317706782697855 
10.319999999989287, -0.8290767357320539 
10.329999999989264, -0.8266080928668048 
10.33999999998924, -0.8244230497606274 
10.349999999989217, -0.8225883563305588 
10.359999999989194, -0.8211687392052683 
10.36999999998917, -0.8202162918784308 
10.379999999989147, -0.819751776660933 
10.389999999989124, -0.8197425132799608 
10.3999999999891, -0.8200950435412724 
10.409999999989077, -0.8206753047073837 
10.419999999989054, -0.8213483725858918 
10.42999999998903, -0.8220179853208078 
10.439999999989007, -0.8226507995502095 
10.449999999988984, -0.8232777185092226 
10.45999999998896, -0.8239697676821629 
10.469999999988937, -0.8247955697395429 
10.479999999988914, -0.8257759527697839 
10.48999999998889, -0.8268514598663252 
10.499999999988868, -0.8278803675678809 
10.509999999988844, -0.8286838197562544 
10.519999999988821, -0.82912391819461 
10.529999999988798, -0.8291633002335684 
10.539999999988774, -0.8288763921463179 
10.549999999988751, -0.8284383748043407 
10.559999999988728, -0.8281247243518572 
10.569999999988704, -0.8283101726241491 
10.579999999988681, -0.8294196653427637 
10.589999999988658, -0.8318067679539164 
10.599999999988635, -0.8356188695876938 
10.609999999988611, -0.8407582201462104 
10.619999999988588, -0.8469732601680142 
10.629999999988565, -0.8540011890686072 
10.639999999988541, -0.8616693716810792 
10.649999999988518, -0.8699296248211125 
10.659999999988495, -0.8788445606174882 
10.669999999988471, -0.8885377776500478 
10.679999999988448, -0.8990890531862317 
10.689999999988425, -0.9103433124025674 
10.699999999988401, -0.9216781818143647 
10.709999999988378, -0.9319837867720062 
10.719999999988355, -0.9401397790661132 
10.729999999988332, -0.9456736003250474 
10.739999999988308, -0.9488725705851669 
10.749999999988285, -0.950356366833516 
10.759999999988262, -0.9506950571388861 
10.769999999988238, -0.9503283415427684 
10.779999999988215, -0.9497172370079465 
10.789999999988192, -0.9496490021945038 
10.799999999988168, -0.9515558435075813 
10.809999999988145, -0.9573919423645949 
10.819999999988122, -0.9685896012049371 
10.829999999988098, -0.9848042804331799 
10.839999999988075, -1.0040615581074113 
10.849999999988052, -1.0241920348292353 
10.859999999988029, -1.0438732756281677 
10.869999999988005, -1.0626617117703283 
10.879999999987982, -1.080554727307637 
10.889999999987959, -1.097542196677313 
10.899999999987935, -1.1132714592142023 
10.909999999987912, -1.126940760992573 
10.919999999987889, -1.137630996123286 
10.929999999987865, -1.1449395661331496 
10.939999999987842, -1.149247584822802 
10.949999999987819, -1.1513611776019705 
10.959999999987796, -1.1520540244224236 
10.969999999987772, -1.151922751988706 
10.979999999987749, -1.1515124181224214 
10.989999999987726, -1.1515001244052123 
10.999999999987702, -1.1526377331389521 
11.009999999987679, -1.1552967405390142 
11.019999999987656, -1.1591280038243583 
11.029999999987632, -1.163395874028237 
11.039999999987609, -1.1675281687991357 
11.049999999987586, -1.1712813098050194 
11.059999999987562, -1.1746112735947885 
11.06999999998754, -1.1775378047588445 
11.079999999987516, -1.1800938298726096 
11.089999999987493, -1.1823146428724765 
11.09999999998747, -1.1842194484708912 
11.109999999987446, -1.185784975687526 
11.119999999987423, -1.186938551151071 
11.1299999999874, -1.1875909175470056 
11.139999999987376, -1.1876948123496756 
11.149999999987353, -1.1872890713522255 
11.15999999998733, -1.1865064335515476 
11.169999999987306, -1.1855483196767165 
11.179999999987283, -1.1846192001557712 
11.18999999998726, -1.1838365166768061 
11.199999999987236, -1.1832083028860838 
11.209999999987213, -1.182724483946839 
11.21999999998719, -1.1824412397496256 
11.229999999987166, -1.1824268929155424 
11.239999999987143, -1.1826280066341428 
11.24999999998712, -1.182834349744563 
11.259999999987096, -1.182773956088718 
11.269999999987073, -1.182211900501239 
11.27999999998705, -1.1809972654062606 
11.289999999987026, -1.179088335559821 
11.299999999987003, -1.1765528423086988 
11.30999999998698, -1.1735164195910868 
11.319999999986956, -1.1700849076801314 
11.329999999986933, -1.166298412634726 
11.33999999998691, -1.1621351694318118 
11.349999999986887, -1.1575392838457146 
11.359999999986863, -1.1524481634230104 
11.36999999998684, -1.1468363230571137 
11.379999999986817, -1.140830369466387 
11.389999999986793, -1.1348957428318274 
11.39999999998677, -1.1298839671041834 
11.409999999986747, -1.1266050228873836 
11.419999999986723, -1.1251475581132016 
11.4299999999867, -1.1248195622603012 
11.439999999986677, -1.1247457972280608 
11.449999999986654, -1.124257771405355 
11.45999999998663, -1.1228145007450665 
11.469999999986607, -1.1197707297259414 
11.479999999986584, -1.11426826247258 
11.48999999998656, -1.105451544664708 
11.499999999986537, -1.0930259408764287 
11.509999999986514, -1.0776271784740374 
11.51999999998649, -1.0604234346679848 
11.529999999986467, -1.042371966430101 
11.539999999986444, -1.023902382828765 
11.54999999998642, -1.0050805100226543 
11.559999999986397, -0.9859520404146576 
11.569999999986374, -0.9669145532371507 
11.57999999998635, -0.9490164851315338 
11.589999999986327, -0.9338928693680627 
11.599999999986304, -0.9230311446119313 
11.60999999998628, -0.9167645155922022 
11.619999999986257, -0.914065735633893 
11.629999999986234, -0.9133587584188634 
11.63999999998621, -0.913356627577414 
11.649999999986187, -0.9132812201888096 
11.659999999986164, -0.9126780350467681 
11.66999999998614, -0.911185621807129 
11.679999999986117, -0.9084211354506515 
11.689999999986094, -0.9040444011719424 
11.69999999998607, -0.8979943474123517 
11.709999999986048, -0.8906854931830142 
11.719999999986024, -0.8828617502152731 
11.729999999986001, -0.8751976350827535 
11.739999999985978, -0.8680521681675317 
11.749999999985954, -0.8615011451906751 
11.759999999985931, -0.8554790017202448 
11.769999999985908, -0.8498935596923005 
11.779999999985884, -0.8446869022952088 
11.789999999985861, -0.8398591980663447 
11.799999999985838, -0.8354740187444125 
11.809999999985815, -0.8316518165466273 
11.819999999985791, -0.8285431786301173 
11.829999999985768, -0.8262717682171139 
11.839999999985745, -0.8248621312599269 
11.849999999985721, -0.8241989076770064 
11.859999999985698, -0.8240532516690509 
11.869999999985675, -0.824157390588892 
11.879999999985651, -0.8242754741166604 
11.889999999985628, -0.8242430931904003 
11.899999999985605, -0.8239839729833551 
11.909999999985581, -0.8235144952047936 
11.919999999985558, -0.8229269717900525 
11.929999999985535, -0.8223432920911558 
11.939999999985512, -0.8218576639753232 
11.949999999985488, -0.8214983676477103 
11.959999999985465, -0.8212209673517371 
11.969999999985442, -0.8209312205930015 
11.979999999985418, -0.820530976518889 
11.989999999985395, -0.8199687372001201 
11.999999999985372, -0.819271347534148 
12.009999999985348, -0.8185495877398313 
12.019999999985325, -0.8179843928151745 
12.029999999985302, -0.8177941254347021 
12.039999999985278, -0.8181797773215409 
12.049999999985255, -0.8192645379188382 
12.059999999985232, -0.8210637508869201 
12.069999999985209, -0.8235048071694925 
12.079999999985185, -0.8264772223215768 
12.089999999985162, -0.8298783476910627 
12.099999999985139, -0.8336393415717829 
12.109999999985115, -0.8377372102617018 
12.119999999985092, -0.8422002794290446 
12.129999999985069, -0.8471030506224008 
12.139999999985045, -0.852536441184262 
12.149999999985022, -0.8585362163496558 
12.159999999984999, -0.8649642414596143 
12.169999999984976, -0.8713962323671351 
12.179999999984952, -0.877166872826907 
12.189999999984929, -0.8816643234750883 
12.199999999984906, -0.8846456894381156 
12.209999999984882, -0.8862565661650678 
12.219999999984859, -0.8868204030194178 
12.229999999984836, -0.8866743418210422 
12.239999999984812, -0.8861737709283848 
12.249999999984789, -0.8858497237292433 
12.259999999984766, -0.8866532012181482 
12.269999999984742, -0.8900850863201578 
12.27999999998472, -0.8978334410240851 
12.289999999984696, -0.910830569976171 
12.299999999984673, -0.9285267667903512 
12.30999999998465, -0.9492648593051196 
12.319999999984626, -0.971342567667894 
12.329999999984603, -0.9937049002597421 
12.33999999998458, -1.0159528875905832 
12.349999999984556, -1.037978283372971 
12.359999999984533, -1.0594931923267465 
12.36999999998451, -1.079613533447872 
12.379999999984486, -1.0968405288207186 
12.389999999984463, -1.1098049115719162 
12.39999999998444, -1.118227747164679 
12.409999999984416, -1.122955555123669 
12.419999999984393, -1.1251864975922938 
12.42999999998437, -1.1258848467286615 
12.439999999984346, -1.1257087907224808 
12.449999999984323, -1.1252334275981417 
12.4599999999843, -1.1252397236450176 
12.469999999984276, -1.126752045090735 
12.479999999984253, -1.130478936607864 
12.48999999998423, -1.1361321525560073 
12.499999999984206, -1.1426628784733404 
12.509999999984183, -1.1491112509812915 
12.51999999998416, -1.1550146958171639 
12.529999999984136, -1.160285532269943 
12.539999999984113, -1.1649875569155872 
12.54999999998409, -1.1692099698675849 
12.559999999984067, -1.1730152470213997 
12.569999999984043, -1.176405439774775 
12.57999999998402, -1.1793003638924693 
12.589999999983997, -1.1815584932928629 
12.599999999983973, -1.1830540100396592 
12.60999999998395, -1.1837613862263872 
12.619999999983927, -1.1837825687966839 
12.629999999983903, -1.1833230454990737 
12.63999999998388, -1.1826613135646324 
12.649999999983857, -1.1820954202667535 
12.659999999983834, -1.181827656189053 
12.66999999998381, -1.1818732806910783 
12.679999999983787, -1.1821267141161178 
12.689999999983764, -1.1825096161644104 
12.69999999998374, -1.1830109801365565 
12.709999999983717, -1.183598399820728 
12.719999999983694, -1.1841455194273878 
12.72999999998367, -1.1844665428631964 
12.739999999983647, -1.1843981483796056 
12.749999999983624, -1.1838524596036546 
12.7599999999836, -1.1828292030530254 
12.769999999983577, -1.1813918332641433 
12.779999999983554, -1.1796170048945978 
12.78999999998353, -1.1775488170248332 
12.799999999983507, -1.1751869608245415 
12.809999999983484, -1.1725073382732771 
12.81999999998346, -1.1694897145181777 
12.829999999983437, -1.1661281742444827 
12.839999999983414, -1.1624319437933985 
12.84999999998339, -1.1584674841305829 
12.859999999983367, -1.1544753245351187 
12.869999999983344, -1.1509570538729668 
12.87999999998332, -1.1484918172660268 
12.889999999983297, -1.1472811952053763 
12.899999999983274, -1.146944000488672 
12.90999999998325, -1.1468277424219568 
12.919999999983228, -1.1463472820908789 
12.929999999983204, -1.1450071536385595 
12.939999999983181, -1.1422723999936646 
12.949999999983158, -1.137539970338385 
12.959999999983134, -1.130345663753991 
12.969999999983111, -1.1206922437295677 
12.979999999983088, -1.1091054735006312 
12.989999999983064, -1.0962690663579167 
12.999999999983041, -1.0826299789121765 
13.009999999983018, -1.0683004533718476 
13.019999999982995, -1.0531986651032694 
13.029999999982971, -1.037301222756326 
13.039999999982948, -1.0209844631834677 
13.049999999982925, -1.005369804069502 
13.059999999982901, -0.9922734721216024 
13.069999999982878, -0.9833002536698394 
13.079999999982855, -0.978645301508946 
13.089999999982831, -0.9770429030170487 
13.099999999982808, -0.976862156984779 
13.109999999982785, -0.9769380233588519 
13.119999999982761, -0.9766132419682357 
13.129999999982738, -0.9754408661825881 
13.139999999982715, -0.9729240145564884 
13.149999999982692, -0.9684236209332979 
13.159999999982668, -0.96134047655431 
13.169999999982645, -0.9515803238780551 
13.179999999982622, -0.9398750512223943 
13.189999999982598, -0.9274338570475068 
13.199999999982575, -0.9152489500865476 
13.209999999982552, -0.9037823996438652 
13.219999999982528, -0.8930969007787948 
13.229999999982505, -0.8830944273193504 
13.239999999982482, -0.8736847371678191 
13.249999999982458, -0.8648787533913952 
13.259999999982435, -0.8568341457256695 
13.269999999982412, -0.8498489188648899 
13.279999999982389, -0.84427193377685 
13.289999999982365, -0.8403314314773176 
13.299999999982342, -0.8379763997443309 
13.309999999982319, -0.8368635336782813 
13.319999999982295, -0.83650251915546 
13.329999999982272, -0.8364283625594249 
13.339999999982249, -0.8362872531763708 
13.349999999982225, -0.8358397741901069 
13.359999999982202, -0.8349465319424689 
13.369999999982179, -0.8335777824928888 
13.379999999982156, -0.8318289742370231 
13.389999999982132, -0.8298904898420314 
13.399999999982109, -0.8279631184462423 
13.409999999982086, -0.8261779872664899 
13.419999999982062, -0.8245704330030016 
13.429999999982039, -0.8231019774021162 
13.439999999982016, -0.8217038682112582 
13.449999999981992, -0.8203231455567946 
13.459999999981969, -0.8189564998938927 
13.469999999981946, -0.8176610146124231 
13.479999999981922, -0.8165401856889896 
13.4899999999819, -0.81571214284129 
13.499999999981876, -0.8152735063806663 
13.509999999981853, -0.815275907519189 
13.51999999998183, -0.8157245079967425 
13.529999999981806, -0.8165911805838361 
13.539999999981783, -0.8178274410442101 
13.54999999998176, -0.8193716466083514 
13.559999999981736, -0.8211573799583014 
13.569999999981713, -0.8231299254784208 
13.57999999998169, -0.8252670136721172 
13.589999999981666, -0.8275911330207182 
13.599999999981643, -0.8301611655116858 
13.60999999998162, -0.83303817796412 
13.619999999981596, -0.8362273566045714 
13.629999999981573, -0.8396092713539263 
13.63999999998155, -0.842904568413962 
13.649999999981526, -0.8457408514363756 
13.659999999981503, -0.8478184503597312 
13.66999999998148, -0.8490396750352682 
13.679999999981456, -0.84949783889549 
13.689999999981433, -0.8493944320829574 
13.69999999998141, -0.8490052683909353 
13.709999999981386, -0.848738127951292 
13.719999999981363, -0.8492396764260501 
13.72999999998134, -0.8514290831667403 
13.739999999981316, -0.8562938741900219 
13.749999999981293, -0.8644477012282735 
13.75999999998127, -0.8757882472056805 
13.769999999981247, -0.8896102237365907 
13.779999999981223, -0.9050602095315746 
13.7899999999812, -0.921525004410633 
13.799999999981177, -0.9387456371197189 
13.809999999981153, -0.9567096803427351 
13.81999999998113, -0.9754055255457562 
13.829999999981107, -0.9944587480254711 
13.839999999981083, -1.0127659865332954 
13.84999999998106, -1.0285775580746657 
13.859999999981037, -1.040407313659787 
13.869999999981014, -1.047998966183609 
13.87999999998099, -1.0521994973551303 
13.889999999980967, -1.0541287272708555 
13.899999999980944, -1.0546533667484512 
13.90999999998092, -1.0543590196731434 
13.919999999980897, -1.0537892608013406 
13.929999999980874, -1.0537900545181085 
13.93999999998085, -1.055698290046585 
13.949999999980827, -1.0608450994804088 
13.959999999980804, -1.0694427902657186 
13.96999999998078, -1.0802563640910097 
13.979999999980757, -1.0916329661259507 
13.989999999980734, -1.1025006593326079 
13.99999999998071, -1.112495809955439 
14.009999999980687, -1.1216508711841913 
14.019999999980664, -1.1301079111778392 
14.02999999998064, -1.137949199001778 
14.039999999980617, -1.1450986522388882 
14.049999999980594, -1.1512949290618681 
14.05999999998057, -1.1561954706727193 
14.069999999980547, -1.1595910831184928 
14.079999999980524, -1.1615471557954509 
14.0899999999805, -1.162346441801787 
14.099999999980477, -1.1623532958119962 
14.109999999980454, -1.1619622775794576 
14.11999999998043, -1.1616236182813733 
14.129999999980408, -1.1617911943021113 
14.139999999980384, -1.1627076141691755 
14.149999999980361, -1.1642525021899914 
14.159999999980338, -1.1660984728957262 
14.169999999980314, -1.1679770643290976 
14.179999999980291, -1.1697618618872596 
14.189999999980268, -1.171391767808546 
14.199999999980244, -1.1728009992956814 
14.209999999980221, -1.173923863578552 
14.219999999980198, -1.1747290109597748 
14.229999999980175, -1.1752290573869604 
14.239999999980151, -1.1754564598036699 
14.249999999980128, -1.1754273956987007 
14.259999999980105, -1.1751218351473767 
14.269999999980081, -1.1744956911306936 
14.279999999980058, -1.1735181965530799 
14.289999999980035, -1.172209033083838 
14.299999999980011, -1.1706481509942774 
14.309999999979988, -1.1689451698042008 
14.319999999979965, -1.1671879891049648 
14.329999999979941, -1.1654339560982843 
14.339999999979918, -1.1637800132992697 
14.349999999979895, -1.1624249940624842 
14.359999999979872, -1.1615825938266449 
14.369999999979848, -1.16127473470404 
14.379999999979825, -1.1612509601654313 
14.389999999979802, -1.1611261833570172 
14.399999999979778, -1.1605326732608447 
14.409999999979755, -1.1591626662866041 
14.419999999979732, -1.156784451464349 
14.429999999979708, -1.1533060110047613 
14.439999999979685, -1.1488268060651163 
14.449999999979662, -1.1435772395764157 
14.459999999979638, -1.1377753640954809 
14.469999999979615, -1.1315260316020765 
14.479999999979592, -1.1248128136114215 
14.489999999979569, -1.117544425781749 
14.499999999979545, -1.1096264677663736 
14.509999999979522, -1.1010864110292455 
14.519999999979499, -1.0922898801645076 
14.529999999979475, -1.0841384233469586 
14.539999999979452, -1.0778640876512666 
14.549999999979429, -1.0742143452547699 
14.559999999979405, -1.0728200733566404 
14.569999999979382, -1.07260439786017 
14.579999999979359, -1.0725735473339921 
14.589999999979335, -1.0720710462934513 
14.599999999979312, -1.0705799482835578 
14.609999999979289, -1.0674649504566893 
14.619999999979266, -1.0618735617476358 
14.629999999979242, -1.0529763976030757 
14.639999999979219, -1.0405652109156427 
14.649999999979196, -1.02543918572619 
14.659999999979172, -1.0089516948490862 
14.669999999979149, -0.9921938533104487 
14.679999999979126, -0.9756649796636363 
14.689999999979102, -0.9594498977836636 
14.69999999997908, -0.9435291425703515 
14.709999999979056, -0.9280464827835274 
14.719999999979033, -0.9135017607935169 
14.72999999997901, -0.9007828201243022 
14.739999999978986, -0.8908823445888305 
14.749999999978963, -0.8843392602352645 
14.75999999997894, -0.8808520137750889 
14.769999999978916, -0.8794731315433346 
14.779999999978893, -0.8791517389521781 
14.78999999997887, -0.8790974459193464 
14.799999999978846, -0.8788117487159145 
14.809999999978823, -0.8779639560433479 
14.8199999999788, -0.8762907983693694 
14.829999999978776, -0.8736017762813393 
14.839999999978753, -0.869885499937366 
14.84999999997873, -0.8653984783286555 
14.859999999978706, -0.8605829886517924 
14.869999999978683, -0.8558510100219323 
14.87999999997866, -0.8514353311570293 
14.889999999978636, -0.8473914920147323 
14.899999999978613, -0.8436762882922675 
14.90999999997859, -0.8402240499130699 
14.919999999978566, -0.8369936154868916 
14.929999999978543, -0.8339854450126506 
14.93999999997852, -0.8312372684573559 
14.949999999978496, -0.8288112041802955 
14.959999999978473, -0.8267822118833019 
14.96999999997845, -0.8252264737919702 
14.979999999978427, -0.8242004685951452 
14.989999999978403, -0.8237099332932718 
14.99999999997838, -0.8236867181525425 
15.009999999978357, -0.8239958354120158 
15.019999999978333, -0.8244736969473797 
15.02999999997831, -0.8249760049567649 
15.039999999978287, -0.825414344687079 
15.049999999978263, -0.8257728467012937 
15.05999999997824, -0.8261008355083987 
15.069999999978217, -0.8264804486100734 
15.079999999978194, -0.8269800074007858 
15.08999999997817, -0.8276118779557804 
15.099999999978147, -0.8283100729518404 
15.109999999978124, -0.8289408454951491 
15.1199999999781, -0.8293532906585588 
15.129999999978077, -0.8294481393018819 
15.139999999978054, -0.8292222850137787 
15.14999999997803, -0.8287754496709729 
15.159999999978007, -0.8283030438519633 
15.169999999977984, -0.8280896367251221 
15.17999999997796, -0.8284808257809091 
15.189999999977937, -0.8298040587912417 
15.199999999977914, -0.8322577060997896 
15.20999999997789, -0.8358450173133971 
15.219999999977867, -0.8404086598070805 
15.229999999977844, -0.8457338572992118 
15.23999999997782, -0.8516443148564786 
15.249999999977797, -0.8580506598324196 
15.259999999977774, -0.8649581030667634 
15.26999999997775, -0.8724491790230113 
15.279999999977727, -0.8806383943909413 
15.289999999977704, -0.8895742930186892 
15.29999999997768, -0.8990687226104107 
15.309999999977657, -0.9085188920447287 
15.319999999977634, -0.9169566090353334 
15.32999999997761, -0.9234984389858788 
15.339999999977588, -0.9278403207026912 
15.349999999977564, -0.9302648997848335 
15.359999999977541, -0.9312814457792573 
15.369999999977518, -0.9313540511142666 
15.379999999977494, -0.9308787505559539 
15.389999999977471, -0.9303559041482297 
15.399999999977448, -0.9306887338023827 
15.409999999977424, -0.9334179285872768 
15.419999999977401, -0.9404174818490236 
15.429999999977378, -0.9527858488552357 
15.439999999977355, -0.9698677456435403 
15.449999999977331, -0.9896885076928991 
15.459999999977308, -1.010296180508464 
15.469999999977285, -1.0305665808981794 
15.479999999977261, -1.0501430127465992 
15.489999999977238, -1.0690107073953183 
15.499999999977215, -1.0870588224901274 
15.509999999977191, -1.1037449237154728 
15.519999999977168, -1.118050629889359 
15.529999999977145, -1.1289675627633042 
15.539999999977121, -1.1362087165027328 
15.549999999977098, -1.1403453857787869 
15.559999999977075, -1.142299874284336 
15.569999999977052, -1.1428772337384439 
15.579999999977028, -1.142676006937578 
15.589999999977005, -1.1422591039848948 
15.599999999976982, -1.1423575714142937 
15.609999999976958, -1.14378966310776 
15.619999999976935, -1.1469376977855334 
15.629999999976912, -1.1513791696386089 
15.639999999976888, -1.1562799627285125 
15.649999999976865, -1.161005042270095 
15.659999999976842, -1.1652909757541416 
15.669999999976818, -1.1691003633163162 
15.679999999976795, -1.1724708327792097 
15.689999999976772, -1.17545237338035 
15.699999999976749, -1.1780868755053722 
15.709999999976725, -1.180384676856312 
15.719999999976702, -1.1823004554493608 
15.729999999976679, -1.183737459630925 
15.739999999976655, -1.184596167883081 
15.749999999976632, -1.1848407950714752 
15.759999999976609, -1.1845364981329307 
15.769999999976585, -1.1838460128217603 
15.779999999976562, -1.182999981294715 
15.789999999976539, -1.18222828415012 
15.799999999976515, -1.1816596051961477 
15.809999999976492, -1.1812892313299144 
15.819999999976469, -1.1810738597680035 
15.829999999976446, -1.1810301410128925 
15.839999999976422, -1.181198963601894 
15.849999999976399, -1.18152614852342 
15.859999999976376, -1.1818243816094491 
15.869999999976352, -1.1818534176118582 
15.879999999976329, -1.1814119480693095 
15.889999999976306, -1.180384595825275 
15.899999999976282, -1.1787591869932397 
15.90999999997626, -1.1766114331045043 
15.919999999976236, -1.174048795340898 
15.929999999976213, -1.1711472964996401 
15.93999999997619, -1.1679249041525015 
15.949999999976166, -1.1643556863378253 
15.959999999976143, -1.1603973375078092 
15.96999999997612, -1.1560103713745407 
15.979999999976096, -1.151186185522087 
15.989999999976073, -1.1460378994110632 
15.99999999997605, -1.1409588665257924 
16.009999999976028, -1.1366680460569314 
16.019999999976005, -1.1338551869890445 
16.02999999997598, -1.1326020346351005 
16.039999999975958, -1.1323114847231253 
16.049999999975935, -1.1322039593105857 
16.05999999997591, -1.1316578727214546 
16.069999999975888, -1.130149416358755 
16.079999999975865, -1.1270641802690131 
16.08999999997584, -1.1216434608715233 
16.099999999975818, -1.1132316683025798 
16.109999999975795, -1.1017432875660413 
16.11999999997577, -1.0878346081006742 
16.129999999975748, -1.0724603607984549 
16.139999999975725, -1.0563057008011265 
16.1499999999757, -1.0396175484455008 
16.15999999997568, -1.0223814668157014 
16.169999999975655, -1.004628205368116 
16.17999999997563, -0.9867896858377861 
16.18999999997561, -0.9700005564450528 
16.199999999975585, -0.9559941214154272 
16.20999999997556, -0.9462538449304894 
16.21999999997554, -0.9409565569322005 
16.229999999975515, -0.9389110135012256 
16.239999999975492, -0.9385185566465806 
16.24999999997547, -0.9385763712225232 
16.259999999975445, -0.9383882858340311 
16.269999999975422, -0.9375227964324806 
16.2799999999754, -0.9355771410835931 
16.289999999975375, -0.9320850553571457 
16.299999999975352, -0.9266383681631005 
16.30999999997533, -0.9192057303251095 
16.319999999975305, -0.9103472763725179 
16.329999999975282, -0.9009699248566392 
16.33999999997526, -0.8918318487332486 
16.349999999975235, -0.8832990187788651 
16.359999999975212, -0.8754256491667329 
16.36999999997519, -0.8681279675768737 
16.379999999975166, -0.8613102093322157 
16.389999999975142, -0.8549300413205335 
16.39999999997512, -0.8490280436399115 
16.409999999975096, -0.843735890294876 
16.419999999975072, -0.8392557468169013 
16.42999999997505, -0.8357928709047309 
16.439999999975026, -0.8334499456841673 
16.449999999975002, -0.832144225994886 
16.45999999997498, -0.8316162839679155 
16.469999999974956, -0.8315245161731861 
16.479999999974932, -0.8315487653408606 
16.48999999997491, -0.8314460536561521 
16.499999999974886, -0.8310657681133489 
16.509999999974863, -0.8303564206237679 
16.51999999997484, -0.8293695952015765 
16.529999999974816, -0.8282364202278082 
16.539999999974793, -0.8271070427763509 
16.54999999997477, -0.8260859156086815 
16.559999999974746, -0.8251999960518273 
16.569999999974723, -0.824405458406531 
16.5799999999747, -0.8236209940159241 
16.589999999974676, -0.8227743520606896 
16.599999999974653, -0.821844418616757 
16.60999999997463, -0.8208822566457817 
16.619999999974606, -0.82000687426629 
16.629999999974583, -0.8193792384657399 
16.63999999997456, -0.8191591363241427 
16.649999999974536, -0.8194582075942367 
16.659999999974513, -0.8203130581937538 
16.66999999997449, -0.8216926457989411 
16.679999999974466, -0.8235281618415685 
16.689999999974443, -0.8257419524682599 
16.69999999997442, -0.828264891859986 
16.709999999974396, -0.8310479335205191 
16.719999999974373, -0.8340746926154751 
16.72999999997435, -0.8373713706769838 
16.739999999974327, -0.8410019872278964 
16.749999999974303, -0.8450369035086052 
16.75999999997428, -0.8494875088338437 
16.769999999974257, -0.854214561565221 
16.779999999974233, -0.8588641075095189 
16.78999999997421, -0.8629367403308363 
16.799999999974187, -0.8660137441124988 
16.809999999974163, -0.8679528456797474 
16.81999999997414, -0.8688752877455626 
16.829999999974117, -0.8690276613068258 
16.839999999974093, -0.8686998754920033 
16.84999999997407, -0.8682712288012837 
16.859999999974047, -0.8683587964977711 
16.869999999974024, -0.8699623566454312 
16.879999999974, -0.874380812548696 
16.889999999973977, -0.882708778409415 
16.899999999973954, -0.8951759788137693 
16.90999999997393, -0.9109963462141272 
16.919999999973907, -0.9289176008516973 
16.929999999973884, -0.9478965591885631 
16.93999999997386, -0.9673867255054007 
16.949999999973837, -0.9872381833413246 
16.959999999973814, -1.0073982819414995 
16.96999999997379, -1.027513187281285 
16.979999999973767, -1.0465546325032093 
16.989999999973744, -1.0628779925340424 
16.99999999997372, -1.0750723179173103 
17.009999999973697, -1.0829081854083067 
17.019999999973674, -1.0872527874009965 
17.02999999997365, -1.0892591377169827 
17.039999999973627, -1.0898282814312723 
17.049999999973604, -1.0895741235552932 
17.05999999997358, -1.0890605728721323 
17.069999999973557, -1.0891148899570369 
17.079999999973534, -1.0909132136444137 
17.08999999997351, -1.0954065578837895 
17.099999999973488, -1.1024445423551577 
17.109999999973464, -1.1108404277333894 
17.11999999997344, -1.1193469085289636 
17.129999999973418, -1.1272825086910017 
17.139999999973394, -1.1344750073792775 
17.14999999997337, -1.1409915721399886 
17.159999999973348, -1.1469499828522296 
17.169999999973324, -1.1524227553849071 
17.1799999999733, -1.1573803326146872 
17.189999999973278, -1.1616686903619484 
17.199999999973254, -1.165062370859172 
17.20999999997323, -1.1673954582862287 
17.219999999973208, -1.1686719305839757 
17.229999999973185, -1.169063333167367 
17.23999999997316, -1.1688415368949956 
17.249999999973138, -1.1683424359978152 
17.259999999973115, -1.1679465729284932 
17.26999999997309, -1.1679756526724594 
17.279999999973068, -1.1685264003805105 
17.289999999973045, -1.1694522604484476 
17.29999999997302, -1.1705438376340438 
17.309999999972998, -1.1716780713798411 
17.319999999972975, -1.172800041059021 
17.32999999997295, -1.1738365559771238 
17.339999999972928, -1.174673150455082 
17.349999999972905, -1.175201374038908 
17.35999999997288, -1.175367110505066 
17.36999999997286, -1.1751801378631088 
17.379999999972835, -1.1746870160553824 
17.38999999997281, -1.1739287230186786 
17.39999999997279, -1.1729119524103009 
17.409999999972765, -1.1716123359200992 
17.41999999997274, -1.1700044976129598 
17.42999999997272, -1.1680948588121818 
17.439999999972695, -1.1659298778458729 
17.449999999972672, -1.1635720297040886 
17.45999999997265, -1.161078723175643 
17.469999999972625, -1.158543033363641 
17.479999999972602, -1.1561842856912838 
17.48999999997258, -1.1543471384403055 
17.499999999972555, -1.1532867653923804 
17.509999999972532, -1.1529148200204398 
17.51999999997251, -1.1528292773796847 
17.529999999972485, -1.1525536921083592 
17.539999999972462, -1.1516690857390057 
17.54999999997244, -1.1497983643318408 
17.559999999972415, -1.1466075832988833 
17.569999999972392, -1.141915598076109 
17.57999999997237, -1.135817040406323 
17.589999999972346, -1.1286359212521317 
17.599999999972322, -1.1207149294609788 
17.6099999999723, -1.1122421881970985 
17.619999999972276, -1.103223748059936 
17.629999999972252, -1.0935540951821392 
17.63999999997223, -1.0831370372895983 
17.649999999972206, -1.07208040176395 
17.659999999972182, -1.060975873331801 
17.66999999997216, -1.0510584623581911 
17.679999999972136, -1.0437739024690431 
17.689999999972112, -1.039749072082615 
17.69999999997209, -1.0382967613151854 
17.709999999972066, -1.0381118396868045 
17.719999999972043, -1.038124847761765 
17.72999999997202, -1.0376778121410313 
17.739999999971996, -1.0362767917994065 
17.749999999971973, -1.033324936527498 
17.75999999997195, -1.028020620509909 
17.769999999971926, -1.0195797126876056 
17.779999999971903, -1.007812669343371 
17.78999999997188, -0.9935249396253519 
17.799999999971856, -0.978094430208483 
17.809999999971833, -0.9626491978641951 
17.81999999997181, -0.9477143339252196 
17.829999999971786, -0.933375998778988 
17.839999999971763, -0.9195726697637656 
17.84999999997174, -0.9063221106028297 
17.859999999971716, -0.8938713705644231 
17.869999999971693, -0.8827530376681603 
17.87999999997167, -0.8736675786643859 
17.889999999971646, -0.8671546673492052 
17.899999999971623, -0.8632395482465747 
17.9099999999716, -0.8613783506332913 
17.919999999971576, -0.8607560036085798 
17.929999999971553, -0.860632053940755 
17.93999999997153, -0.8604831599098448 
17.949999999971507, -0.8599662768408457 
17.959999999971483, -0.8588422840091541 
17.96999999997146, -0.856956972634596 
17.979999999971437, -0.8542956074377892 
17.989999999971413, -0.8510376215223229 
17.99999999997139, -0.8475050589794877 
18.009999999971367, -0.8440128815626806 
18.019999999971343, -0.8407506920262682 
18.02999999997132, -0.8377688995246972 
18.039999999971297, -0.8350311157950218 
18.049999999971273, -0.8324765162327914 
18.05999999997125, -0.8300660188476483 
18.069999999971227, -0.8278040790874253 
18.079999999971204, -0.8257358908418638 
18.08999999997118, -0.8239284778813749 
18.099999999971157, -0.8224498350501548 
18.109999999971134, -0.8213565136030084 
18.11999999997111, -0.8206881911505082 
18.129999999971087, -0.8204596159708759 
18.139999999971064, -0.8206466742039389 
18.14999999997104, -0.8211776800349252 
18.159999999971017, -0.82194423734094 
18.169999999970994, -0.8228320646267623 
18.17999999997097, -0.8237572439356319 
18.189999999970947, -0.8246912334237996 
18.199999999970924, -0.8256637976074923 
18.2099999999709, -0.8267405321323288 
18.219999999970877, -0.8279814323850438 
18.229999999970854, -0.8293939696084502 
18.23999999997083, -0.8308967133473507 
18.249999999970807, -0.8323172001350307 
18.259999999970784, -0.8334467356070421 
18.26999999997076, -0.8341319988914879 
18.279999999970737, -0.8343377270116441 
18.289999999970714, -0.8341489854175924 
18.29999999997069, -0.8337522049845003 
18.309999999970668, -0.8334389662446446 
18.319999999970644, -0.8336220261072933 
18.32999999997062, -0.834803170565743 
18.339999999970598, -0.8374425521668514 
18.349999999970574, -0.8417771970451107 
18.35999999997055, -0.8477320197961944 
18.369999999970528, -0.8550064589785029 
18.379999999970504, -0.8632571751794277 
18.38999999997048, -0.8722429715730412 
18.399999999970458, -0.8818780942173261 
18.409999999970434, -0.8922142365289693 
18.41999999997041, -0.9033729819214076 
18.429999999970388, -0.9154130842814284 
18.439999999970365, -0.9281029854560477 
18.44999999997034, -0.9406701047758629 
18.459999999970318, -0.9518418320473101 
18.469999999970295, -0.960453064046644 
18.47999999997027, -0.9661415220925177 
18.489999999970248, -0.9693477656416538 
18.499999999970225, -0.9707906720065473 
18.5099999999702, -0.9710820695168932 
18.519999999970178, -0.97068108641531 
18.529999999970155, -0.970079688698935 
18.53999999997013, -0.9701287284159681 
18.549999999970108, -0.9723220173199486 
18.559999999970085, -0.9785217530820475 
18.56999999997006, -0.9897827818941414 
18.57999999997004, -1.005320925981932 
18.589999999970015, -1.0230664787513155 
18.59999999996999, -1.041114010490508 
18.60999999996997, -1.0584656925579128 
18.619999999969945, -1.0748763495477294 
18.62999999996992, -1.090416739765819 
18.6399999999699, -1.1050978016374366 
18.649999999969875, -1.1186116799465453 
18.659999999969852, -1.1302751947217833 
18.66999999996983, -1.1393348337361786 
18.679999999969805, -1.1454870681751643 
18.689999999969782, -1.1490713489108453 
18.69999999996976, -1.1507672861206955 
18.709999999969735, -1.1512329144801963 
18.719999999969712, -1.1510059368745238 
18.72999999996969, -1.1506236944480177 
18.739999999969665, -1.1507514297154713 
18.749999999969642, -1.1520370315000148 
18.75999999996962, -1.1546718789054973 
18.769999999969595, -1.1582233958971835 
18.779999999969572, -1.1620401903409698 
18.78999999996955, -1.1656817738525258 
18.799999999969526, -1.1689802770569968 
18.809999999969502, -1.171906770975737 
18.81999999996948, -1.1744701819817869 
18.829999999969456, -1.1766915314079762 
18.839999999969432, -1.178599568105526 
18.84999999996941, -1.180210797263236 
18.859999999969386, -1.1815021711623097 
18.869999999969362, -1.1824048905359499 
18.87999999996934, -1.1828366780324946 
18.889999999969316, -1.182757161089434 
18.899999999969292, -1.1822090148649556 
18.90999999996927, -1.1813245755395538 
18.919999999969246, -1.180296924226169 
18.929999999969223, -1.1793096035413462 
18.9399999999692, -1.1784561812562189 
18.949999999969176, -1.177741454526355 
18.959999999969153, -1.1771788184387764 
18.96999999996913, -1.1768489237737545 
18.979999999969106, -1.1768160366214597 
18.989999999969083, -1.1769970205994915 
18.99999999996906, -1.1771554589377464 
19.009999999969036, -1.1770110221730308 
19.019999999969013, -1.176330886032791 
19.02999999996899, -1.1749703663385844 
19.039999999968966, -1.1728983267997797 
19.049999999968943, -1.1701953591640966 
19.05999999996892, -1.166996301564536 
19.069999999968896, -1.1634095476641433 
19.079999999968873, -1.1594733870998837 
19.08999999996885, -1.1551633320089403 
19.099999999968826, -1.150421706233486 
19.109999999968803, -1.1451871837695335 
19.11999999996878, -1.139444809356878 
19.129999999968756, -1.133349493873682 
19.139999999968733, -1.1274080395573578 
19.14999999996871, -1.1224889367876227 
19.159999999968687, -1.1193526559884464 
19.169999999968663, -1.1180055806831977 
19.17999999996864, -1.1177198994296824 
19.189999999968617, -1.1176362022681707 
19.199999999968593, -1.1171082952705291 
19.20999999996857, -1.1156046456963933 
19.219999999968547, -1.1124875252798039 
19.229999999968523, -1.106931155154531 
19.2399999999685, -1.0981639532767464 
19.249999999968477, -1.086006450059117 
19.259999999968453, -1.0711554477754959 
19.26999999996843, -1.054738599016026 
19.279999999968407, -1.037626802101538 
19.289999999968384, -1.0201861053807504 
19.29999999996836, -1.002455104325494 
19.309999999968337, -0.984464977679601 
19.319999999968314, -0.9665777787717866 
19.32999999996829, -0.9497589465436732 
19.339999999968267, -0.9355223726252092 
19.349999999968244, -0.9252616337325392 
19.35999999996822, -0.9193130881049875 
19.369999999968197, -0.9167373436579334 
19.379999999968174, -0.9160564618266251 
19.38999999996815, -0.9160447312716874 
19.399999999968127, -0.9159495637546881 
19.409999999968104, -0.9153235094858923 
19.41999999996808, -0.91380760559412 
19.429999999968057, -0.9110272608234775 
19.439999999968034, -0.9066639276271081 
19.44999999996801, -0.9006868468381984 
19.459999999967987, -0.8935251255259089 
19.469999999967964, -0.8859024812424874 
19.47999999996794, -0.8784535074867266 
19.489999999967917, -0.8715053427815725 
19.499999999967894, -0.8651199473019877 
19.50999999996787, -0.8592309532903621 
19.519999999967848, -0.8537513349870846 
19.529999999967824, -0.8486299462621277 
19.5399999999678, -0.8438735046508612 
19.549999999967778, -0.8395515866900338 
19.559999999967754, -0.8357900908572569 
19.56999999996773, -0.8327434022735837 
19.579999999967708, -0.830535009688206 
19.589999999967684, -0.8291839986916438 
19.59999999996766, -0.828566528271215 
19.609999999967638, -0.8284469373877187 
19.619999999967614, -0.8285552386988895 
19.62999999996759, -0.8286574432695346 
19.639999999967568, -0.8285932838215636 
19.649999999967545, -0.8282919307025235 
19.65999999996752, -0.8277757874248056 
19.669999999967498, -0.8271419273273402 
19.679999999967475, -0.8265136319796869 
19.68999999996745, -0.8259828895160304 
19.699999999967428, -0.8255740563848922 
19.709999999967405, -0.8252398598755594 
19.71999999996738, -0.8248868262843212 
19.729999999967358, -0.8244220865186123 
19.739999999967335, -0.8238024049356992 
19.74999999996731, -0.8230631628073217 
19.759999999967288, -0.8223215449974057 
19.769999999967265, -0.821759889553104 
19.77999999996724, -0.8215890618975399 
19.78999999996722, -0.8219920148245297 
19.799999999967195, -0.8230685344285323 
19.80999999996717, -0.8248154977255073 
19.81999999996715, -0.8271537938860304 
19.829999999967125, -0.8299768998887274 
19.8399999999671, -0.8331899554160278 
19.84999999996708, -0.8367302932707249 
19.859999999967055, -0.8405777225780195 
19.869999999967032, -0.8447602093034211 
19.87999999996701, -0.8493485371952015 
19.889999999966985, -0.8544256886413816 
19.899999999966962, -0.8600161874454819 
19.90999999996694, -0.8659746561351944 
19.919999999966915, -0.8718901085359138 
19.929999999966892, -0.8771449299633792 
19.93999999996687, -0.8811933749962677 
19.949999999966845, -0.8838352399192748 
19.959999999966822, -0.8852164654998379 
19.9699999999668, -0.8856384727460244 
19.979999999966775, -0.885422497549422 
19.989999999966752, -0.8849313651030546 
19.99999999996673, -0.8847291586305681 
20.009999999966706, -0.8857968192269636 
20.019999999966682, -0.8895795058050977 
20.02999999996666, -0.8975382863419279 
20.039999999966636, -0.910280840129901 
20.049999999966612, -0.9270879614864876 
20.05999999996659, -0.9464252350177279 
20.069999999966566, -0.966868228750424 
20.079999999966542, -0.9875988195675902 
20.08999999996652, -1.0083429760893163 
20.099999999966496, -1.0290316783664761 
20.109999999966472, -1.0493764919228048 
20.11999999996645, -1.0684886822897617 
20.129999999966426, -1.0848841681628334 
20.139999999966403, -1.0972240430861864 
20.14999999996638, -1.1052357412786247 
20.159999999966356, -1.1097246934824656 
20.169999999966333, -1.1118271607166168 
20.17999999996631, -1.1124580094207075 
20.189999999966286, -1.1122488004325073 
20.199999999966263, -1.1117684149366853 
20.20999999996624, -1.1118096589503534 
20.219999999966216, -1.1134270148374763 
20.229999999966193, -1.1173704119153371 
20.23999999996617, -1.1233729942670156 
20.249999999966146, -1.1303579217006134 
20.259999999966123, -1.1373078575135553 
20.2699999999661, -1.1437142313255952 
20.279999999966076, -1.1494704713444974 
20.289999999966053, -1.1546409769129817 
20.29999999996603, -1.1593215471527882 
20.309999999966006, -1.1635765526054551 
20.319999999965983, -1.1673990875892113 
20.32999999996596, -1.1706884534537045 
20.339999999965936, -1.173278570319848 
20.349999999965913, -1.1750290535456407 
20.35999999996589, -1.175918192658253 
20.369999999965867, -1.1760641361644708 
20.379999999965843, -1.1756898098331012 
20.38999999996582, -1.1750911414827188 
20.399999999965797, -1.174593768501204 
20.409999999965773, -1.174438809975271 
20.41999999996575, -1.1746648345504647 
20.429999999965727, -1.17514823391938 
20.439999999965703, -1.1757649892072872 
20.44999999996568, -1.17646848651616 
20.459999999965657, -1.177224503793037 
20.469999999965633, -1.1779310236926737 
20.47999999996561, -1.1784302682457788 
20.489999999965587, -1.1785795537858492 
20.499999999965564, -1.1783042806849156 
20.50999999996554, -1.1776088712832657 
20.519999999965517, -1.1765507678699676 
20.529999999965494, -1.1751929694706207 
20.53999999996547, -1.1735654117901808 
20.549999999965447, -1.1716592078916466 
20.559999999965424, -1.1694508536817096 
20.5699999999654, -1.1669319799479096 
20.579999999965377, -1.1641185787849535 
20.589999999965354, -1.161039480454861 
20.59999999996533, -1.1577482724709847 
20.609999999965307, -1.1544055705582141 
20.619999999965284, -1.1513742095347956 
20.62999999996526, -1.149134261309688 
20.639999999965237, -1.147938694922747 
20.649999999965214, -1.1475577953670626 
20.65999999996519, -1.147448706868766 
20.669999999965167, -1.1470659764537732 
20.679999999965144, -1.145946827378475 
20.68999999996512, -1.1436346953005552 
20.699999999965097, -1.1396628736460275 
20.709999999965074, -1.1337128796675242 
20.71999999996505, -1.1258376235332348 
20.729999999965028, -1.1164619705404732 
20.739999999965004, -1.1060957842381889 
20.74999999996498, -1.0950537745719782 
20.759999999964958, -1.0833924702915485 
20.769999999964934, -1.0710117921270654 
20.77999999996491, -1.057837409133885 
20.789999999964888, -1.0440881547378078 
20.799999999964864, -1.0306006547282893 
20.80999999996484, -1.01891223207658 
20.819999999964818, -1.0106029870129343 
20.829999999964794, -1.0061386492036815 
20.83999999996477, -1.0045527403404761 
20.849999999964748, -1.004355846595284 
20.859999999964725, -1.004409489981097 
20.8699999999647, -1.004046870422496 
20.879999999964678, -1.0027992173406315 
20.889999999964655, -1.0001285145670367 
20.89999999996463, -0.9953244120092378 
20.909999999964608, -0.9876949813262655 
20.919999999964585, -0.9770803381265486 
20.92999999996456, -0.9642290800075127 
20.939999999964538, -0.9504363827749037 
20.949999999964515, -0.9367821238456016 
20.95999999996449, -0.9237782764161027 
20.969999999964468, -0.9115064550567478 
20.979999999964445, -0.8998806145811227 
20.98999999996442, -0.8888409814939455 
20.9999999999644, -0.8784710895609356 
21.009999999964375, -0.8690547717481852 
21.01999999996435, -0.8610442663245861 
21.02999999996433, -0.8548938953603171 
21.039999999964305, -0.8508040547278337 
21.04999999996428, -0.848560850721344 
21.05999999996426, -0.8476230234567007 
21.069999999964235, -0.847367854259098 
21.079999999964212, -0.8472813768544771 
21.08999999996419, -0.8470042600845537 
21.099999999964165, -0.846297110430506 
21.109999999964142, -0.845016085432533 
21.11999999996412, -0.8431355394607808 
21.129999999964095, -0.8407793983405363 
21.139999999964072, -0.8381870147476327 
21.14999999996405, -0.8356059104000314 
21.159999999964025, -0.8331948634995234 
21.169999999964002, -0.8309997155349285 
21.17999999996398, -0.8289864530905288 
21.189999999963955, -0.8270925969318952 
21.199999999963932, -0.8252735831580885 
21.20999999996391, -0.8235314924304673 
21.219999999963886, -0.8219191972410627 
21.229999999963862, -0.8205220941463539 
21.23999999996384, -0.8194287438243661 
21.249999999963816, -0.8187060261845988 
21.259999999963792, -0.8183894093156082 
21.26999999996377, -0.8184855360066585 
21.279999999963746, -0.8189754375591329 
21.289999999963722, -0.8198129104130777 
21.2999999999637, -0.8209256001809646 
21.309999999963676, -0.8222289953523882 
21.319999999963652, -0.8236526003438815 
21.32999999996363, -0.8251658265627887 
21.339999999963606, -0.8267887182172148 
21.349999999963583, -0.828578671405665 
21.35999999996356, -0.8305938549305749 
21.369999999963536, -0.8328414431856453 
21.379999999963513, -0.8352257895381573 
21.38999999996349, -0.8375297250986857 
21.399999999963466, -0.8394723017177734 
21.409999999963443, -0.8408313063917421 
21.41999999996342, -0.8415356645050143 
21.429999999963396, -0.841663797626062 
21.439999999963373, -0.8413983712371419 
21.44999999996335, -0.8410178585630657 
21.459999999963326, -0.8409424992358909 
21.469999999963303, -0.8417764875606085 
21.47999999996328, -0.8442392857004922 
21.489999999963256, -0.8489270544820886 
21.499999999963233, -0.8560329572718292 
21.50999999996321, -0.8652783253307849 
21.519999999963186, -0.8761256075196064 
21.529999999963163, -0.8880749240190926 
21.53999999996314, -0.9008394200031837 
21.549999999963116, -0.914362563117518 
21.559999999963093, -0.9287281692045803 
21.56999999996307, -0.9439825838187785 
21.579999999963047, -0.9598480855546325 
21.589999999963023, -0.9754061558344123 
21.599999999963, -0.9891288947950996 
21.609999999962977, -0.9996222138135182 
21.619999999962953, -1.00649964811032 
21.62999999996293, -1.010371258801017 
21.639999999962907, -1.0121638596504423 
21.649999999962883, -1.01263506755219 
21.65999999996286, -1.0123159480024362 
21.669999999962837, -1.0117144720501399 
21.679999999962813, -1.0116528226827692 
21.68999999996279, -1.0135345945541965 
21.699999999962767, -1.0190104130210098 
21.709999999962744, -1.0288049104788117 
21.71999999996272, -1.0419211859067206 
21.729999999962697, -1.0564266705946426 
21.739999999962674, -1.070773642471276 
21.74999999996265, -1.0842698116450933 
21.759999999962627, -1.0968223901215697 
21.769999999962604, -1.1085583886965893 
21.77999999996258, -1.1195525261472474 
21.789999999962557, -1.1296556060389444 
21.799999999962534, -1.1384453373869046 
21.80999999996251, -1.145397236701665 
21.819999999962487, -1.1502269655099067 
21.829999999962464, -1.1530830322270134 
21.83999999996244, -1.154408029306461 
21.849999999962417, -1.1546978902570773 
21.859999999962394, -1.1544146261366435 
21.86999999996237, -1.1540555391607181 
21.879999999962347, -1.154197324980586 
21.889999999962324, -1.1553043959768523 
21.8999999999623, -1.1574083687177217 
21.909999999962277, -1.1601116541711143 
21.919999999962254, -1.162948223221618 
21.92999999996223, -1.1656423316655626 
21.939999999962208, -1.1680926359102286 
21.949999999962184, -1.1702623704603492 
21.95999999996216, -1.1721267752436386 
21.969999999962138, -1.1736789675339687 
21.979999999962114, -1.1749365287015263 
21.98999999996209, -1.1759220024370403 
21.999999999962068, -1.176631696503691 
22.009999999962044, -1.177021164841597 
22.01999999996202, -1.1770250169336056 
22.029999999961998, -1.1766026058463372 
22.039999999961974, -1.175779745310566 
22.04999999996195, -1.174661166581679 
22.059999999961928, -1.1734030080739644 
22.069999999961905, -1.1721472100768695 
22.07999999996188, -1.1709648158948176 
22.089999999961858, -1.1698839422574676 
22.099999999961835, -1.1689807036127768 
22.10999999996181, -1.1683945774695315 
22.119999999961788, -1.1681994101022286 
22.129999999961765, -1.1682711794081966 
22.13999999996174, -1.1683221895491809 
22.149999999961718, -1.1680351760485457 
22.159999999961695, -1.1671471462769532 
22.16999999996167, -1.165481278274068 
22.179999999961648, -1.1629822385012167 
22.189999999961625, -1.1597326022849008 
22.1999999999616, -1.1558974211337854 
22.20999999996158, -1.1516241881520295 
22.219999999961555, -1.146978321387468 
22.22999999996153, -1.1419425212642458 
22.23999999996151, -1.1364499344248495 
22.249999999961485, -1.1304251098469256 
22.25999999996146, -1.1238525253927925 
22.26999999996144, -1.1169222548519393 
22.279999999961415, -1.1102234355013292 
22.289999999961392, -1.1047264047878422 
22.29999999996137, -1.1012432149194775 
22.309999999961345, -1.0997443532852302 
22.319999999961322, -1.0994251789400777 
22.3299999999613, -1.0993685340200887 
22.339999999961275, -1.0989065339027781 
22.349999999961252, -1.0975142641608773 
22.35999999996123, -1.0945764521288923 
22.369999999961205, -1.0892846105670198 
22.379999999961182, -1.08084825282361 
22.38999999996116, -1.0690317899816926 
22.399999999961135, -1.0545044756864281 
22.409999999961112, -1.0384471284615775 
22.41999999996109, -1.0218260464448172 
22.429999999961066, -1.0050841356870617 
22.439999999961042, -0.9882919465129992 
22.44999999996102, -0.971448369616709 
22.459999999960996, -0.9547792810896137 
22.469999999960972, -0.9389820900063232 
22.47999999996095, -0.9252544246960349 
22.489999999960926, -0.9148624320508109 
22.499999999960902, -0.9083643320785304 
22.50999999996088, -0.9052072259313805 
22.519999999960856, -0.9041541693560389 
22.529999999960832, -0.9040092461532334 
22.53999999996081, -0.903963625464284 
22.549999999960786, -0.9035326220788915 
22.559999999960763, -0.9023708340160923 
22.56999999996074, -0.9001566233846292 
22.579999999960716, -0.8966213903528125 
22.589999999960693, -0.8917182471966884 
22.59999999996067, -0.8857694018184347 
22.609999999960646, -0.8793631543935374 
22.619999999960623, -0.8730501884885443 
22.6299999999606, -0.8671384279981161 
22.639999999960576, -0.8617028524192734 
22.649999999960553, -0.8566942730190151 
22.65999999996053, -0.8520358671696334 
22.669999999960506, -0.8476774484788068 
22.679999999960483, -0.8436157722774693 
22.68999999996046, -0.8398964220154349 
22.699999999960436, -0.8366085672662142 
22.709999999960413, -0.8338715134060463 
22.71999999996039, -0.831801674935757 
22.729999999960366, -0.8304580804659378 
22.739999999960343, -0.829792991416347 
22.74999999996032, -0.8296470033404789 
22.759999999960296, -0.8297970214616932 
22.769999999960273, -0.8300232118580608 
22.77999999996025, -0.8301590058103059 
22.789999999960227, -0.8301170102770599 
22.799999999960203, -0.8298972347926862 
22.80999999996018, -0.829573730873209 
22.819999999960157, -0.8292538802558591 
22.829999999960133, -0.8290247978747084 
22.83999999996011, -0.8289131439234481 
22.849999999960087, -0.8288728652954868 
22.859999999960063, -0.8288036913132169 
22.86999999996004, -0.8285969378023147 
22.879999999960017, -0.8281897942105927 
22.889999999959993, -0.8276007493673724 
22.89999999995997, -0.8269372392357583 
22.909999999959947, -0.8263848877770116 
22.919999999959924, -0.8261797089614428 
22.9299999999599, -0.8265542624450047 
22.939999999959877, -0.827667279864895 
22.949999999959854, -0.829556942794493 
22.95999999995983, -0.8321515564617263 
22.969999999959807, -0.8353249085140669 
22.979999999959784, -0.8389541682326429 
22.98999999995976, -0.8429542519563625 
22.999999999959737, -0.8472914077415673 
23.009999999959714, -0.8519868568414746 
23.01999999995969, -0.8571103976471341 
23.029999999959667, -0.8627511913708512 
23.039999999959644, -0.8689476590022176 
23.04999999995962, -0.8755690313140038 
23.059999999959597, -0.8821983652852323 
23.069999999959574, -0.8881668832672874 
23.07999999995955, -0.8928441123213032 
23.089999999959527, -0.8959673691169678 
23.099999999959504, -0.89767703135438 
23.10999999995948, -0.8983043668399168 
23.119999999959457, -0.898196491531839 
23.129999999959434, -0.8977124054385716 
23.13999999995941, -0.8973737051094286 
23.149999999959388, -0.8980974408552905 
23.159999999959364, -0.9013056844498152 
23.16999999995934, -0.9085496268996458 
23.179999999959318, -0.9206084155543961 
23.189999999959294, -0.9368675904557368 
23.19999999995927, -0.9557516176949589 
23.209999999959248, -0.9757200388418747 
23.219999999959224, -0.9958581069479949 
23.2299999999592, -1.015849211532595 
23.239999999959178, -1.0356413877289166 
23.249999999959154, -1.0550391837344004 
23.25999999995913, -1.0733327815490399 
23.269999999959108, -1.0892304648239972 
23.279999999959085, -1.1014413641552265 
23.28999999995906, -1.1095545111035396 
23.299999999959038, -1.1142039030752953 
23.309999999959015, -1.1164406864146958 
23.31999999995899, -1.1171660884771695 
23.329999999958968, -1.1170170884969017 
23.339999999958945, -1.116551832895151 
23.34999999995892, -1.1165173237656718 
23.359999999958898, -1.1178988917642447 
23.369999999958875, -1.1214160544476763 
23.37999999995885, -1.1268592958140382 
23.389999999958828, -1.133251384151672 
23.399999999958805, -1.1396437439767149 
23.40999999995878, -1.1455496923794628 
23.41999999995876, -1.1508574132456648 
23.429999999958735, -1.1556173694948613 
23.43999999995871, -1.159913799851433 
23.44999999995869, -1.1638093494603934 
23.459999999958665, -1.1673091587293483 
23.46999999995864, -1.1703350989883878 
23.47999999995862, -1.1727407975177226 
23.489999999958595, -1.1743863891401047 
23.499999999958572, -1.1752289369176938 
23.50999999995855, -1.1753572674328432 
23.519999999958525, -1.1749689165644261 
23.529999999958502, -1.1743390823211688 
23.53999999995848, -1.1737762220070922 
23.549999999958455, -1.1735146278919046 
23.559999999958432, -1.1736028529412603 
23.56999999995841, -1.1739373354373581 
23.579999999958385, -1.1744126851796393 
23.589999999958362, -1.174995532047074 
23.59999999995834, -1.1756587039388593 
23.609999999958315, -1.176298611296352 
23.619999999958292, -1.1767473347097899 
23.62999999995827, -1.1768473449083694 
23.639999999958246, -1.1765090094322663 
23.649999999958222, -1.1757264462309789 
23.6599999999582, -1.174556089232907 
23.669999999958176, -1.173069176615453 
23.679999999958152, -1.1713074089133948 
23.68999999995813, -1.169270189679813 
23.699999999958106, -1.166934810050098 
23.709999999958082, -1.1642866009929254 
23.71999999995806, -1.1613321473776592 
23.729999999958036, -1.1580923804189351 
23.739999999958012, -1.1546162614203401 
23.74999999995799, -1.151063306283139 
23.759999999957966, -1.14780507000163 
23.769999999957943, -1.1453515780206067 
23.77999999995792, -1.143999984656685 
23.789999999957896, -1.143545074170302 
23.799999999957873, -1.1434335211612965 
23.80999999995785, -1.1430977280385275 
23.819999999957826, -1.142062095873099 
23.829999999957803, -1.139861815874216 
23.83999999995778, -1.1360049347384689 
23.849999999957756, -1.1301161176381325 
23.859999999957733, -1.1221851894877348 
23.86999999995771, -1.1126215306234875 
23.879999999957686, -1.1019800930816863 
23.889999999957663, -1.0906405370492807 
23.89999999995764, -1.0787068172836998 
23.909999999957616, -1.0660987722036237 
23.919999999957593, -1.0527331509554956 
23.92999999995757, -1.0387820566082384 
23.939999999957546, -1.0249934872908 
23.949999999957523, -1.0128233081327165 
23.9599999999575, -1.0038905818683768 
23.969999999957476, -0.9988468434441973 
23.979999999957453, -0.9968910702140091 
23.98999999995743, -0.996549346539501 
23.999999999957407, -0.9966123841524078 
24.009999999957383, -0.9963582273663633 
24.01999999995736, -0.9953139762177268 
24.029999999957337, -0.9929829715363612 
24.039999999957313, -0.9887169861795645 
24.04999999995729, -0.9818514597865153 
24.059999999957267, -0.9721554817156598 
24.069999999957243, -0.9602330448907246 
24.07999999995722, -0.9472788660269098 
24.089999999957197, -0.9343690669008335 
24.099999999957173, -0.9220576575892083 
24.10999999995715, -0.9104605063298321 
24.119999999957127, -0.8995002325455526 
24.129999999957104, -0.8890974603454648 
24.13999999995708, -0.8792864978179873 
24.149999999957057, -0.8702779239309217 
24.159999999957034, -0.8624540103129398 
24.16999999995701, -0.8562519485166751 
24.179999999956987, -0.8519415185152989 
24.189999999956964, -0.8494343417627066 
24.19999999995694, -0.8482952509834438 
24.209999999956917, -0.8479437286147309 
24.219999999956894, -0.8478589753137301 
24.22999999995687, -0.8476607444692134 
24.239999999956847, -0.8470932321190678 
24.249999999956824, -0.8459987263933278 
24.2599999999568, -0.8443304972602965 
24.269999999956777, -0.8421829359809954 
24.279999999956754, -0.8397706414450361 
24.28999999995673, -0.8373340807108688 
24.299999999956707, -0.8350405047398795 
24.309999999956684, -0.8329484705055826 
24.31999999995666, -0.8310322653651154 
24.329999999956637, -0.829230284401296 
24.339999999956614, -0.8274926373932183 
24.34999999995659, -0.8258138433586343 
24.359999999956568, -0.8242417063779468 
24.369999999956544, -0.822862229736842 
24.37999999995652, -0.8217701018505158 
24.389999999956498, -0.8210402905129446 
24.399999999956474, -0.8207141890884732 
24.40999999995645, -0.8208012949619713 
24.419999999956428, -0.821285092405937 
24.429999999956404, -0.822123959276583 
24.43999999995638, -0.8232512675561111 
24.449999999956358, -0.8245856864873182 
24.459999999956334, -0.8260545817061551 
24.46999999995631, -0.8276204458422507 
24.479999999956288, -0.8292951447640634 
24.489999999956265, -0.8311312379998805 
24.49999999995624, -0.8331890021162176 
24.509999999956218, -0.8354859122156901 
24.519999999956195, -0.8379421713420964 
24.52999999995617, -0.8403530040981254 
24.539999999956148, -0.8424340800244234 
24.549999999956125, -0.8439418181093167 
24.5599999999561, -0.8447792265086959 
24.569999999956078, -0.8450069301976886 
24.579999999956055, -0.8447961491365064 
24.58999999995603, -0.8444101402410101 
24.599999999956008, -0.8442446032865906 
24.609999999955985, -0.844879022738642 
24.61999999995596, -0.8470331637759326 
24.62999999995594, -0.8513488675997923 
24.639999999955915, -0.858093687744665 
24.64999999995589, -0.8670443560042116 
24.65999999995587, -0.8776695425495881 
24.669999999955845, -0.8894368832066297 
24.67999999995582, -0.902015663984368 
24.6899999999558, -0.9153137084986174 
24.699999999955775, -0.9293988730460889 
24.709999999955752, -0.94433620010061 
24.71999999995573, -0.9599229091547953 
24.729999999955705, -0.9753692195492784 
24.739999999955682, -0.9892456018258926 
24.74999999995566, -1.0001068210110629 
24.759999999955635, -1.0073980841654948 
24.769999999955612, -1.011602647955147 
24.77999999995559, -1.0136220205953326 
24.789999999955565, -1.0142388994007785 
24.799999999955542, -1.0140051602613658 
24.80999999995552, -1.0134144236231626 
24.819999999955495, -1.0132212593112166 
24.829999999955472, -1.0147284194889716 
24.83999999995545, -1.0195565178398065 
24.849999999955426, -1.0285705385712707 
24.859999999955402, -1.0409858166254513 
24.86999999995538, -1.0549672743074798 
24.879999999955356, -1.0689337783496922 
24.889999999955332, -1.0821242565275555 
24.89999999995531, -1.094400167913622 
24.909999999955286, -1.1058760729641794 
24.919999999955262, -1.1166454599380136 
24.92999999995524, -1.1266043357878395 
24.939999999955216, -1.135379522412837 
24.949999999955192, -1.1424544555963447 
24.95999999995517, -1.1474890591407618 
24.969999999955146, -1.1505538792093382 
24.979999999955123, -1.1520446259919384 
24.9899999999551, -1.1524453444090046 
24.999999999955076, -1.152213474546953 
