t, s[1].omega / s[0].omega 
0, -2.399965261431963 
0.009999999999999995, -2.3946267492901665 
0.019999999999999934, -2.382218921224514 
0.029999999999999874, -2.3465932130495606 
0.04000000000000012, -2.21304093087952 
0.050000000000000405, -1.9335663443528806 
0.06000000000000069, -1.9135481960040075 
0.07000000000000098, -1.9478610916690724 
0.08000000000000126, -1.9584219695042318 
0.09000000000000155, -1.9608582332270452 
0.10000000000000184, -1.9603960452816094 
0.11000000000000212, -1.9586942999701822 
0.12000000000000241, -1.9591386464467064 
0.130000000000002, -1.9652767234432538 
0.1400000000000009, -1.9728080395543919 
0.1499999999999998, -1.9777910837503296 
0.1599999999999987, -1.9805290366425594 
0.1699999999999976, -1.981900370947526 
0.1799999999999965, -1.9821930634702025 
0.1899999999999954, -1.981304341043895 
0.1999999999999943, -1.9788917635469858 
0.2099999999999932, -1.9742719151293333 
0.2199999999999921, -1.966012068321629 
0.229999999999991, -1.9506500795155137 
0.2399999999999899, -1.9186304827151233 
0.2499999999999888, -1.844142983397132 
0.2599999999999877, -1.7033322407980935 
0.2699999999999866, -1.6099255452026136 
0.2799999999999855, -1.6121304014676678 
0.2899999999999844, -1.624676810636267 
0.2999999999999833, -1.6301235527940423 
0.3099999999999822, -1.6315062152368487 
0.3199999999999811, -1.6304493217768996 
0.32999999999998, -1.6267696156239135 
0.3399999999999789, -1.6207992266455584 
0.3499999999999778, -1.6245089413572038 
0.35999999999997667, -1.6624037995790915 
0.36999999999997557, -1.7139219999113162 
0.37999999999997447, -1.7483364724501471 
0.38999999999997337, -1.767292983572298 
0.39999999999997227, -1.778012038998407 
0.40999999999997117, -1.7844281041142085 
0.41999999999997006, -1.7883072545207672 
0.42999999999996896, -1.7904591710198754 
0.43999999999996786, -1.7912918200543797 
0.44999999999996676, -1.7910378470253072 
0.45999999999996566, -1.7898406288409834 
0.46999999999996456, -1.7877485012891317 
0.47999999999996346, -1.784583231695756 
0.48999999999996235, -1.7798605642056629 
0.49999999999996125, -1.7735218882368304 
0.5099999999999602, -1.767749885403473 
0.519999999999959, -1.7656000550111588 
0.529999999999958, -1.7659689965241516 
0.5399999999999568, -1.766104616500591 
0.5499999999999557, -1.7644296601415426 
0.5599999999999546, -1.7581263893044963 
0.5699999999999535, -1.7348103264963286 
0.5799999999999524, -1.6250430514154126 
0.5899999999999513, -1.020992715865597 
0.5999999999999502, 1.6324960441040783 
0.6099999999999491, 2.038901278649229 
0.619999999999948, 2.056528733192701 
0.6299999999999469, 2.0585282171001045 
0.6399999999999458, 2.056496454553199 
0.6499999999999447, 2.043073506764556 
0.6599999999999436, 1.8525607950537875 
0.6699999999999425, 0.824737233280346 
0.6799999999999414, 1.0891532143249294 
0.6899999999999403, 1.1521647381729256 
0.6999999999999392, 1.1650924130289106 
0.7099999999999381, 1.1684524573219917 
0.719999999999937, 1.1689230033670701 
0.7299999999999359, 1.1680057828303987 
0.7399999999999348, 1.1663796529396087 
0.7499999999999337, 1.1660324667057698 
0.7599999999999326, 1.172213566505616 
0.7699999999999315, 1.186778278258616 
0.7799999999999304, 1.2006286739818774 
0.7899999999999293, 1.2083862380462056 
0.7999999999999282, 1.211672029315404 
0.8099999999999271, 1.212453946132833 
0.819999999999926, 1.2112361108363552 
0.8299999999999249, 1.206138533097574 
0.8399999999999238, 1.1839385618938818 
0.8499999999999227, 0.9750781231459904 
0.8599999999999216, -1.8257525099944485 
0.8699999999999205, -2.6464529861649457 
0.8799999999999194, -2.696614796942486 
0.8899999999999183, -2.7038051743319493 
0.8999999999999172, -2.704708508013568 
0.9099999999999161, -2.7040853557062494 
0.919999999999915, -2.702949802161203 
0.9299999999999139, -2.7006600934949376 
0.9399999999999128, -2.6978542059897768 
0.9499999999999117, -2.6973727194501746 
0.9599999999999106, -2.6972099755825045 
0.9699999999999095, -2.693767341733933 
0.9799999999999084, -2.677504041657645 
0.9899999999999073, -2.6712755431867126 
0.9999999999999062, -2.7680660934576236 
1.0099999999999052, -2.8035053774160907 
1.019999999999904, -2.812356147057823 
1.029999999999903, -2.814912193494347 
1.039999999999902, -2.8149207349388474 
1.0499999999999008, -2.8126415453530917 
1.0599999999998997, -2.8059903535721897 
1.0699999999998986, -2.784032771225202 
1.0799999999998975, -2.663044521551154 
1.0899999999998964, -2.062874096485474 
1.0999999999998953, -2.000110981379129 
1.1099999999998942, -2.074646332675405 
1.119999999999893, -2.0914325748028473 
1.129999999999892, -2.0949897395383585 
1.1399999999998909, -2.0950166737458966 
1.1499999999998898, -2.0940081761406955 
1.1599999999998887, -2.0946434067329367 
1.1699999999998876, -2.0980005150991583 
1.1799999999998865, -2.1012540947944727 
1.1899999999998854, -2.1030922098970426 
1.1999999999998843, -2.103960292408683 
1.2099999999998832, -2.104052252150683 
1.219999999999882, -2.1029316823815885 
1.229999999999881, -2.0995397734768804 
1.2399999999998799, -2.091433353734635 
1.2499999999998788, -2.0724640894557256 
1.2599999999998777, -2.024769390708639 
1.2699999999998766, -1.8841105287842725 
1.2799999999998755, -1.4259252097251354 
1.2899999999998744, -0.6446679016919346 
1.2999999999998733, -0.24540005406090412 
1.3099999999998722, -0.11743432153664571 
1.319999999999871, -0.07183658101003922 
1.32999999999987, -0.052678569657727124 
1.3399999999998689, -0.04356526263387833 
1.3499999999998678, -0.038884265829713854 
1.3599999999998666, -0.03643698626167634 
1.3699999999998655, -0.03528769937004962 
1.3799999999998644, -0.03504773939017279 
1.3899999999998633, -0.035623601154178695 
1.3999999999998622, -0.037151893131677646 
1.4099999999998611, -0.04005367104294548 
1.41999999999986, -0.045247858221643386 
1.429999999999859, -0.05472025218228688 
1.4399999999998578, -0.07308826546882877 
1.4499999999998567, -0.11233602715859178 
1.4599999999998556, -0.2072415387076893 
1.4699999999998545, -0.45614866126924325 
1.4799999999998534, -0.9644252609926589 
1.4899999999998523, -1.4109718734865617 
1.4999999999998512, -1.582238639295348 
1.5099999999998501, -1.6328031822192401 
1.519999999999849, -1.6482519868962946 
1.529999999999848, -1.6531650787902805 
1.5399999999998468, -1.6544244881747727 
1.5499999999998457, -1.6542432845730057 
1.5599999999998446, -1.65382821108576 
1.5699999999998435, -1.6543062623062457 
1.5799999999998424, -1.6559418695046968 
1.5899999999998413, -1.6578476916959584 
1.5999999999998402, -1.6593182260979091 
1.6099999999998391, -1.6603212455997665 
1.619999999999838, -1.6609530938480908 
1.629999999999837, -1.661071830550254 
1.6399999999998358, -1.660362085808187 
1.6499999999998347, -1.658433273900195 
1.6599999999998336, -1.654813847644246 
1.6699999999998325, -1.6489173060178692 
1.6799999999998314, -1.639915426412486 
1.6899999999998303, -1.6263410391333846 
1.6999999999998292, -1.6051971138454184 
1.709999999999828, -1.5704425683704353 
1.719999999999827, -1.5130835769293252 
1.729999999999826, -1.4357658687591275 
1.7399999999998248, -1.377676023383464 
1.7499999999998237, -1.362826437209482 
1.7599999999998226, -1.3663606638591155 
1.7699999999998215, -1.3705430365061435 
1.7799999999998204, -1.3724269136925957 
1.7899999999998193, -1.372278084768141 
1.7999999999998182, -1.369759374893132 
1.809999999999817, -1.36241703824231 
1.819999999999816, -1.341531286492493 
1.8299999999998149, -1.278485479432298 
1.8399999999998138, -1.117250564453499 
1.8499999999998127, -1.2562692955660544 
1.8599999999998116, -4.130493669616708 
1.8699999999998105, -4.230980250553048 
1.8799999999998094, -4.236653017703425 
1.8899999999998083, -4.235877171754699 
1.8999999999998072, -4.22818313719115 
1.909999999999806, -4.105511390747659 
1.919999999999805, -1.081487926614646 
1.9299999999998039, -0.7280285913735565 
1.9399999999998028, -0.7442065523575738 
1.9499999999998017, -0.7702069076357383 
1.9599999999998006, -0.7860373774951739 
1.9699999999997995, -0.7945107702275616 
1.9799999999997984, -0.7988283655922149 
1.9899999999997973, -0.8007810406937546 
1.9999999999997962, -0.8011666389906805 
2.0099999999998173, -0.8001213305289063 
2.0199999999998384, -0.7971506196643976 
2.0299999999998595, -0.7908349987738508 
2.0399999999998806, -0.7782367125924499 
2.0499999999999017, -0.7547106806917626 
2.059999999999923, -0.7166218323057664 
2.069999999999944, -0.6677809183126115 
2.079999999999965, -0.6196399879616237 
2.089999999999986, -0.5809184410811447 
2.100000000000007, -0.5528748558757728 
2.1100000000000283, -0.5331348581800073 
2.1200000000000494, -0.519093530362557 
2.1300000000000705, -0.5088697743893263 
2.1400000000000916, -0.5012552273713016 
2.1500000000001127, -0.4954982918297032 
2.160000000000134, -0.49113400362611276 
2.170000000000155, -0.48787376790060194 
2.180000000000176, -0.4855364246354791 
2.190000000000197, -0.48400549203240334 
2.2000000000002182, -0.48320353649381637 
2.2100000000002393, -0.48307848882666243 
2.2200000000002604, -0.4835989920325335 
2.2300000000002815, -0.4847573595701771 
2.2400000000003026, -0.486579888695606 
2.2500000000003237, -0.48914532339418626 
2.260000000000345, -0.4926133762727722 
2.270000000000366, -0.4972669179145471 
2.280000000000387, -0.5035743288472843 
2.290000000000408, -0.512279169972309 
2.3000000000004293, -0.5245017007099495 
2.3100000000004504, -0.5417244537857944 
2.3200000000004715, -0.5652315247212928 
2.3300000000004926, -0.5943761528060135 
2.3400000000005137, -0.6246670725762671 
2.3500000000005348, -0.6496937434831038 
2.360000000000556, -0.6663388303605791 
2.370000000000577, -0.6758138441121982 
2.380000000000598, -0.6806629279152432 
2.390000000000619, -0.6827946567408646 
2.4000000000006403, -0.6832153821962796 
2.4100000000006614, -0.6822445223071838 
2.4200000000006825, -0.6796008019342565 
2.4300000000007036, -0.6741220985074328 
2.4400000000007247, -0.6625975540143814 
2.450000000000746, -0.635485678987725 
2.460000000000767, -0.5584359089960217 
2.470000000000788, -0.2901048434921053 
2.480000000000809, 0.33262200637606065 
2.49000000000083, 0.6515205874591236 
2.5000000000008513, 0.7183775925798912 
2.5100000000008724, 0.735087615703738 
2.5200000000008935, 0.7403166324036878 
2.5300000000009146, 0.7418089528465875 
2.5400000000009357, 0.7414317274744304 
2.550000000000957, 0.7394354864736963 
2.560000000000978, 0.7353717201212769 
2.570000000000999, 0.7285785639870326 
2.58000000000102, 0.7191958254275838 
2.5900000000010412, 0.7092890743623544 
2.6000000000010624, 0.7017139075358247 
2.6100000000010835, 0.6974624602604869 
2.6200000000011046, 0.695611381776093 
2.6300000000011257, 0.6949307667472223 
2.6400000000011468, 0.6945964985776729 
2.650000000001168, 0.6940975402421492 
2.660000000001189, 0.6929502803403099 
2.67000000000121, 0.6902673137090365 
2.680000000001231, 0.683532318396618 
2.6900000000012523, 0.6628527932820731 
2.7000000000012734, 0.5673097242366045 
2.7100000000012945, -0.28078051603656384 
2.7200000000013156, -2.3203296590522435 
2.7300000000013367, -2.626592804114563 
2.740000000001358, -2.6698118746190995 
2.750000000001379, -2.6796355765151736 
2.7600000000014, -2.681910319658512 
2.770000000001421, -2.681602912069285 
2.780000000001442, -2.679811139014606 
2.7900000000014633, -2.67574512190623 
2.8000000000014844, -2.6671637953018092 
2.8100000000015055, -2.66002977978049 
2.8200000000015266, -2.6615988483206103 
2.8300000000015477, -2.662611484274116 
2.840000000001569, -2.6604857001827122 
2.85000000000159, -2.6553970244919958 
2.860000000001611, -2.6627443403629893 
2.870000000001632, -2.6784927693174194 
2.8800000000016532, -2.6854261548316516 
2.8900000000016743, -2.687736604353597 
2.9000000000016954, -2.68804059636501 
2.9100000000017165, -2.6863703115848017 
2.9200000000017377, -2.680764213456848 
2.9300000000017588, -2.6630111853059346 
2.94000000000178, -2.585821944253664 
2.950000000001801, -1.9424018549256623 
2.960000000001822, 0.11525486952605271 
2.970000000001843, 0.5383566106224271 
2.9800000000018643, 0.6011200269781176 
2.9900000000018854, 0.6172160898480635 
3.0000000000019065, 0.6226796051363089 
3.0100000000019276, 0.6246089834924462 
3.0200000000019487, 0.6249558842904683 
3.03000000000197, 0.6243295226102401 
3.040000000001991, 0.6228892754369001 
3.050000000002012, 0.620780944194277 
3.060000000002033, 0.619258660333559 
3.070000000002054, 0.6248621470995828 
3.0800000000020753, 0.6547811557792765 
3.0900000000020964, 0.7101366361440284 
3.1000000000021175, 0.7534981139787466 
3.1100000000021386, 0.7738210816919965 
3.1200000000021597, 0.7819340649716098 
3.130000000002181, 0.7849020388805206 
3.140000000002202, 0.7853586690992075 
3.150000000002223, 0.7838015327228155 
3.160000000002244, 0.7790374362239485 
3.1700000000022652, 0.7663593532173902 
3.1800000000022863, 0.7310552856198055 
3.1900000000023074, 0.6466552789767597 
3.2000000000023285, 0.5483162032667801 
3.2100000000023496, 0.5120773910493879 
3.2200000000023707, 0.510014978016197 
3.230000000002392, 0.5133091553813078 
3.240000000002413, 0.5158645893551465 
3.250000000002434, 0.5172442235504819 
3.260000000002455, 0.5176559760948829 
3.2700000000024763, 0.5171345848681675 
3.2800000000024974, 0.515337671403914 
3.2900000000025185, 0.5111039218277605 
3.3000000000025396, 0.5007585135424933 
3.3100000000025607, 0.4700049228844557 
3.3200000000025818, 0.33742004449176044 
3.330000000002603, -0.5483260848414747 
3.340000000002624, -2.160148089057028 
3.350000000002645, -2.46227822628769 
3.360000000002666, -2.5149761628524283 
3.3700000000026873, -2.52892286676716 
3.3800000000027084, -2.533067578879211 
3.3900000000027295, -2.5337528894798185 
3.4000000000027506, -2.5327317769217648 
3.4100000000027717, -2.530203951578741 
3.420000000002793, -2.52474812534991 
3.430000000002814, -2.514935330415029 
3.440000000002835, -2.5093970711448597 
3.450000000002856, -2.5113056652766756 
3.460000000002877, -2.5120464711236368 
3.4700000000028983, -2.50968843773522 
3.4800000000029194, -2.503589069737081 
3.4900000000029405, -2.5098982686402453 
3.5000000000029616, -2.5320139353863405 
3.5100000000029827, -2.5433912974149964 
3.520000000003004, -2.5475511977690344 
3.530000000003025, -2.5488980272062163 
3.540000000003046, -2.5484875631611152 
3.550000000003067, -2.545916643806528 
3.5600000000030882, -2.5390999000639094 
3.5700000000031094, -2.520303418726294 
3.5800000000031305, -2.4498132841353177 
3.5900000000031516, -2.0213298979392826 
3.6000000000031727, -0.8365638542408007 
3.6100000000031938, -0.3714845679071786 
3.620000000003215, -0.25362724796756014 
3.630000000003236, -0.21621436686358023 
3.640000000003257, -0.20205590224436643 
3.650000000003278, -0.19605471943438085 
3.6600000000032993, -0.19333700537436932 
3.6700000000033204, -0.19208001934611676 
3.6800000000033415, -0.1915280281866944 
3.6900000000033626, -0.19135115901795796 
3.7000000000033837, -0.1914161056396616 
3.710000000003405, -0.1917026949546178 
3.720000000003426, -0.1922792305951378 
3.730000000003447, -0.19330556330399043 
3.740000000003468, -0.19505791982418882 
3.750000000003489, -0.19799118877748817 
3.7600000000035103, -0.20287812112540035 
3.7700000000035314, -0.21108349623624306 
3.7800000000035525, -0.22498800535359043 
3.7900000000035736, -0.24818116725757405 
3.8000000000035947, -0.2836862171560891 
3.810000000003616, -0.32817724221206335 
3.820000000003637, -0.36951159131687783 
3.830000000003658, -0.3980382603017988 
3.840000000003679, -0.41419235407955624 
3.8500000000037002, -0.4225354096896895 
3.8600000000037213, -0.42662101964110677 
3.8700000000037424, -0.4283435911462171 
3.8800000000037635, -0.42852649245250696 
3.8900000000037847, -0.4273554021142937 
3.9000000000038058, -0.42453468321082316 
3.910000000003827, -0.4192865868980126 
3.920000000003848, -0.4104290771311769 
3.930000000003869, -0.39701508228765076 
3.94000000000389, -0.37976018173836695 
3.9500000000039113, -0.3616882667549158 
3.9600000000039324, -0.34614419895737664 
3.9700000000039535, -0.33453765187361173 
3.9800000000039746, -0.3264989153935532 
3.9900000000039957, -0.3210794800574455 
4.000000000004016, -0.31743219910367615 
4.010000000003993, -0.3149528912868001 
4.02000000000397, -0.31323302468862235 
4.030000000003946, -0.3119978867211772 
4.040000000003923, -0.31107155922665747 
4.0500000000039, -0.3103631162276898 
4.0600000000038765, -0.3098640437237052 
4.070000000003853, -0.3096585310335408 
4.08000000000383, -0.30996230204321173 
4.090000000003807, -0.311224051949028 
4.100000000003783, -0.3143672357912143 
4.11000000000376, -0.3213733308635914 
4.120000000003737, -0.3367704831450725 
4.130000000003713, -0.37168226493238893 
4.14000000000369, -0.4549247672703488 
4.150000000003667, -0.6546736218429854 
4.1600000000036434, -1.0372649951042594 
4.17000000000362, -1.4333832616025852 
4.180000000003597, -1.6550369731683527 
4.1900000000035735, -1.7555582616721412 
4.20000000000355, -1.8016219692085211 
4.210000000003527, -1.8230905500903258 
4.220000000003504, -1.8328386521359339 
4.23000000000348, -1.8368989265578057 
4.240000000003457, -1.8381676950494197 
4.250000000003434, -1.8380468801890966 
4.26000000000341, -1.8373174657574338 
4.270000000003387, -1.8363956594286048 
4.280000000003364, -1.8352085619408829 
4.2900000000033405, -1.8336014174830286 
4.300000000003317, -1.8320993473884921 
4.310000000003294, -1.831456816073003 
4.320000000003271, -1.831286500946754 
4.330000000003247, -1.8303900253140502 
4.340000000003224, -1.8270723732870728 
4.350000000003201, -1.816516097135161 
4.360000000003177, -1.7786520794392877 
4.370000000003154, -1.6127099667479878 
4.380000000003131, -0.9427688507994342 
4.390000000003107, -0.12229517606694913 
4.400000000003084, 0.13479492684024424 
4.410000000003061, 0.20222876080424182 
4.4200000000030375, 0.22491712826417695 
4.430000000003014, 0.23419862750356651 
4.440000000002991, 0.23844693626657612 
4.450000000002968, 0.24046311878988352 
4.460000000002944, 0.2413684492602815 
4.470000000002921, 0.24168514556911416 
4.480000000002898, 0.24169497551111485 
4.490000000002874, 0.2415868340760599 
4.500000000002851, 0.24155985738249414 
4.510000000002828, 0.24199286960289185 
4.520000000002804, 0.24388746386414994 
4.530000000002781, 0.2500781860805407 
4.540000000002758, 0.26757826086564585 
4.5500000000027345, 0.30617233785613973 
4.560000000002711, 0.36016006183724414 
4.570000000002688, 0.40385392723595703 
4.580000000002665, 0.4277429795953676 
4.590000000002641, 0.4388511284169015 
4.600000000002618, 0.44375113376778874 
4.610000000002595, 0.44562473764868626 
4.620000000002571, 0.4457162025085097 
4.630000000002548, 0.4443152647562346 
4.640000000002525, 0.4411478882988261 
4.6500000000025015, 0.43559575885045654 
4.660000000002478, 0.4271917877733866 
4.670000000002455, 0.41660033733266666 
4.6800000000024315, 0.40604161469732897 
4.690000000002408, 0.39779002227393173 
4.700000000002385, 0.3925064025163434 
4.710000000002362, 0.38954927332718814 
4.720000000002338, 0.3880299868262006 
4.730000000002315, 0.38728834017081004 
4.740000000002292, 0.3869008403067209 
4.750000000002268, 0.3865731896205601 
4.760000000002245, 0.3860426946197754 
4.770000000002222, 0.38498316824734446 
4.7800000000021985, 0.38283852407705354 
4.790000000002175, 0.37837960566571166 
4.800000000002152, 0.3682309740347317 
4.810000000002129, 0.34071245240159087 
4.820000000002105, 0.24132363514283592 
4.830000000002082, -0.24913647758227292 
4.840000000002059, -1.423253458309018 
4.850000000002035, -1.8514346823520225 
4.860000000002012, -1.9285928188635644 
4.870000000001989, -1.9458651377738865 
4.880000000001965, -1.9503639472227914 
4.890000000001942, -1.9512037736707426 
4.900000000001919, -1.9508564699429942 
4.9100000000018955, -1.9506233154484818 
4.920000000001872, -1.9510275386652747 
4.930000000001849, -1.9514606591680046 
4.940000000001826, -1.9514994034702817 
4.950000000001802, -1.9514419922369128 
4.960000000001779, -1.9513584969332274 
4.970000000001756, -1.9505942164860666 
4.980000000001732, -1.9478849880771947 
4.990000000001709, -1.9402063258132316 
5.000000000001686, -1.9183165807236509 
5.0100000000016625, -1.8517238050767575 
5.020000000001639, -1.6415806126801928 
5.030000000001616, -1.1037269172464383 
5.0400000000015925, -0.47701365473668955 
5.050000000001569, -0.1780453275958984 
5.060000000001546, -0.07063592889237486 
5.070000000001523, -0.028310578500864342 
5.080000000001499, -0.009116060147315492 
5.090000000001476, 0.000575285362409106 
5.100000000001453, 0.005432290823822036 
5.110000000001429, 0.007931361959399147 
5.120000000001406, 0.008980111032461904 
5.130000000001383, 0.008940276799919248 
5.1400000000013595, 0.007837518182128998 
5.150000000001336, 0.005370355872537974 
5.160000000001313, 0.0007236230417760963 
5.17000000000129, -0.007622913484220717 
5.180000000001266, -0.024704594026116234 
5.190000000001243, -0.06354932752184606 
5.20000000000122, -0.1652684972890664 
5.210000000001196, -0.46200963696287883 
5.220000000001173, -1.115493244656458 
5.23000000000115, -1.6720471764337461 
5.240000000001126, -1.889486513682541 
5.250000000001103, -1.9640221735989918 
5.26000000000108, -1.991152790955896 
5.2700000000010565, -2.001329190036811 
5.280000000001033, -2.004925624801589 
5.29000000000101, -2.005747354960991 
5.300000000000987, -2.00532472915747 
5.310000000000963, -2.0044044778431953 
5.32000000000094, -2.003146641775154 
5.330000000000917, -2.0012518712159015 
5.340000000000893, -1.9990484872290484 
5.35000000000087, -1.9978513839079384 
5.360000000000847, -1.9977152814814918 
5.3700000000008234, -1.9970860804277204 
5.3800000000008, -1.9939488211451166 
5.390000000000777, -1.981998585607703 
5.4000000000007535, -1.9236664852227068 
5.41000000000073, -1.470024753559821 
5.420000000000707, 0.6719121828074561 
5.430000000000684, 1.1949355933085797 
5.44000000000066, 1.2375639383608357 
5.450000000000637, 1.2453198402361434 
5.460000000000614, 1.246887732793625 
5.47000000000059, 1.2459301172794142 
5.480000000000567, 1.241898024598195 
5.490000000000544, 1.2304874514273565 
5.5000000000005205, 1.2009691955488526 
5.510000000000497, 1.1563887699122857 
5.520000000000474, 1.1393763435974242 
5.5300000000004506, 1.1431777367141547 
5.540000000000427, 1.1473640279918114 
5.550000000000404, 1.1491721710340501 
5.560000000000381, 1.1490934223049263 
5.570000000000357, 1.146841164385791 
5.580000000000334, 1.1398765075668378 
5.590000000000311, 1.1183737364259103 
5.600000000000287, 1.0735647113827977 
5.610000000000264, 1.244552607387996 
5.620000000000241, 1.4235963517652217 
5.6300000000002175, 1.4563956105801839 
5.640000000000194, 1.4630784610805903 
5.650000000000171, 1.4641662713752435 
5.660000000000148, 1.462299029014098 
5.670000000000124, 1.453759074832273 
5.680000000000101, 1.4034462145291626 
5.690000000000078, 0.8575207550838637 
5.700000000000054, 0.007984980861872683 
5.710000000000031, -0.024924849068378045 
5.720000000000008, 0.0021162194955646053 
5.729999999999984, 0.016405786366788758 
5.739999999999961, 0.02305150800434295 
5.749999999999938, 0.026159012502542118 
5.7599999999999145, 0.02757185083675238 
5.769999999999891, 0.02808981469392524 
5.779999999999868, 0.028054865612515033 
5.789999999999845, 0.02758212773560955 
5.799999999999821, 0.026639177673612475 
5.809999999999798, 0.025048107054872266 
5.819999999999775, 0.02241836096058502 
5.829999999999751, 0.01795613369312111 
5.839999999999728, 0.009961923983565713 
5.849999999999705, -0.0054668643659910605 
5.8599999999996815, -0.03894073022084913 
5.869999999999658, -0.12325444539959766 
5.879999999999635, -0.3496055063979716 
5.8899999999996115, -0.7855661781822143 
5.899999999999588, -1.1309013474471974 
5.909999999999565, -1.2612977642070948 
5.919999999999542, -1.302158569924829 
5.929999999999518, -1.3156518314284884 
5.939999999999495, -1.3202809489316953 
5.949999999999472, -1.3215179644273498 
5.959999999999448, -1.3210963250112369 
5.969999999999425, -1.319801576195885 
5.979999999999402, -1.3190344188474767 
5.9899999999993785, -1.3220718343943687 
5.999999999999355, -1.3320893442713344 
6.009999999999332, -1.3472092726193063 
6.019999999999309, -1.3623481818530967 
6.029999999999285, -1.3747282798410507 
6.039999999999262, -1.3842032524905068 
6.049999999999239, -1.3914549088577612 
6.059999999999215, -1.3970968634330378 
6.069999999999192, -1.4015086204488532 
6.079999999999169, -1.404878266038498 
6.089999999999145, -1.4072719779728688 
6.099999999999122, -1.4087134946256064 
6.109999999999099, -1.4092596279928427 
6.1199999999990755, -1.409037890626531 
6.129999999999052, -1.4082436004216772 
6.139999999999029, -1.407107433140425 
6.149999999999006, -1.4058084049131776 
6.159999999998982, -1.4043849022430464 
6.169999999998959, -1.4028284043279364 
6.179999999998936, -1.4013292719306214 
6.189999999998912, -1.400286379533385 
6.199999999998889, -1.3998782822374882 
6.209999999998866, -1.399760713837935 
6.2199999999988425, -1.3993189363469853 
6.229999999998819, -1.397897890313307 
6.239999999998796, -1.3946558003698641 
6.2499999999987725, -1.388311318704536 
6.259999999998749, -1.3771393608763645 
6.269999999998726, -1.3594136097055016 
6.279999999998703, -1.3339194076483618 
6.289999999998679, -1.2997623392393067 
6.299999999998656, -1.2555728826649037 
6.309999999998633, -1.1993413935320363 
6.319999999998609, -1.1305740902634436 
6.329999999998586, -1.0556685925574294 
6.339999999998563, -0.9904303578624839 
6.3499999999985395, -0.9488118782213284 
6.359999999998516, -0.9302567742599779 
6.369999999998493, -0.9250576033630191 
6.37999999999847, -0.9249469891015872 
6.389999999998446, -0.9259035512568209 
6.399999999998423, -0.9265102155595762 
6.4099999999984, -0.9262971901315661 
6.419999999998376, -0.924901068674596 
6.429999999998353, -0.9216487039465381 
6.43999999999833, -0.9152779376790086 
6.449999999998306, -0.9039199791307532 
6.459999999998283, -0.8859573409212068 
6.46999999999826, -0.861885015032146 
6.4799999999982365, -0.8349945761359804 
6.489999999998213, -0.8091431845114286 
6.49999999999819, -0.7864469613135086 
6.509999999998167, -0.7672483295848108 
6.519999999998143, -0.751095179813231 
6.52999999999812, -0.7374213281262111 
6.539999999998097, -0.7258015555994752 
6.549999999998073, -0.715992750193055 
6.55999999999805, -0.707894245075082 
6.569999999998027, -0.701476438405424 
6.5799999999980034, -0.6966988414736255 
6.58999999999798, -0.6934416001972508 
6.599999999997957, -0.6914780483882945 
6.6099999999979335, -0.6904995851573709 
6.61999999999791, -0.6901742632693318 
6.629999999997887, -0.6902044998146445 
6.639999999997864, -0.6903613900502856 
6.64999999999784, -0.6904969579496391 
6.659999999997817, -0.6905472462158027 
6.669999999997794, -0.6905311375690922 
6.67999999999777, -0.69053563134895 
6.689999999997747, -0.690679803730636 
6.699999999997724, -0.6910676327522184 
6.7099999999977005, -0.6917469165778438 
6.719999999997677, -0.6926806317287824 
6.729999999997654, -0.6937366638114046 
6.7399999999976306, -0.6947160490703348 
6.749999999997607, -0.6954265258326051 
6.759999999997584, -0.6957593358914477 
6.769999999997561, -0.6957182821670713 
6.779999999997537, -0.6954084183255183 
6.789999999997514, -0.6950343878656656 
6.799999999997491, -0.6949437249292784 
6.809999999997467, -0.6957137869147209 
6.819999999997444, -0.6982420095064847 
6.829999999997421, -0.7037578425345297 
6.8399999999973975, -0.7136656237466916 
6.849999999997374, -0.7292129696192563 
6.859999999997351, -0.7511434430585819 
6.869999999997328, -0.7795739094493297 
6.879999999997304, -0.8141920543288566 
6.889999999997281, -0.8545969029551612 
6.899999999997258, -0.9004285125158218 
6.909999999997234, -0.9508984550349255 
6.919999999997211, -1.003498293188113 
6.929999999997188, -1.0527528642674266 
6.939999999997164, -1.0918367030413214 
6.949999999997141, -1.1174398090001103 
6.959999999997118, -1.1316349631144802 
6.9699999999970945, -1.1386042838251025 
6.979999999997071, -1.141632393647849 
6.989999999997048, -1.1425697248793771 
6.999999999997025, -1.1423524057365915 
7.009999999997001, -1.1416169926997939 
7.019999999996978, -1.1413110935602124 
7.029999999996955, -1.1431315326267009 
7.039999999996931, -1.1489028299962079 
7.049999999996908, -1.1587588752655609 
7.059999999996885, -1.1707093307613186 
7.0699999999968615, -1.1825156542655626 
7.079999999996838, -1.1930578281893185 
7.089999999996815, -1.202169660586869 
7.0999999999967915, -1.2100617575845816 
7.109999999996768, -1.216974030963502 
7.119999999996745, -1.2230411165288344 
7.129999999996722, -1.228250996817377 
7.139999999996698, -1.2324681425542972 
7.149999999996675, -1.2355376705046894 
7.159999999996652, -1.2374208565060687 
7.169999999996628, -1.238249734029736 
7.179999999996605, -1.2382786677632183 
7.189999999996582, -1.237827400830481 
7.1999999999965585, -1.237259535761603 
7.209999999996535, -1.2369133474562397 
7.219999999996512, -1.2369460233885516 
7.229999999996489, -1.237274675443799 
7.239999999996465, -1.237738104142196 
7.249999999996442, -1.2382664512966235 
7.259999999996419, -1.238856972253084 
7.269999999996395, -1.239445036567605 
7.279999999996372, -1.2398631603882104 
7.289999999996349, -1.239914171397921 
7.299999999996325, -1.2394509889632326 
7.309999999996302, -1.23841219826565 
7.319999999996279, -1.2368204149839412 
7.3299999999962555, -1.234745433647448 
7.339999999996232, -1.2322487364437396 
7.349999999996209, -1.2293467170045962 
7.359999999996186, -1.226010343114421 
7.369999999996162, -1.2221840409886482 
7.379999999996139, -1.2177990148343345 
7.389999999996116, -1.2127933562583824 
7.399999999996092, -1.207210978612667 
7.409999999996069, -1.2014300677874743 
7.419999999996046, -1.196330412179546 
7.4299999999960225, -1.1929133884400067 
7.439999999995999, -1.191425576635471 
7.449999999995976, -1.1911408222478868 
7.4599999999959525, -1.1910771422112982 
7.469999999995929, -1.1904899347765396 
7.479999999995906, -1.1887361536565353 
7.489999999995883, -1.1849100701925703 
7.499999999995859, -1.1775638776725197 
7.509999999995836, -1.1648434406516022 
7.519999999995813, -1.1454122119566552 
7.529999999995789, -1.1196088173226544 
7.539999999995766, -1.0892891998691312 
7.549999999995743, -1.0564052636922783 
7.5599999999957195, -1.022107014363391 
7.569999999995696, -0.9869943306435849 
7.579999999995673, -0.9519118530814363 
7.58999999999565, -0.9186729025218394 
7.599999999995626, -0.8900962934147563 
7.609999999995603, -0.8688454776167529 
7.61999999999558, -0.8557408445748731 
7.629999999995556, -0.8493042544977681 
7.639999999995533, -0.8469797106396442 
7.64999999999551, -0.8465520837227913 
7.659999999995486, -0.846657921931623 
7.669999999995463, -0.846593924313518 
7.67999999999544, -0.8459720312653276 
7.6899999999954165, -0.8444795170729229 
7.699999999995393, -0.8417934794016736 
7.70999999999537, -0.8376650650467123 
7.719999999995347, -0.8321359123464263 
7.729999999995323, -0.8256705016968027 
7.7399999999953, -0.8189696231234311 
7.749999999995277, -0.812610842683293 
7.759999999995253, -0.8068670251339141 
7.76999999999523, -0.8017635843853841 
7.779999999995207, -0.7972111214150557 
7.789999999995183, -0.7931046456779713 
7.79999999999516, -0.7893735461728492 
7.809999999995137, -0.7859961117360118 
7.8199999999951135, -0.7829934308073492 
7.82999999999509, -0.7804150845806733 
7.839999999995067, -0.7783236101564383 
7.849999999995044, -0.7767768969487485 
7.85999999999502, -0.7758051788361413 
7.869999999994997, -0.775386982775193 
7.879999999994974, -0.7754382997936214 
7.88999999999495, -0.7758266866189039 
7.899999999994927, -0.7764061072212292 
7.909999999994904, -0.7770561797727419 
7.9199999999948805, -0.777711584831728 
7.929999999994857, -0.7783741793282714 
7.939999999994834, -0.7791029767466362 
7.9499999999948106, -0.7799819468146596 
7.959999999994787, -0.7810751212159845 
7.969999999994764, -0.7823820666731515 
7.979999999994741, -0.7838068223320882 
7.989999999994717, -0.7851631035552965 
7.999999999994694, -0.7862364961554507 
8.00999999999467, -0.7868770426699162 
8.019999999994647, -0.7870552412189717 
8.029999999994624, -0.7868584693513138 
8.0399999999946, -0.7864733659033907 
8.049999999994577, -0.7861995247797257 
8.059999999994554, -0.7864886138482386 
8.06999999999453, -0.7879513728503327 
8.079999999994508, -0.7912591079044105 
8.089999999994484, -0.7969337224874267 
8.099999999994461, -0.8051516639951639 
8.109999999994438, -0.8157250897975208 
8.119999999994414, -0.8282781261565478 
8.129999999994391, -0.8424777016245004 
8.139999999994368, -0.8581816712025313 
8.149999999994344, -0.875461195141243 
8.159999999994321, -0.8944931130167049 
8.169999999994298, -0.9152758720902272 
8.179999999994275, -0.9371210929862006 
8.189999999994251, -0.9581878185819225 
8.199999999994228, -0.9759053051863174 
8.209999999994205, -0.9885477246406718 
8.219999999994181, -0.9962541436302077 
8.229999999994158, -1.000329730924844 
8.239999999994135, -1.00210781313551 
8.249999999994111, -1.002489189632184 
8.259999999994088, -1.0020259432023941 
8.269999999994065, -1.0012303835783531 
8.279999999994041, -1.0010486227917663 
8.289999999994018, -1.0033795353947284 
8.299999999993995, -1.010893963351639 
8.309999999993972, -1.0252773088820166 
8.319999999993948, -1.045341960797642 
8.329999999993925, -1.0678418035179007 
8.339999999993902, -1.089950412232377 
8.349999999993878, -1.1103800262231889 
8.359999999993855, -1.1289531092571123 
8.369999999993832, -1.1458625558778024 
8.379999999993808, -1.1611690890610264 
8.389999999993785, -1.1745658076021621 
8.399999999993762, -1.1854553030900836 
8.409999999993738, -1.1933673919041403 
8.419999999993715, -1.1983753831772375 
8.429999999993692, -1.2010588929336592 
8.439999999993669, -1.202138930462258 
8.449999999993645, -1.202231389720655 
8.459999999993622, -1.2018654141682348 
8.469999999993599, -1.2016197468907426 
8.479999999993575, -1.2021075827092882 
8.489999999993552, -1.2036517306231995 
8.499999999993529, -1.206024650940571 
8.509999999993505, -1.2087021688941448 
8.519999999993482, -1.211286024112042 
8.529999999993459, -1.2136162309540648 
8.539999999993436, -1.215649728461759 
8.549999999993412, -1.2173557494827836 
8.559999999993389, -1.2187055947657344 
8.569999999993366, -1.2196966747183837 
8.579999999993342, -1.2203527491007322 
8.589999999993319, -1.2206969598076762 
8.599999999993296, -1.2207241833361455 
8.609999999993272, -1.2203981525385144 
8.619999999993249, -1.2196791719707465 
8.629999999993226, -1.2185642765305313 
8.639999999993202, -1.2171108837939635 
8.64999999999318, -1.215421844909216 
8.659999999993156, -1.213593636211987 
8.669999999993133, -1.211682338566919 
8.67999999999311, -1.209761633827786 
8.689999999993086, -1.2080312849771442 
8.699999999993063, -1.206791652469259 
8.70999999999304, -1.2061984919344866 
8.719999999993016, -1.2060605588026652 
8.729999999992993, -1.2059472897047636 
8.73999999999297, -1.2054060413552288 
8.749999999992946, -1.2040261208602023 
8.759999999992923, -1.2014153575694333 
8.7699999999929, -1.1972535194853036 
8.779999999992876, -1.191435185368771 
8.789999999992853, -1.1841319955953966 
8.79999999999283, -1.1756480774037605 
8.809999999992806, -1.1661967195156833 
8.819999999992783, -1.1557875391523553 
8.82999999999276, -1.144253284213367 
8.839999999992736, -1.1313826321292297 
8.849999999992713, -1.1172053318860011 
8.85999999999269, -1.1024860173043944 
8.869999999992666, -1.0891118768442412 
8.879999999992643, -1.0794324773554953 
8.88999999999262, -1.0744206425055032 
8.899999999992596, -1.0728966428424513 
8.909999999992573, -1.072905958326384 
8.91999999999255, -1.073059200904668 
8.929999999992527, -1.0726155803654644 
8.939999999992503, -1.0710148982199554 
8.94999999999248, -1.06742878151784 
8.959999999992457, -1.060439673550842 
8.969999999992433, -1.0480858578501488 
8.97999999999241, -1.0288279448073938 
8.989999999992387, -1.0031883809094793 
8.999999999992363, -0.9739719720429681 
9.00999999999234, -0.9443071654187433 
9.019999999992317, -0.9160224363550166 
9.029999999992294, -0.8896988482311544 
9.03999999999227, -0.8654035421094335 
9.049999999992247, -0.8432540891723027 
9.059999999992224, -0.8236652934805508 
9.0699999999922, -0.8073058726698964 
9.079999999992177, -0.7947957454064369 
9.089999999992154, -0.7863014802727732 
9.09999999999213, -0.7813349062475129 
9.109999999992107, -0.7789327840482281 
9.119999999992084, -0.7780475867270206 
9.12999999999206, -0.7778405447727936 
9.139999999992037, -0.7777538865604112 
9.149999999992014, -0.7774432827692618 
9.15999999999199, -0.7766915879243446 
9.169999999991967, -0.7753735442613782 
9.179999999991944, -0.7734805716677571 
9.18999999999192, -0.771154138177745 
9.199999999991897, -0.7686500354908509 
9.209999999991874, -0.7662275383121311 
9.21999999999185, -0.7640503724111185 
9.229999999991827, -0.7621623904207573 
9.239999999991804, -0.7605196778941103 
9.24999999999178, -0.7590398059502529 
9.259999999991757, -0.7576491201697394 
9.269999999991734, -0.7563187914080425 
9.27999999999171, -0.7550812778805212 
9.289999999991688, -0.7540248494626433 
9.299999999991664, -0.7532705887823213 
9.309999999991641, -0.7529395624060458 
9.319999999991618, -0.7531213815404539 
9.329999999991594, -0.7538567926550869 
9.339999999991571, -0.75513979036338 
9.349999999991548, -0.756933217592717 
9.359999999991524, -0.7591875663783679 
9.369999999991501, -0.761858163550327 
9.379999999991478, -0.7649221059315824 
9.389999999991455, -0.7683956223754403 
9.399999999991431, -0.7723465498127994 
9.409999999991408, -0.7768911659956161 
9.419999999991385, -0.7821609459219274 
9.429999999991361, -0.7882199455406412 
9.439999999991338, -0.7949222929206895 
9.449999999991315, -0.8017735963637177 
9.459999999991291, -0.8079883076846178 
9.469999999991268, -0.8128522077878927 
9.479999999991245, -0.8160898929129342 
9.489999999991221, -0.8178639529779377 
9.499999999991198, -0.8185170597572776 
9.509999999991175, -0.8183785040965459 
9.519999999991152, -0.8177538776053057 
9.529999999991128, -0.8170901306593429 
9.539999999991105, -0.8173432499390341 
9.549999999991082, -0.8205653682760564 
9.559999999991058, -0.8304116144110164 
9.569999999991035, -0.8515979181586291 
9.579999999991012, -0.887356756299638 
9.589999999990988, -0.9363199983820337 
9.599999999990965, -0.9926577439686681 
9.609999999990942, -1.0499059750611655 
9.619999999990918, -1.1039753588263315 
9.629999999990895, -1.1529776153612272 
9.639999999990872, -1.1955915886935693 
9.649999999990849, -1.2300948859642034 
9.659999999990825, -1.2550423786771978 
9.669999999990802, -1.2707467686431706 
9.679999999990779, -1.2793795632507576 
9.689999999990755, -1.2835454892149487 
9.699999999990732, -1.2851807634741135 
9.709999999990709, -1.2854409301738827 
9.719999999990685, -1.2850691812854056 
9.729999999990662, -1.2848066413987136 
9.739999999990639, -1.2854952548987104 
9.749999999990616, -1.2875833224155717 
9.759999999990592, -1.2906668705767652 
9.769999999990569, -1.293945503736703 
9.779999999990546, -1.2969039349262048 
9.789999999990522, -1.2994039457346103 
9.799999999990499, -1.3014524553131124 
9.809999999990476, -1.3030518380285387 
9.819999999990452, -1.3041933006359716 
9.829999999990429, -1.3048869559358094 
9.839999999990406, -1.3051612079586135 
9.849999999990382, -1.30503721803071 
9.85999999999036, -1.3045088371531335 
9.869999999990336, -1.3035484203875105 
9.879999999990313, -1.3021351982690503 
9.88999999999029, -1.300281720883954 
9.899999999990266, -1.2980286904246185 
9.909999999990243, -1.2954050020408632 
9.91999999999022, -1.2924221384342713 
9.929999999990196, -1.2892043020388166 
9.939999999990173, -1.2861874764473908 
9.94999999999015, -1.2840298584774335 
9.959999999990126, -1.2830414468156524 
9.969999999990103, -1.2828198012447778 
9.97999999999008, -1.282624978931001 
9.989999999990056, -1.281778159627064 
9.999999999990033, -1.2795777271743913 
10.00999999999001, -1.2749903358841386 
10.019999999989986, -1.2664690096980173 
10.029999999989963, -1.2522542221382449 
10.03999999998994, -1.2312535448703317 
10.049999999989916, -1.2036547090100647 
10.059999999989893, -1.170372240162805 
10.06999999998987, -1.132051132339841 
10.079999999989846, -1.0888970234490032 
10.089999999989823, -1.0416629021353172 
10.0999999999898, -0.9933710056336285 
10.109999999989776, -0.9501199943567082 
10.119999999989753, -0.9183999175803989 
10.12999999998973, -0.900314917748384 
10.139999999989707, -0.8926895791430592 
10.149999999989683, -0.8906744589868474 
10.15999999998966, -0.8907539038149827 
10.169999999989637, -0.8911641365332711 
10.179999999989613, -0.891163683342486 
10.18999999998959, -0.8903637657281329 
10.199999999989567, -0.8883483511121713 
10.209999999989543, -0.8845047614297545 
10.21999999998952, -0.8780871981449531 
10.229999999989497, -0.8686447365065243 
10.239999999989474, -0.8566315609331341 
10.24999999998945, -0.8434325943054451 
10.259999999989427, -0.8305399522250042 
10.269999999989404, -0.818818596292263 
10.27999999998938, -0.8084752867734648 
10.289999999989357, -0.7993754306575886 
10.299999999989334, -0.7913043885747832 
10.30999999998931, -0.7840933412619082 
10.319999999989287, -0.7776603716274783 
10.329999999989264, -0.7720117551802675 
10.33999999998924, -0.7672213721555244 
10.349999999989217, -0.7633897325212678 
10.359999999989194, -0.760584620699197 
10.36999999998917, -0.7587820465807203 
10.379999999989147, -0.7578404083841984 
10.389999999989124, -0.757526911514549 
10.3999999999891, -0.7575788924150093 
10.409999999989077, -0.7577629480044574 
10.419999999989054, -0.7579105025131608 
10.42999999998903, -0.757933714238874 
10.439999999989007, -0.7578302933415594 
10.449999999988984, -0.7576724157015837 
10.45999999998896, -0.7575712234990571 
10.469999999988937, -0.7576262319150221 
10.479999999988914, -0.7578817782859751 
10.48999999998889, -0.7583035304854824 
10.499999999988868, -0.7587804038781862 
10.509999999988844, -0.7591599832793505 
10.519999999988821, -0.7593114331385683 
10.529999999988798, -0.7591815901698993 
10.539999999988774, -0.7588161952471153 
10.549999999988751, -0.7583581768552412 
10.559999999988728, -0.7580494985602233 
10.569999999988704, -0.7582367881580899 
10.579999999988681, -0.7593498593301461 
10.589999999988658, -0.7618228329333288 
10.599999999988635, -0.7659741078223686 
10.609999999988611, -0.7719180133181972 
10.619999999988588, -0.7795756456923623 
10.629999999988565, -0.7887774384789561 
10.639999999988541, -0.7993895112177284 
10.649999999988518, -0.811404176316378 
10.659999999988495, -0.8249731220620207 
10.669999999988471, -0.840370655372521 
10.679999999988448, -0.8578356284401512 
10.689999999988425, -0.8771939772587587 
10.699999999988401, -0.8972904865240683 
10.709999999988378, -0.9158108162807681 
10.719999999988355, -0.9303502166967487 
10.729999999988332, -0.9400035312148816 
10.739999999988308, -0.9455272864347171 
10.749999999988285, -0.9482419753449068 
10.759999999988262, -0.9492074664296191 
10.769999999988238, -0.9490716992873816 
10.779999999988215, -0.9482591037810468 
10.789999999988192, -0.9473392596575112 
10.799999999988168, -0.9476615793641143 
10.809999999988145, -0.9521612185661997 
10.819999999988122, -0.9652440510275652 
10.829999999988098, -0.9900712923717707 
10.839999999988075, -1.0249425718654561 
10.849999999988052, -1.064056567450965 
10.859999999988029, -1.1020655733160032 
10.869999999988005, -1.1365001220255373 
10.879999999987982, -1.1669718349281406 
10.889999999987959, -1.19365879971468 
10.899999999987935, -1.2163894320556663 
10.909999999987912, -1.2345163363558462 
10.919999999987889, -1.247515569326699 
10.929999999987865, -1.255697304064862 
10.939999999987842, -1.2601689370422622 
10.949999999987819, -1.2621970352764393 
10.959999999987796, -1.2627596779683967 
10.969999999987772, -1.2625431690814135 
10.979999999987749, -1.2621664043084815 
10.989999999987726, -1.262319582666238 
10.999999999987702, -1.2635140771780453 
11.009999999987679, -1.2656627743971947 
11.019999999987656, -1.2682077152940818 
11.029999999987632, -1.2706582455630258 
11.039999999987609, -1.2728175623204772 
11.049999999987586, -1.274649958978944 
11.059999999987562, -1.2761275536547967 
11.06999999998754, -1.2772046021383763 
11.079999999987516, -1.2778557768944068 
11.089999999987493, -1.2780934952037792 
11.09999999998747, -1.2779482565361473 
11.109999999987446, -1.2774366841868123 
11.119999999987423, -1.2765459640009515 
11.1299999999874, -1.2752471467449342 
11.139999999987376, -1.2735255722245618 
11.149999999987353, -1.2713998980921999 
11.15999999998733, -1.2689057205266114 
11.169999999987306, -1.2660629163057344 
11.179999999987283, -1.2629126880315331 
11.18999999998726, -1.2596796889464168 
11.199999999987236, -1.256894697934779 
11.209999999987213, -1.2551325113087457 
11.21999999998719, -1.2544549623903951 
11.229999999987166, -1.2543165932160596 
11.239999999987143, -1.2540130328061483 
11.24999999998712, -1.2529238610538322 
11.259999999987096, -1.2503614530111933 
11.269999999987073, -1.245342178475085 
11.27999999998705, -1.2365922269128327 
11.289999999987026, -1.2230110049420895 
11.299999999987003, -1.2043364662655325 
11.30999999998698, -1.1811909149577628 
11.319999999986956, -1.1543479326930357 
11.329999999986933, -1.1241104838458436 
11.33999999998691, -1.09041200330189 
11.349999999986887, -1.0536388687115086 
11.359999999986863, -1.015951365834216 
11.36999999998684, -0.9820290417289226 
11.379999999986817, -0.9571544869982949 
11.389999999986793, -0.9432444410070528 
11.39999999998677, -0.9377490064076095 
11.409999999986747, -0.9366105733886032 
11.419999999986723, -0.9369170768794902 
11.4299999999867, -0.9372460608247157 
11.439999999986677, -0.9369847884394418 
11.449999999986654, -0.9357225587800656 
11.45999999998663, -0.9328943912611092 
11.469999999986607, -0.92761667317423 
11.479999999986584, -0.9188305103307257 
11.48999999998656, -0.9059805403647585 
11.499999999986537, -0.8898601012908598 
11.509999999986514, -0.8724418656295375 
11.51999999998649, -0.8556173496103081 
11.529999999986467, -0.8403474916457558 
11.539999999986444, -0.8267890380668874 
11.54999999998642, -0.8147457395687823 
11.559999999986397, -0.8039795150496593 
11.569999999986374, -0.7943470456889201 
11.57999999998635, -0.7858383590436961 
11.589999999986327, -0.778561070656625 
11.599999999986304, -0.7726784688795738 
11.60999999998628, -0.7683085807530865 
11.619999999986257, -0.7654224158967782 
11.629999999986234, -0.7638034747144886 
11.63999999998621, -0.7630987758424432 
11.649999999986187, -0.7629219832771712 
11.659999999986164, -0.7629396654314072 
11.66999999998614, -0.7629084973180087 
11.679999999986117, -0.7626799580301828 
11.689999999986094, -0.7622008114254065 
11.69999999998607, -0.76151385519343 
11.709999999986048, -0.7607379675402481 
11.719999999986024, -0.7600161430893505 
11.729999999986001, -0.7594552925366768 
11.739999999985978, -0.7590894754469532 
11.749999999985954, -0.7588742809428954 
11.759999999985931, -0.7587072562845074 
11.769999999985908, -0.7584710408779218 
11.779999999985884, -0.7580860875114277 
11.789999999985861, -0.757548539643149 
11.799999999985838, -0.7569424875495427 
11.809999999985815, -0.7564368288552774 
11.819999999985791, -0.7562738717846185 
11.829999999985768, -0.7567396329452736 
11.839999999985745, -0.7581056534443695 
11.849999999985721, -0.7605583503105227 
11.859999999985698, -0.7641568856683889 
11.869999999985675, -0.7688485941122705 
11.879999999985651, -0.7745301326765802 
11.889999999985628, -0.7811176328387195 
11.899999999985605, -0.7885988895720681 
11.909999999985581, -0.7970610805983132 
11.919999999985558, -0.8066925590818649 
11.929999999985535, -0.8177405687983839 
11.939999999985512, -0.8303734931675759 
11.949999999985488, -0.8443824292168683 
11.959999999985465, -0.8588000225256961 
11.969999999985442, -0.8719079555791325 
11.979999999985418, -0.8820904751786527 
11.989999999985395, -0.888823754645391 
11.999999999985372, -0.8926482399077885 
12.009999999985348, -0.8944377496526548 
12.019999999985325, -0.8948946362718212 
12.029999999985302, -0.8944715091598601 
12.039999999985278, -0.8935400060605831 
12.049999999985255, -0.8927655655779082 
12.059999999985232, -0.8938105595824666 
12.069999999985209, -0.9002701235659938 
12.079999999985185, -0.9176822560398156 
12.089999999985162, -0.9505434239676968 
12.099999999985139, -0.9974646568962855 
12.109999999985115, -1.0509567290424815 
12.119999999985092, -1.1032125942293385 
12.129999999985069, -1.1502225838390643 
12.139999999985045, -1.1910739302424957 
12.149999999985022, -1.2257547665820625 
12.159999999984999, -1.2538872404529418 
12.169999999984976, -1.2748337995246943 
12.179999999984952, -1.288667877816597 
12.189999999984929, -1.2966734538517222 
12.199999999984906, -1.3007089379281545 
12.209999999984882, -1.3023567317468052 
12.219999999984859, -1.3026603645803236 
12.229999999984836, -1.3023280834032722 
12.239999999984812, -1.3020408288134413 
12.249999999984789, -1.3025061533369042 
12.259999999984766, -1.304049025976528 
12.269999999984742, -1.3063164729332342 
12.27999999998472, -1.3086983689673655 
12.289999999984696, -1.3108366436973333 
12.299999999984673, -1.312648203934998 
12.30999999998465, -1.3141186814804169 
12.319999999984626, -1.3151972288958318 
12.329999999984603, -1.315823571441421 
12.33999999998458, -1.3159741440162258 
12.349999999984556, -1.3156664575636605 
12.359999999984533, -1.3149306086695354 
12.36999999998451, -1.3137775162585075 
12.379999999984486, -1.3121886964953289 
12.389999999984463, -1.3101316181753484 
12.39999999998444, -1.3075799263166017 
12.409999999984416, -1.3045097353139885 
12.419999999984393, -1.300878764376924 
12.42999999998437, -1.2966766940261454 
12.439999999984346, -1.2921470698123723 
12.449999999984323, -1.2880330833854006 
12.4599999999843, -1.2852957615147498 
12.469999999984276, -1.2842036042408536 
12.479999999984253, -1.284047227381756 
12.48999999998423, -1.2838694567277487 
12.499999999984206, -1.2829066021533748 
12.509999999984183, -1.280326783121193 
12.51999999998416, -1.2746873156304483 
12.529999999984136, -1.2634046844381792 
12.539999999984113, -1.2428055699093234 
12.54999999998409, -1.2097202432863106 
12.559999999984067, -1.163922497201392 
12.569999999984043, -1.1083027982139122 
12.57999999998402, -1.0465648291455127 
12.589999999983997, -0.9819289317940181 
12.599999999983973, -0.9179119749477485 
12.60999999998395, -0.8592941645211418 
12.619999999983927, -0.8113126116587862 
12.629999999983903, -0.7771673833373818 
12.63999999998388, -0.7563653883408944 
12.649999999983857, -0.7456230270460886 
12.659999999983834, -0.7410359009428334 
12.66999999998381, -0.7395612192790788 
12.679999999983787, -0.7393407094510069 
12.689999999983764, -0.7393999107114766 
12.69999999998374, -0.7392525206600831 
12.709999999983717, -0.7386228734716835 
12.719999999983694, -0.7373111457194604 
12.72999999998367, -0.735181952502699 
12.739999999983647, -0.7322434390309468 
12.749999999983624, -0.7287233762284459 
12.7599999999836, -0.7250147015391891 
12.769999999983577, -0.7214962350358324 
12.779999999983554, -0.7183893706639767 
12.78999999998353, -0.7157435148985599 
12.799999999983507, -0.713498263565868 
12.809999999983484, -0.7115517914312027 
12.81999999998346, -0.7098123235420121 
12.829999999983437, -0.7082318143585872 
12.839999999983414, -0.7068205333313242 
12.84999999998339, -0.7056424565930434 
12.859999999983367, -0.7047960208829996 
12.869999999983344, -0.7043873304652286 
12.87999999998332, -0.7045041424333639 
12.889999999983297, -0.7051991040182317 
12.899999999983274, -0.7064869330926966 
12.90999999998325, -0.7083536985699259 
12.919999999983228, -0.7107726875560921 
12.929999999983204, -0.713722919502161 
12.939999999983181, -0.7172094165476016 
12.949999999983158, -0.7212842754961672 
12.959999999983134, -0.7260639348522855 
12.969999999983111, -0.7317327489487624 
12.979999999983088, -0.7385142387225552 
12.989999999983064, -0.7465738657176899 
12.999999999983041, -0.7558103306178777 
13.009999999983018, -0.7655897115889811 
13.019999999982995, -0.7747327151160908 
13.029999999982971, -0.7820575304108399 
13.039999999982948, -0.7870556022614876 
13.049999999982925, -0.7899542233681256 
13.059999999982901, -0.7912787770009742 
13.069999999982878, -0.791493027808274 
13.079999999982855, -0.790908458529094 
13.089999999982831, -0.7897886710524714 
13.099999999982808, -0.7886632570805919 
13.109999999982785, -0.7891038742101102 
13.119999999982761, -0.795479073459015 
13.129999999982738, -0.8179439903871828 
13.139999999982715, -0.8739428778022154 
13.149999999982692, -0.9777366311189954 
13.159999999982668, -1.1144944961813716 
13.169999999982645, -1.2437691623898266 
13.179999999982622, -1.3420178595335623 
13.189999999982598, -1.4103007404579555 
13.199999999982575, -1.456283273227235 
13.209999999982552, -1.4860433054786304 
13.219999999982528, -1.5039628194653614 
13.229999999982505, -1.5137518738691498 
13.239999999982482, -1.5185089717880682 
13.249999999982458, -1.520412701714219 
13.259999999982435, -1.5207774183182987 
13.269999999982412, -1.520422331657567 
13.279999999982389, -1.5200025415456238 
13.289999999982365, -1.5199580082212436 
13.299999999982342, -1.52023980465052 
13.309999999982319, -1.5205253285579183 
13.319999999982295, -1.520707792818778 
13.329999999982272, -1.5209062561403992 
13.339999999982249, -1.5210994531924382 
13.349999999982225, -1.5209794420680272 
13.359999999982202, -1.5200997738916402 
13.369999999982179, -1.5179453900152566 
13.379999999982156, -1.513897488968675 
13.389999999982132, -1.5072603334905736 
13.399999999982109, -1.497315672163361 
13.409999999982086, -1.4831869741119037 
13.419999999982062, -1.4633737302254435 
13.429999999982039, -1.4350308191163792 
13.439999999982016, -1.3935469036474641 
13.449999999981992, -1.3352458548402335 
13.459999999981969, -1.2687543821527176 
13.469999999981946, -1.2205821347724384 
13.479999999981922, -1.2032914530784808 
13.4899999999819, -1.2026923982248445 
13.499999999981876, -1.2054240549083315 
13.509999999981853, -1.207252797943396 
13.51999999998183, -1.2075889263938682 
13.529999999981806, -1.2061723820122001 
13.539999999981783, -1.2017390784510797 
13.54999999998176, -1.1899245267653606 
13.559999999981736, -1.1556199126818452 
13.569999999981713, -1.0420276477698842 
13.57999999998169, -0.6746520344963579 
13.589999999981666, -0.09186107682575136 
13.599999999981643, 0.1819014891703745 
13.60999999998162, 0.25943258798410224 
13.619999999981596, 0.2843889112590279 
13.629999999981573, 0.2940458580442078 
13.63999999998155, 0.2982083928861199 
13.649999999981526, 0.2999962748257799 
13.659999999981503, 0.3005989360188811 
13.66999999998148, 0.3005665497257263 
13.679999999981456, 0.30022512020737613 
13.689999999981433, 0.2998245825504504 
13.69999999998141, 0.299597810221211 
13.709999999981386, 0.2998023042813085 
13.719999999981363, 0.3007772018301065 
13.72999999998134, 0.3030083232481169 
13.739999999981316, 0.30711456164849793 
13.749999999981293, 0.3135503317497258 
13.75999999998127, 0.32193866001652693 
13.769999999981247, 0.33072758431852256 
13.779999999981223, 0.3380952471140105 
13.7899999999812, 0.3431739712728229 
13.799999999981177, 0.346097962908181 
13.809999999981153, 0.3473234612963643 
13.81999999998113, 0.34713595183866575 
13.829999999981107, 0.34543059822517247 
13.839999999981083, 0.3415099013500686 
13.84999999998106, 0.33372476751274255 
13.859999999981037, 0.3191975193978421 
13.869999999981014, 0.2952961157161246 
13.87999999998099, 0.26497723901434955 
13.889999999980967, 0.23829788615487688 
13.899999999980944, 0.22160471030589485 
13.90999999998092, 0.2131252541161802 
13.919999999980897, 0.20912669138680812 
13.929999999980874, 0.20723136377156098 
13.93999999998085, 0.20629462444716426 
13.949999999980827, 0.20578698111096902 
13.959999999980804, 0.2054285621567668 
13.96999999998078, 0.20501591723237 
13.979999999980757, 0.20433338192951891 
13.989999999980734, 0.20308024123139568 
13.99999999998071, 0.2007446970183596 
14.009999999980687, 0.1962852433731508 
14.019999999980664, 0.1872021133655091 
14.02999999998064, 0.16643447097638558 
14.039999999980617, 0.11030252749931742 
14.049999999980594, -0.06833432959439602 
14.05999999998057, -0.5396628609344346 
14.069999999980547, -1.007742303826672 
14.079999999980524, -1.1839218869044768 
14.0899999999805, -1.2358766523882692 
14.099999999980477, -1.2524574666889454 
14.109999999980454, -1.2581595014126472 
14.11999999998043, -1.2598483831219656 
14.129999999980408, -1.2595813635820754 
14.139999999980384, -1.2579958467148011 
14.149999999980361, -1.2558461903549536 
14.159999999980338, -1.2562705962618144 
14.169999999980314, -1.2667783733904803 
14.179999999980291, -1.2925490122161027 
14.189999999980268, -1.326096013815036 
14.199999999980244, -1.356283817065452 
14.209999999980221, -1.3793285522574221 
14.219999999980198, -1.3962996733975896 
14.229999999980175, -1.4090001163597332 
14.239999999980151, -1.418675375964617 
14.249999999980128, -1.425985088313093 
14.259999999980105, -1.4312393657938112 
14.269999999980081, -1.4346477906735247 
14.279999999980058, -1.4364821757840662 
14.289999999980035, -1.4370954739705415 
14.299999999980011, -1.4368668309248953 
14.309999999979988, -1.4361761794233758 
14.319999999979965, -1.4353693434555308 
14.329999999979941, -1.4346242817912642 
14.339999999979918, -1.4338919783198976 
14.349999999979895, -1.4331203868821705 
14.359999999979872, -1.4324779819802467 
14.369999999979848, -1.432185741424267 
14.379999999979825, -1.4321454824812716 
14.389999999979802, -1.4319200737813294 
14.399999999979778, -1.4309629561389527 
14.409999999979755, -1.4286468601250253 
14.419999999979732, -1.4241473601515429 
14.429999999979708, -1.4164566252049002 
14.439999999979685, -1.4046042430975898 
14.449999999979662, -1.387807560574936 
14.459999999979638, -1.3651913742966328 
14.469999999979615, -1.33516995148771 
14.479999999979592, -1.2950606877005253 
14.489999999979569, -1.242174387154764 
14.499999999979545, -1.1788529937866348 
14.509999999979522, -1.11936039785546 
14.519999999979499, -1.0817687863420806 
14.529999999979475, -1.0677560313548276 
14.539999999979452, -1.065987690707919 
14.549999999979429, -1.067491146770541 
14.559999999979405, -1.0688336099101605 
14.569999999979382, -1.0691706262451555 
14.579999999979359, -1.0681638147564538 
14.589999999979335, -1.0650317507449647 
14.599999999979312, -1.057639923496398 
14.609999999979289, -1.040656373899366 
14.619999999979266, -1.0023926705387907 
14.629999999979242, -0.9254766178789492 
14.639999999979219, -0.8073845575191341 
14.649999999979196, -0.6824027597565603 
14.659999999979172, -0.5857043306754667 
14.669999999979149, -0.5218323403770055 
14.679999999979126, -0.4812034658138333 
14.689999999979102, -0.45494196579232504 
14.69999999997908, -0.43744863208649115 
14.709999999979056, -0.42546907995271815 
14.719999999979033, -0.41710841088572914 
14.72999999997901, -0.411232928531067 
14.739999999978986, -0.40714186044976863 
14.749999999978963, -0.4043886357870551 
14.75999999997894, -0.4026822032854181 
14.769999999978916, -0.40183227204267435 
14.779999999978893, -0.40171999764860133 
14.78999999997887, -0.40228483815729266 
14.799999999978846, -0.40352351151737204 
14.809999999978823, -0.405500434167954 
14.8199999999788, -0.40837197502157013 
14.829999999978776, -0.4124306755851638 
14.839999999978753, -0.4181825771236419 
14.84999999997873, -0.42648326189519 
14.859999999978706, -0.4387699238142558 
14.869999999978683, -0.45738730792098214 
14.87999999997866, -0.4857033378933281 
14.889999999978636, -0.5266932285926986 
14.899999999978613, -0.5779827111419706 
14.90999999997859, -0.62784363120303 
14.919999999978566, -0.6640854950777093 
14.929999999978543, -0.6850743535238195 
14.93999999997852, -0.695794737027087 
14.949999999978496, -0.7009016373933153 
14.959999999978473, -0.7030243670100049 
14.96999999997845, -0.7033400929554199 
14.979999999978427, -0.7021456819868999 
14.989999999978403, -0.6989953222837709 
14.99999999997838, -0.6922534496512548 
15.009999999978357, -0.6772754905610919 
15.019999999978333, -0.6397939515501221 
15.02999999997831, -0.5310748366509302 
15.039999999978287, -0.22147093497931936 
15.049999999978263, 0.20692093894494024 
15.05999999997824, 0.3937497148138559 
15.069999999978217, 0.4460720321216855 
15.079999999978194, 0.4626685571239741 
15.08999999997817, 0.4688222055780563 
15.099999999978147, 0.47114439548334913 
15.109999999978124, 0.4716641079547606 
15.1199999999781, 0.4710716529853543 
15.129999999978077, 0.4696309943818423 
15.139999999978054, 0.4675304470229936 
15.14999999997803, 0.4650500191238097 
15.159999999978007, 0.46258098569674316 
15.169999999977984, 0.4605107206155514 
15.17999999997796, 0.45908720432607986 
15.189999999977937, 0.45837539283419293 
15.199999999977914, 0.45829499483757896 
15.20999999997789, 0.4586709961325365 
15.219999999977867, 0.4592697621207377 
15.229999999977844, 0.4598319051756275 
15.23999999997782, 0.46010016905205475 
15.249999999977797, 0.45980813435036333 
15.259999999977774, 0.45857485703467055 
15.26999999997775, 0.45558967241396636 
15.279999999977727, 0.44864153960628717 
15.289999999977704, 0.43037430630517753 
15.29999999997768, 0.3693708840599914 
15.309999999977657, 0.09885203078541717 
15.319999999977634, -0.7225511242345692 
15.32999999997761, -1.2567736071784652 
15.339999999977588, -1.3899483169762166 
15.349999999977564, -1.423718310871199 
15.359999999977541, -1.4337897718679757 
15.369999999977518, -1.4368708157189232 
15.379999999977494, -1.4372668114003477 
15.389999999977471, -1.4362969899060216 
15.399999999977448, -1.4350304196578891 
15.409999999977424, -1.436076021243188 
15.419999999977401, -1.4428415152192122 
15.429999999977378, -1.4544339532354613 
15.439999999977355, -1.4661871203796373 
15.449999999977331, -1.47546460510535 
15.459999999977308, -1.482215005322074 
15.469999999977285, -1.4871042540848305 
15.479999999977261, -1.49066923480416 
15.489999999977238, -1.4932266700860972 
15.499999999977215, -1.494948434886908 
15.509999999977191, -1.4959166850324999 
15.519999999977168, -1.4961621398617624 
15.529999999977145, -1.495704726563237 
15.539999999977121, -1.494587712140101 
15.549999999977098, -1.4928822221183897 
15.559999999977075, -1.4906348991559741 
15.569999999977052, -1.4877927969280944 
15.579999999977028, -1.484305613112047 
15.589999999977005, -1.4805522466056884 
15.599999999976982, -1.4775988551218329 
15.609999999976958, -1.4762873512166528 
15.619999999976935, -1.4761216875645171 
15.629999999976912, -1.4759334057990663 
15.639999999976888, -1.4747074200999009 
15.649999999976865, -1.471095536088172 
15.659999999976842, -1.4618208152126893 
15.669999999976818, -1.4379563520389922 
15.679999999976795, -1.3770629774996466 
15.689999999976772, -1.2387625574147854 
15.699999999976749, -1.0060965087265552 
15.709999999976725, -0.7542223983525816 
15.719999999976702, -0.569209812210085 
15.729999999976679, -0.4582095589804604 
15.739999999976655, -0.3951045327431858 
15.749999999976632, -0.3587557513227289 
15.759999999976609, -0.337136712239096 
15.769999999976585, -0.3238722574021255 
15.779999999976562, -0.3155526807591925 
15.789999999976539, -0.3102958701251508 
15.799999999976515, -0.3070278015762942 
15.809999999976492, -0.3051207742831971 
15.819999999976469, -0.30420761700733673 
15.829999999976446, -0.3040855567423889 
15.839999999976422, -0.30466930521435315 
15.849999999976399, -0.30597535084729466 
15.859999999976376, -0.30813181276672547 
15.869999999976352, -0.31141770420487974 
15.879999999976329, -0.3163481235122094 
15.889999999976306, -0.3238464831883586 
15.899999999976282, -0.3355950112034043 
15.90999999997626, -0.3547380932190294 
15.919999999976236, -0.3871180756034205 
15.929999999976213, -0.4422672999805754 
15.93999999997619, -0.5285162967784788 
15.949999999976166, -0.633513057209343 
15.959999999976143, -0.7202044672309971 
15.96999999997612, -0.7703632678018173 
15.979999999976096, -0.7942535188009237 
15.989999999976073, -0.804952767724393 
15.99999999997605, -0.8096019224657416 
16.009999999976028, -0.8112984510210106 
16.019999999976005, -0.8112071013236697 
16.02999999997598, -0.8094855675176328 
16.039999999975958, -0.8054124750590409 
16.049999999975935, -0.7967250289677875 
16.05999999997591, -0.7770781979576592 
16.069999999975888, -0.7260754641642411 
16.079999999975865, -0.5568105811989686 
16.08999999997584, 0.13378184047554656 
16.099999999975818, 0.8967491344813379 
16.109999999975795, 1.0218981166614742 
16.11999999997577, 1.0430203726968752 
16.129999999975748, 1.0482718085928238 
16.139999999975725, 1.0493234687406248 
16.1499999999757, 1.0481506981296418 
16.15999999997568, 1.0440854310915326 
16.169999999975655, 1.0337442627945954 
16.17999999997563, 1.0097899512496356 
16.18999999997561, 0.9717169977898555 
16.199999999975585, 0.9463668100496972 
16.20999999997556, 0.9426969351597025 
16.21999999997554, 0.9452562919860954 
16.229999999975515, 0.9473689089894579 
16.239999999975492, 0.9481728670028484 
16.24999999997547, 0.9475918407986423 
16.259999999975445, 0.9448802677810054 
16.269999999975422, 0.9368035369371599 
16.2799999999754, 0.9081419526799323 
16.289999999975375, 0.7587827434401461 
16.299999999975352, 0.20357624385898715 
16.30999999997533, 2.660553169609337 
16.319999999975305, 2.783285771088362 
16.329999999975282, 2.7882317053471213 
16.33999999997526, 2.78661304764949 
16.349999999975235, 2.766084785974496 
16.359999999975212, -0.23177562350955547 
16.36999999997519, -3.812896736973971 
16.379999999975166, -3.8453479672644284 
16.389999999975142, -3.8472146607881443 
16.39999999997512, -3.846020443452481 
16.409999999975096, -3.841915933776268 
16.419999999975072, -3.8332530433021277 
16.42999999997505, -3.835072539125902 
16.439999999975026, -3.8354056469634847 
16.449999999975002, -3.833365651816551 
16.45999999997498, -3.836243857541227 
16.469999999974956, -3.8379349408773678 
16.479999999974932, -3.837778096647051 
16.48999999997491, -3.8355766802492175 
16.499999999974886, -3.812382108142148 
16.509999999974863, -3.1930771813845125 
16.51999999997484, -4.552749196091964 
16.529999999974816, -4.583850643291574 
16.539999999974793, -4.585445840556643 
16.54999999997477, -4.581738634189481 
16.559999999974746, -4.53790480458281 
16.569999999974723, 1.379342819858584 
16.5799999999747, 2.3478081295271886 
16.589999999974676, 2.363435797442853 
16.599999999974653, 2.3649736121488223 
16.60999999997463, 2.3644390863108393 
16.619999999974606, 2.3621648801486126 
16.629999999974583, 2.3570524279544456 
16.63999999997456, 2.3523518440937474 
16.649999999974536, 2.352493305135103 
16.659999999974513, 2.352957869853442 
16.66999999997449, 2.3507481956347944 
16.679999999974466, 2.341664779980031 
16.689999999974443, 2.344392524414533 
16.69999999997442, 2.378665738407413 
16.709999999974396, 2.389039661722723 
16.719999999974373, 2.3906937900628784 
16.72999999997435, 2.3890855499575685 
16.739999999974327, 2.376219958571276 
16.749999999974303, 1.7325201103861434 
16.75999999997428, -4.3276720702896 
16.769999999974257, -4.379063778473111 
16.779999999974233, -4.3818274901045875 
16.78999999997421, -4.3796380450028165 
16.799999999974187, -4.363981925518289 
16.809999999974163, -4.265039349488665 
16.81999999997414, -4.309586065193696 
16.829999999974117, -4.313128189237393 
16.839999999974093, -4.312414380820594 
16.84999999997407, -4.311157750524544 
16.859999999974047, -4.30873284553234 
16.869999999974024, -4.308643538896432 
16.879999999974, -4.304958584665462 
16.889999999973977, -4.304970151651359 
16.899999999973954, -4.314661889123039 
16.90999999997393, -4.315928667496757 
16.919999999973907, -4.314332662768896 
16.929999999973884, -4.29556807925021 
16.93999999997386, -1.1675615702084194 
16.949999999973837, 3.329226283726429 
16.959999999973814, 3.343678893409842 
16.96999999997379, 3.342967796260509 
16.979999999973767, 3.323410376155649 
16.989999999973744, -2.14032122039497 
16.99999999997372, -4.252488523590654 
17.009999999973697, -4.2673145916743636 
17.019999999973674, -4.2673822873917135 
17.02999999997365, -4.264710303024443 
17.039999999973627, -4.2540985684060395 
17.049999999973604, -4.252806702080829 
17.05999999997358, -4.254939727997284 
17.069999999973557, -4.253548642732566 
17.079999999973534, -4.254724332762783 
17.08999999997351, -4.254811140070795 
17.099999999973488, -4.254177370182546 
17.109999999973464, -4.249893257570521 
17.11999999997344, -4.1974168253005555 
17.129999999973418, -4.309006204386806 
17.139999999973394, -4.3321038356144665 
17.14999999997337, -4.333791867546011 
17.159999999973348, -4.330990240808382 
17.169999999973324, -4.304934547053895 
17.1799999999733, -0.9753009984438205 
17.189999999973278, 2.30435240549311 
17.199999999973254, 2.3293670984502928 
17.20999999997323, 2.3315836143409037 
17.219999999973208, 2.33052239895252 
17.229999999973185, 2.3251460305026064 
17.23999999997316, 2.3070819159431384 
17.249999999973138, 2.290787698551804 
17.259999999973115, 2.2967148885475837 
17.26999999997309, 2.299549879652574 
17.279999999973068, 2.298949535825959 
17.289999999973045, 2.296401579959217 
17.29999999997302, 2.297891600549374 
17.309999999972998, 2.3062681140640233 
17.319999999972975, 2.3110846925559776 
17.32999999997295, 2.312243143759812 
17.339999999972928, 2.3114294357617196 
17.349999999972905, 2.3061490477269557 
17.35999999997288, 2.2379279661687113 
17.36999999997286, -3.818661608097654 
17.379999999972835, -4.349098933495533 
17.38999999997281, -4.360420341661643 
17.39999999997279, -4.360504352394896 
17.409999999972765, -4.3551688084265825 
17.41999999997274, -4.2890492843852055 
17.42999999997272, -4.033201434699685 
17.439999999972695, -4.124630347634609 
17.449999999972672, -4.128203483458916 
17.45999999997265, -4.127469784924527 
17.469999999972625, -4.125511072975442 
17.479999999972602, -4.121664700226677 
17.48999999997258, -4.122072905462543 
17.499999999972555, -4.120352451630152 
17.509999999972532, -4.117965457572214 
17.51999999997251, -4.125090937299038 
17.529999999972485, -4.126801913601846 
17.539999999972462, -4.126139584823157 
17.54999999997244, -4.119050409579967 
17.559999999972415, -3.88488172641557 
17.569999999972392, 3.811730065436793 
17.57999999997237, 3.9633072562899003 
17.589999999972346, 3.964702182327625 
17.599999999972322, 3.9527349679992705 
17.6099999999723, -4.833946346634675 
17.619999999972276, -5.5803461786955815 
17.629999999972252, -5.5829282735320245 
17.63999999997223, -5.57837225938405 
17.649999999972206, -5.523517290865223 
17.659999999972182, -5.550343693875758 
17.66999999997216, -5.55113063434452 
17.679999999972136, -5.5495790161746115 
17.689999999972112, -5.545962215307974 
17.69999999997209, -5.546137408779772 
17.709999999972066, -5.543568154377156 
17.719999999972043, -5.546073271428747 
17.72999999997202, -5.545589783659164 
17.739999999971996, -5.541329247926601 
17.749999999971973, -5.509218563931364 
17.75999999997195, -5.579301865312829 
17.769999999971926, -5.581327678701827 
17.779999999971903, -5.575575855744836 
17.78999999997188, -4.127396984503556 
17.799999999971856, 3.7622437023948336 
17.809999999971833, 3.771838022887118 
17.81999999997181, 3.7695391653918042 
17.829999999971786, 3.6928467403054768 
17.839999999971763, 2.9891969167499846 
17.84999999997174, 3.1363087537865804 
17.859999999971716, 3.140426209311858 
17.869999999971693, 3.140191129503704 
17.87999999997167, 3.138078936635194 
17.889999999971646, 3.1325735206040957 
17.899999999971623, 3.130662018720396 
17.9099999999716, 3.131721281226825 
17.919999999971576, 3.129754037968934 
17.929999999971553, 3.125859272505604 
17.93999999997153, 3.1354838640578047 
17.949999999971507, 3.1408408119000715 
17.959999999971483, 3.1412142034129586 
17.96999999997146, 3.1385987197579523 
17.979999999971437, 3.097084597550208 
17.989999999971413, -5.200557967944453 
17.99999999997139, -5.644602297301077 
18.009999999971367, -5.647485036535288 
18.019999999971343, -5.641688651164534 
18.02999999997132, -4.8223577177253025 
18.039999999971297, 3.41929576483329 
18.049999999971273, 3.4369139479835153 
18.05999999997125, 3.437142260702611 
18.069999999971227, 3.4329817447591195 
18.079999999971204, 3.412245235606357 
18.08999999997118, 3.4126010264357243 
18.099999999971157, 3.4170041341306137 
18.109999999971134, 3.4163634595760284 
18.11999999997111, 3.4165085923640546 
18.129999999971087, 3.4178125712585556 
18.139999999971064, 3.4175454622507813 
18.14999999997104, 3.416684653320675 
18.159999999971017, 3.411548850799511 
18.169999999970994, 3.3408661906106056 
18.17999999997097, 3.484727685646667 
18.189999999970947, 3.5015625928881016 
18.199999999970924, 3.501586797873673 
18.2099999999709, 3.489905116609549 
18.219999999970877, -3.4500796216077054 
18.229999999970854, -5.4876059197268425 
18.23999999997083, -5.493179774323007 
18.249999999970807, -5.489864525215697 
18.259999999970784, -5.402478948336054 
18.26999999997076, -5.337708631038206 
18.279999999970737, -5.352589627001258 
18.289999999970714, -5.3516428559867695 
18.29999999997069, -5.346754125543863 
18.309999999970668, -5.343622842457387 
18.319999999970644, -5.344452874556172 
18.32999999997062, -5.343499179077616 
18.339999999970598, -5.343696292293568 
18.349999999970574, -5.342744568911542 
18.35999999997055, -5.33725839894504 
18.369999999970528, -5.337429974851987 
18.379999999970504, -5.356034651541942 
18.38999999997048, -5.35626770615068 
18.399999999970458, -5.347414564850922 
18.409999999970434, -0.4845784288764138 
18.41999999997041, 4.090256158676981 
18.429999999970388, 4.095782475366228 
18.439999999970365, 4.090592328962556 
18.44999999997034, 2.143202977927301 
18.459999999970318, -5.369333915103306 
18.469999999970295, -5.378815210235244 
18.47999999997027, -5.376973196258504 
18.489999999970248, -5.358941243679729 
18.499999999970225, -5.352369372115866 
18.5099999999702, -5.357120344280139 
18.519999999970178, -5.356161305689433 
18.529999999970155, -5.354118123575054 
18.53999999997013, -5.352969269950565 
18.549999999970108, -5.350631497152068 
18.559999999970085, -5.351039353825575 
18.56999999997006, -5.354258333359965 
18.57999999997004, -5.3534112721270395 
18.589999999970015, -5.339787229469987 
18.59999999996999, -5.372171776866795 
18.60999999996997, -5.474166762352716 
18.619999999969945, -5.475868429154525 
18.62999999996992, -5.469299709505629 
18.6399999999699, -4.378774979193122 
18.649999999969875, 3.4671461172835087 
18.659999999969852, 3.4803113962530974 
18.66999999996983, 3.4795456979703454 
18.679999999969805, 3.464702370390536 
18.689999999969782, 3.30189703564323 
18.69999999996976, 3.3803769176740226 
18.709999999969735, 3.3857184103737388 
18.719999999969712, 3.3856372903803207 
18.72999999996969, 3.3849649733351264 
18.739999999969665, 3.3827605663734843 
18.749999999969642, 3.3812581602283025 
18.75999999996962, 3.381047154910486 
18.769999999969595, 3.376765734243513 
18.779999999969572, 3.3705257818617205 
18.78999999996955, 3.392779241682388 
18.799999999969526, 3.39750415294517 
18.809999999969502, 3.3968543312271366 
18.81999999996948, 3.3865737936971683 
18.829999999969456, -0.4961792312247981 
18.839999999969432, -5.559274682524249 
18.84999999996941, -5.567455709374588 
18.859999999969386, -5.564749683897274 
18.869999999969362, -5.490706036301512 
18.87999999996934, 2.578034286962509 
18.889999999969316, 2.8359471413124617 
18.899999999969292, 2.842176217378557 
18.90999999996927, 2.842297444275935 
18.919999999969246, 2.840488898293605 
18.929999999969223, 2.834842994599121 
18.9399999999692, 2.8291447519950443 
18.949999999969176, 2.8305194289337807 
18.959999999969153, 2.8307583264563965 
18.96999999996913, 2.8275002753478162 
18.979999999969106, 2.8258848308468947 
18.989999999969083, 2.837696809880728 
18.99999999996906, 2.84283700764223 
19.009999999969036, 2.8433196371388063 
19.019999999969013, 2.8409991743699723 
19.02999999996899, 2.8150432769839155 
19.039999999968966, -3.4835659188458985 
19.049999999968943, -5.0000802949828245 
19.05999999996892, -5.009074853440286 
19.069999999968896, -5.007714461093735 
19.079999999968873, -4.990148058167462 
19.08999999996885, -2.869610123761139 
19.099999999968826, -3.6197267648968903 
19.109999999968803, -3.680118577888718 
19.11999999996878, -3.6834973500491683 
19.129999999968756, -3.682903314233961 
19.139999999968733, -3.681145832997428 
19.14999999996871, -3.676754309299386 
19.159999999968687, -3.6755044484005808 
19.169999999968663, -3.6758826027461247 
19.17999999996864, -3.672357543495599 
19.189999999968617, -3.6734261464154825 
19.199999999968593, -3.681932167688821 
19.20999999996857, -3.684012692225095 
19.219999999968547, -3.6837037786949716 
19.229999999968523, -3.67945345911208 
19.2399999999685, -3.635226132127589 
19.249999999968477, -0.01006693153386784 
19.259999999968453, 2.1620087240922974 
19.26999999996843, 2.1894154302280464 
19.279999999968407, 2.1920180743029376 
19.289999999968384, 2.190367375604864 
19.29999999996836, 2.1793730981642625 
19.309999999968337, 2.075477158328449 
19.319999999968314, 1.8734445735696847 
19.32999999996829, 1.9532123673366393 
19.339999999968267, 1.9660125072165031 
19.349999999968244, 1.9679420216279826 
19.35999999996822, 1.9676707928887276 
19.369999999968197, 1.9674996527189257 
19.379999999968174, 1.968931534394299 
19.38999999996815, 1.9710908711157 
19.399999999968127, 1.9723505788684297 
19.409999999968104, 1.9725882008724411 
19.41999999996808, 1.9720146460572594 
19.429999999968057, 1.9695581540479723 
19.439999999968034, 1.9558541764273105 
19.44999999996801, 1.6754003524126369 
19.459999999967987, -3.981020983004016 
19.469999999967964, -4.166214352219756 
19.47999999996794, -4.174572339487948 
19.489999999967917, -4.1744917424552845 
19.499999999967894, -4.16927428556703 
19.50999999996787, -4.116583552299387 
19.519999999967848, -3.553923575947531 
19.529999999967824, -3.7856588400582667 
19.5399999999678, -3.7964443966501626 
19.549999999967778, -3.7965956427382443 
19.559999999967754, -3.7955823157911737 
19.56999999996773, -3.7928894891668685 
19.579999999967708, -3.790424586633781 
19.589999999967684, -3.7908148046329493 
19.59999999996766, -3.787800550200269 
19.609999999967638, -3.7852221504301076 
19.619999999967614, -3.7968455827557515 
19.62999999996759, -3.800251796069052 
19.639999999967568, -3.800273113979114 
19.649999999967545, -3.7968270855936432 
19.65999999996752, -3.7627719230829335 
19.669999999967498, -0.6738974815275668 
19.679999999967475, 2.1871583248138124 
19.68999999996745, 2.217362753170364 
19.699999999967428, 2.220117084091088 
19.709999999967405, 2.2185488933901425 
19.71999999996738, 2.2079645001444757 
19.729999999967358, 2.111983616193512 
19.739999999967335, 1.9400915018353735 
19.74999999996731, 2.0099376048519924 
19.759999999967288, 2.0213070465397363 
19.769999999967265, 2.0229255223210627 
19.77999999996724, 2.0225681899841734 
19.78999999996722, 2.0225292142811058 
19.799999999967195, 2.0241261935922017 
19.80999999996717, 2.0261086584029178 
19.81999999996715, 2.0270649807991434 
19.829999999967125, 2.027089145023413 
19.8399999999671, 2.02627096079379 
19.84999999996708, 2.0227975195600907 
19.859999999967055, 1.9988254981659277 
19.869999999967032, 0.9761231607200734 
19.87999999996701, -4.246324332083512 
19.889999999966985, -4.30713217468522 
19.899999999966962, -4.3110114264941535 
19.90999999996694, -4.309433024196254 
19.919999999966915, -4.297614598811453 
19.929999999966892, -3.969912351795063 
19.93999999996687, -3.6241313990626756 
19.949999999966845, -3.716130943713236 
19.959999999966822, -3.720690012116819 
19.9699999999668, -3.7202555966416866 
19.979999999966775, -3.7188994307070984 
19.989999999966752, -3.715376020079804 
19.99999999996673, -3.7138758904046 
20.009999999966706, -3.714078783199688 
20.019999999966682, -3.710189686839969 
20.02999999996666, -3.710655610307703 
20.039999999966636, -3.7212686146362706 
20.049999999966612, -3.723875275057472 
20.05999999996659, -3.7236702817261644 
20.069999999966566, -3.7195853038001188 
20.079999999966542, -3.678726547597923 
20.08999999996652, -0.3304222228996866 
20.099999999966496, 2.0681555044272004 
20.109999999966472, 2.0989976189137587 
20.11999999996645, 2.102096595086012 
20.129999999966426, 2.100946357750071 
20.139999999966403, 2.093192731566533 
20.14999999996638, 2.041175066254856 
20.159999999966356, 1.882656925640545 
20.169999999966333, 1.9293682029740176 
20.17999999996631, 1.9451546863882818 
20.189999999966286, 1.9478616415843752 
20.199999999966263, 1.9476316440596988 
20.20999999996624, 1.946946481287845 
20.219999999966216, 1.9482379947145219 
20.229999999966193, 1.9516463980719063 
20.23999999996617, 1.9542953558701996 
20.249999999966146, 1.9553032797554142 
20.259999999966123, 1.9551314081946098 
20.2699999999661, 1.9534287299336524 
20.279999999966076, 1.9450555397940577 
20.289999999966053, 1.840485370247853 
20.29999999996603, -3.427636078415426 
20.309999999966006, -4.00999700813927 
20.319999999965983, -4.026173092887153 
20.32999999996596, -4.027545824804607 
20.339999999965936, -4.0248827722915355 
20.349999999965913, -4.00856734726209 
20.35999999996589, -3.780183372202127 
20.369999999965867, -3.8203684838772283 
20.379999999965843, -3.840821445717716 
20.38999999996582, -3.8416945341649544 
20.399999999965797, -3.840935489461195 
20.409999999965773, -3.839303837350953 
20.41999999996575, -3.8368323030083573 
20.429999999965727, -3.8368827826882907 
20.439999999965703, -3.834235347476681 
20.44999999996568, -3.827875461633319 
20.459999999965657, -3.8434659732418233 
20.469999999965633, -3.849261088967978 
20.47999999996561, -3.849795859097648 
20.489999999965587, -3.8472702343622878 
20.499999999965564, -3.8258920042431663 
20.50999999996554, -2.591553207058385 
20.519999999965517, 2.039318735068311 
20.529999999965494, 2.0944285764681148 
20.53999999996547, 2.0991357444834744 
20.549999999965447, 2.0987099168115604 
20.559999999965424, 2.0935512078600262 
20.5699999999654, 2.064919775825115 
20.579999999965377, 1.9509903403186584 
20.589999999965354, 1.9623836602153848 
20.59999999996533, 1.980435777095791 
20.609999999965307, 1.9838908687399897 
20.619999999965284, 1.9837886704970025 
20.62999999996526, 1.9827897330338626 
20.639999999965237, 1.9837242071649475 
20.649999999965214, 1.9877217005053265 
20.65999999996519, 1.991173442721281 
20.669999999965167, 1.992588029366632 
20.679999999965144, 1.992576748802854 
20.68999999996512, 1.9910098604175084 
20.699999999965097, 1.9831862282331063 
20.709999999965074, 1.886210986835795 
20.71999999996505, -3.4386610769444856 
20.729999999965028, -4.0298235271913105 
20.739999999965004, -4.045788056542228 
20.74999999996498, -4.047078119749484 
20.759999999964958, -4.044309636454805 
20.769999999964934, -4.02694644947724 
20.77999999996491, -3.799633035885485 
20.789999999964888, -3.8593146346536273 
20.799999999964864, -3.875799726616287 
20.80999999996484, -3.8763343250064985 
20.819999999964818, -3.8755546734528856 
20.829999999964794, -3.8737378847835586 
20.83999999996477, -3.87150529940766 
20.849999999964748, -3.871557864059015 
20.859999999964725, -3.8681614666110975 
20.8699999999647, -3.863909076189411 
20.879999999964678, -3.8794212076127983 
20.889999999964655, -3.8836884722123424 
20.89999999996463, -3.883791357943692 
20.909999999964608, -3.880180309576126 
20.919999999964585, -3.843278546768045 
20.92999999996456, -0.21183512947616498 
20.939999999964538, 2.141648075075172 
20.949999999964515, 2.1688992570319154 
20.95999999996449, 2.171525864083485 
20.969999999964468, 2.1700534688663695 
20.979999999964445, 2.160813410672323 
20.98999999996442, 2.095746429068981 
20.9999999999644, 1.9745124391029105 
21.009999999964375, 2.0206513120772223 
21.01999999996435, 2.0313926930113935 
21.02999999996433, 2.0329785547225745 
21.039999999964305, 2.0324400469295623 
21.04999999996428, 2.0321845814594344 
21.05999999996426, 2.034248303068546 
21.069999999964235, 2.037169457776028 
21.079999999964212, 2.038745431813255 
21.08999999996419, 2.039016746913462 
21.099999999964165, 2.0382404396583476 
21.109999999964142, 2.034686910683166 
21.11999999996412, 2.009385053767816 
21.129999999964095, 0.6894856810399941 
21.139999999964072, -4.1400895337741055 
21.14999999996405, -4.191557441844551 
21.159999999964025, -4.195375138061121 
21.169999999964002, -4.193944054373142 
21.17999999996398, -4.1839028773296345 
21.189999999963955, -4.000596475009765 
21.199999999963932, -3.791016450293508 
21.20999999996391, -3.8578048851485542 
21.219999999963886, -3.861049953174322 
21.229999999963862, -3.86041025152293 
21.23999999996384, -3.858865767324417 
21.249999999963816, -3.8553073347830953 
21.259999999963792, -3.8549484047963682 
21.26999999996377, -3.8542061687017766 
21.279999999963746, -3.8490246741249705 
21.289999999963722, -3.85622059252729 
21.2999999999637, -3.8626954762874135 
21.309999999963676, -3.8635616489276865 
21.319999999963652, -3.862006142039198 
21.32999999996363, -3.8488537740692097 
21.339999999963606, -3.333425272059061 
21.349999999963583, 2.338062562445427 
21.35999999996356, 2.4146215628845202 
21.369999999963536, 2.419191996032525 
21.379999999963513, 2.418098277893681 
21.38999999996349, 2.407797428622924 
21.399999999963466, 2.2574095313350737 
21.409999999963443, 1.9411076100570708 
21.41999999996342, 2.061678751960929 
21.429999999963396, 2.0736241789905656 
21.439999999963373, 2.0751945465183677 
21.44999999996335, 2.0750513569541345 
21.459999999963326, 2.0751628702006655 
21.469999999963303, 2.075914200213834 
21.47999999996328, 2.0764082884907955 
21.489999999963256, 2.076292370434857 
21.499999999963233, 2.0758767552751216 
21.50999999996321, 2.074813875158274 
21.519999999963186, 2.0701504102086132 
21.529999999963163, 2.0315714688890028 
21.53999999996314, 0.7106014714725285 
21.549999999963116, -6.791295575150731 
21.559999999963093, -6.895901838849784 
21.56999999996307, -6.893841737667373 
21.579999999963047, -6.435810823468505 
21.589999999963023, 4.868081461076896 
21.599999999963, 4.872499834524879 
21.609999999962977, 4.864555233891001 
21.619999999962953, 4.731642988160685 
21.62999999996293, 4.7985295287446394 
21.639999999962907, 4.7990459598546815 
21.649999999962883, 4.7964325994558275 
21.65999999996286, 4.790358451344309 
21.669999999962837, 4.79232438005221 
21.679999999962813, 4.790709528568226 
21.68999999996279, 4.791964749290416 
21.699999999962767, 4.7918509972697425 
21.709999999962744, 4.790443771346562 
21.71999999996272, 4.772973042903153 
21.729999999962697, 4.804193532319429 
21.739999999962674, 4.81198052521529 
21.74999999996265, 4.809182428258802 
21.759999999962627, 3.7655320064415436 
21.769999999962604, -7.150652491339583 
21.77999999996258, -7.153109085699005 
21.789999999962557, -7.124776469873328 
21.799999999962534, 5.067925751484367 
21.80999999996251, 5.086667376157602 
21.819999999962487, 5.083271250408843 
21.829999999962464, 4.960601390121669 
21.83999999996244, 5.0317908595952945 
21.849999999962417, 5.03301820644667 
21.859999999962394, 5.030879897449544 
21.86999999996237, 5.024999853902946 
21.879999999962347, 5.026688909226597 
21.889999999962324, 5.025006736473523 
21.8999999999623, 5.026287697667822 
21.909999999962277, 5.025800933310283 
21.919999999962254, 5.0238712438268065 
21.92999999996223, 5.001261357837189 
21.939999999962208, 5.038895306982804 
21.949999999962184, 5.0410027680270115 
21.95999999996216, 5.032372318773808 
21.969999999962138, -7.470576404098674 
21.979999999962114, -7.892589781418929 
21.98999999996209, -7.8886918007201885 
21.999999999962068, 5.617598357013998 
22.009999999962044, 5.877078140062648 
22.01999999996202, 5.8741668039133454 
22.029999999961998, 5.549280453850119 
22.039999999961974, 5.752040992311605 
22.04999999996195, 5.751718225594991 
22.059999999961928, 5.740386199430289 
22.069999999961905, 5.741604321535083 
22.07999999996188, 5.741830338711219 
22.089999999961858, 5.740969450302813 
22.099999999961835, 5.738833352844788 
22.10999999996181, 5.7375282702804755 
22.119999999961788, 5.735328231901463 
22.129999999961765, 5.739424622931277 
22.13999999996174, 5.737892969320362 
22.149999999961718, 5.689902283224933 
22.159999999961695, 5.7717145474751135 
22.16999999996167, 5.773435922634665 
22.179999999961648, 5.726767211738189 
22.189999999961625, -7.95902679575551 
22.1999999999616, -7.963630164779184 
22.20999999996158, -7.903348779846425 
22.219999999961555, 5.890450328806753 
22.22999999996153, 5.894349029902241 
22.23999999996151, 5.868195533816636 
22.249999999961485, 5.8217413995810325 
22.25999999996146, 5.827673924562214 
22.26999999996144, 5.82475333608002 
22.279999999961415, 5.816279570076624 
22.289999999961392, 5.819501529319153 
22.29999999996137, 5.818593507665106 
22.309999999961345, 5.817309804806422 
22.319999999961322, 5.816132329553571 
22.3299999999613, 5.8105173224370725 
22.339999999961275, 5.817300570737947 
22.349999999961252, 5.817340567463459 
22.35999999996123, 5.805902535348128 
22.369999999961205, 5.855799064712944 
22.379999999961182, 5.8697708242648705 
22.38999999996116, 5.861294283940189 
22.399999999961135, -7.9225175054209345 
22.409999999961112, -7.954300212257399 
22.41999999996109, -7.943204608874891 
22.429999999961066, 5.774559778142552 
22.439999999961042, 5.8001794982629225 
22.44999999996102, 5.794755614019438 
22.459999999960996, 5.719793074005178 
22.469999999960972, 5.7534314616299795 
22.47999999996095, 5.752479775325912 
22.489999999960926, 5.744921215279907 
22.499999999960902, 5.746366480270435 
22.50999999996088, 5.745363788915841 
22.519999999960856, 5.745280814034518 
22.529999999960832, 5.74387288841911 
22.53999999996081, 5.740981779168971 
22.549999999960786, 5.740670232334818 
22.559999999960763, 5.74689226223631 
22.56999999996074, 5.744456019938836 
22.579999999960716, 5.536398444599404 
22.589999999960693, 5.845334768709307 
22.59999999996067, 5.84492521451633 
22.609999999960646, 4.878291367413612 
22.619999999960623, -7.860732969450484 
22.6299999999606, -7.8599380460117825 
22.639999999960576, -6.577767727336033 
22.649999999960553, 5.264755801152583 
22.65999999996053, 5.26789478588581 
22.669999999960506, 5.259681026157926 
22.679999999960483, 5.229091649578438 
22.68999999996046, 5.242836085001388 
22.699999999960436, 5.242256095539497 
22.709999999960413, 5.239254862528329 
22.71999999996039, 5.2376586231649656 
22.729999999960366, 5.236666599189872 
22.739999999960343, 5.236297787550567 
22.74999999996032, 5.237880553759629 
22.759999999960296, 5.23662593016601 
22.769999999960273, 5.220053254583581 
22.77999999996025, 5.252681549350728 
22.789999999960227, 5.260042650311999 
22.799999999960203, 5.255144498403075 
22.80999999996018, -6.793576249989838 
22.819999999960157, -7.622394748023387 
22.829999999960133, -7.6199855537595 
22.83999999996011, 0.5447125417321352 
22.849999999960087, 5.5781388604968045 
22.859999999960063, 5.5779542613261635 
22.86999999996004, 5.494892316716161 
22.879999999960017, 5.501932635933519 
22.889999999959993, 5.504924231671458 
22.89999999995997, 5.501897077413107 
22.909999999959947, 5.493879435054744 
22.919999999959924, 5.496983051982795 
22.9299999999599, 5.495993337907819 
22.939999999959877, 5.495526082303689 
22.949999999959854, 5.494248634988134 
22.95999999995983, 5.489849388806446 
22.969999999959807, 5.493738401613498 
22.979999999959784, 5.49788376392058 
22.98999999995976, 5.494975524813623 
22.999999999959737, 5.258635916688428 
23.009999999959714, 5.618040298921098 
23.01999999995969, 5.618070925529432 
23.029999999959667, 5.3535519449236855 
23.039999999959644, -7.621812997194804 
23.04999999995962, -7.62299562747756 
23.059999999959597, -7.518761826397909 
23.069999999959574, -5.253157251722978 
23.07999999995955, -5.357094627578796 
23.089999999959527, -5.357663052177637 
23.099999999959504, -5.3531778745155165 
23.10999999995948, -5.335407799501541 
23.119999999959457, -5.343678635929139 
23.129999999959434, -5.343058327707391 
23.13999999995941, -5.342389490166486 
23.149999999959388, -5.340606916950773 
23.159999999959364, -5.339515349901216 
23.16999999995934, -5.333422327396494 
23.179999999959318, -5.342837373658554 
23.189999999959294, -5.343754214014651 
23.19999999995927, -5.340405921399093 
23.209999999959248, -5.14156961763225 
23.219999999959224, -5.674457043421744 
23.2299999999592, -5.69238938409263 
23.239999999959178, -5.690923727014669 
23.249999999959154, -5.652921838206117 
23.25999999995913, 3.589722240099398 
23.269999999959108, 3.6799959057508156 
23.279999999959085, 3.6813679526848104 
23.28999999995906, 3.6760316209847685 
23.299999999959038, 3.60193189104897 
23.309999999959015, 3.6181532961395 
23.31999999995899, 3.6265295708780627 
23.329999999958968, 3.6265170612829998 
23.339999999958945, 3.6260651585695953 
23.34999999995892, 3.6242882556977243 
23.359999999958898, 3.622917309685377 
23.369999999958875, 3.622410136257939 
23.37999999995885, 3.6164507733346185 
23.389999999958828, 3.6177828700137056 
23.399999999958805, 3.6351064239037902 
23.40999999995878, 3.6370166616514923 
23.41999999995876, 3.634716287870558 
23.429999999958735, 3.576389058235578 
23.43999999995871, -5.885805129011258 
23.44999999995869, -5.957238302214628 
23.459999999958665, -5.956989486850914 
23.46999999995864, -5.935260771574162 
23.47999999995862, 3.516292228887359 
23.489999999958595, 3.7350799767884397 
23.499999999958572, 3.7375005952795277 
23.50999999995855, 3.7349540881281085 
23.519999999958525, 3.7149461334046245 
23.529999999958502, 3.7081217305614684 
23.53999999995848, 3.7149681944541415 
23.549999999958455, 3.714657145021595 
23.559999999958432, 3.714720645039763 
23.56999999995841, 3.714715194306899 
23.579999999958385, 3.713765427374259 
23.589999999958362, 3.7127321341510244 
23.59999999995834, 3.703488430380581 
23.609999999958315, 3.7029734575100797 
23.619999999958292, 3.741668314156635 
23.62999999995827, 3.7441927665819463 
23.639999999958246, 3.740916168956615 
23.649999999958222, 3.554782525314912 
23.6599999999582, -5.766910730570689 
23.669999999958176, -5.787671879821632 
23.679999999958152, -5.786091572934855 
23.68999999995813, -5.74455171602146 
23.699999999958106, -4.259931901086162 
23.709999999958082, -4.653902103107036 
23.71999999995806, -4.658686628575469 
23.729999999958036, -4.657439677781555 
23.739999999958012, -4.651577121989897 
23.74999999995799, -4.644708137288917 
23.759999999957966, -4.6479855238586065 
23.769999999957943, -4.64669701672205 
23.77999999995792, -4.647411521022932 
23.789999999957896, -4.6471198787311465 
23.799999999957873, -4.646295897507926 
23.80999999995785, -4.639327332270149 
23.819999999957826, -4.626043354855834 
23.829999999957803, -4.6777624763641175 
23.83999999995778, -4.681694010301206 
23.849999999957756, -4.680100208914881 
23.859999999957733, -4.659852536049133 
23.86999999995771, 0.34872243446759443 
23.879999999957686, 2.744140190052058 
23.889999999957663, 2.757965545752193 
23.89999999995764, 2.758306332095956 
23.909999999957616, 2.7528488273421607 
23.919999999957593, 2.695343088612052 
23.92999999995757, 2.574728504193682 
23.939999999957546, 2.628649121047727 
23.949999999957523, 2.6341332450425834 
23.9599999999575, 2.634312195303399 
23.969999999957476, 2.6341970131389707 
23.979999999957453, 2.6344649922708863 
23.98999999995743, 2.634038762770508 
23.999999999957407, 2.6332658941011764 
24.009999999957383, 2.6326213187988268 
24.01999999995736, 2.6297655947877554 
24.029999999957337, 2.6056929545031284 
24.039999999957313, 2.56605441867809 
24.04999999995729, 2.777273422484755 
24.059999999957267, 2.791122605817758 
24.069999999957243, 2.7917612171335207 
24.07999999995722, 2.7862231846883465 
24.089999999957197, 2.6360338676463746 
24.099999999957173, -4.576199479306267 
24.10999999995715, -4.659297657131231 
24.119999999957127, -4.66177531108209 
24.129999999957104, -4.659177508518979 
24.13999999995708, -4.6383022187509 
24.149999999957057, -4.612089417233526 
24.159999999957034, -4.625938844358197 
24.16999999995701, -4.625784039313919 
24.179999999956987, -4.625040681185939 
24.189999999956964, -4.622899220263784 
24.19999999995694, -4.622358190275114 
24.209999999956917, -4.619466307498278 
24.219999999956894, -4.617460749464667 
24.22999999995687, -4.627305366301205 
24.239999999956847, -4.628310593866552 
24.249999999956824, -4.626052970580078 
24.2599999999568, -4.584970959768886 
24.269999999956777, 2.801552957816376 
24.279999999956754, 4.552479493617502 
24.28999999995673, 4.5550470369932485 
24.299999999956707, 4.540586031062879 
24.309999999956684, -6.220152498001893 
24.31999999995666, -6.327774727126201 
24.329999999956637, -6.326765029175769 
24.339999999956614, -6.292241628223408 
24.34999999995659, -6.270350032511823 
24.359999999956568, -6.275888070501839 
24.369999999956544, -6.273656474437475 
24.37999999995652, -6.267041764618432 
24.389999999956498, -6.268872432567297 
24.399999999956474, -6.267619379543921 
24.40999999995645, -6.266766194305819 
24.419999999956428, -6.265416539180792 
24.429999999956404, -6.257454322641844 
24.43999999995638, -6.2680153780101 
24.449999999956358, -6.267979302160922 
24.459999999956334, -6.254813706060771 
24.46999999995631, -6.371963545456081 
24.479999999956288, -6.427597975190918 
24.489999999956265, -6.4261802193380095 
24.49999999995624, -6.326232047016946 
24.509999999956218, 4.427273479549182 
24.519999999956195, 4.441440468731089 
24.52999999995617, 4.43847124141782 
24.539999999956148, 4.216256168010012 
24.549999999956125, 4.218421316298385 
24.5599999999561, 4.228816904892524 
24.569999999956078, 4.228299684372262 
24.579999999956055, 4.223526597491451 
24.58999999995603, 4.217121208568573 
24.599999999956008, 4.219939416557941 
24.609999999955985, 4.218636857264163 
24.61999999995596, 4.219422555623897 
24.62999999995594, 4.220409084738902 
24.639999999955915, 4.219628554161039 
24.64999999995589, 4.215771298213424 
24.65999999995587, 4.1709131606856555 
24.669999999955845, 4.255280234736757 
24.67999999995582, 4.259907011212997 
24.6899999999558, 4.256312476508685 
24.699999999955775, 3.3830115690458684 
24.709999999955752, -6.292585557936067 
24.71999999995573, -6.298623551081732 
24.729999999955705, -6.292465995083139 
24.739999999955682, -3.1230243999103333 
24.74999999995566, 2.136463925678239 
24.759999999955635, 2.297304015089219 
24.769999999955612, 2.3054266092975597 
24.77999999995559, 2.306275940683326 
24.789999999955565, 2.30593834869184 
24.799999999955542, 2.3048322578082034 
24.80999999995552, 2.302543950042069 
24.819999999955495, 2.30024603108534 
24.829999999955472, 2.299677769469773 
24.83999999995545, 2.2993081735128964 
24.849999999955426, 2.2960543524758665 
24.859999999955402, 2.277191291397759 
24.86999999995538, 2.26408035855461 
24.879999999955356, 2.378189760848674 
24.889999999955332, 2.396909575789182 
24.89999999995531, 2.3992293416511554 
24.909999999955286, 2.3974374149631785 
24.919999999955262, 2.3815657181249787 
24.92999999995524, 1.2439893897994947 
24.939999999955216, -4.24158747481623 
24.949999999955192, -4.279528059261197 
24.95999999995517, -4.281414856147422 
24.969999999955146, -4.279165435912316 
24.979999999955123, -4.265919323224084 
24.9899999999551, -4.235042419584109 
24.999999999955076, -4.249853568095917 
