t, s[1].omega / s[0].omega 
0, -3.724994092400982 
0.009999999999999995, -3.7228082040586323 
0.019999999999999934, -3.7121767666659027 
0.029999999999999874, -3.614229902656583 
0.04000000000000012, -3.467483795786566 
0.050000000000000405, -3.5437528828440756 
0.06000000000000069, -3.550357951844545 
0.07000000000000098, -3.550460551251091 
0.08000000000000126, -3.5495012800823256 
0.09000000000000155, -3.547679875845481 
0.10000000000000184, -3.545501251292275 
0.11000000000000212, -3.5455590399276575 
0.12000000000000241, -3.544590076276454 
0.130000000000002, -3.540283456489231 
0.1400000000000009, -3.5434486215232894 
0.1499999999999998, -3.55173615185139 
0.1599999999999987, -3.553969429519718 
0.1699999999999976, -3.553808218962846 
0.1799999999999965, -3.550631722584137 
0.1899999999999954, -3.529421953197319 
0.1999999999999943, -3.031296967551893 
0.2099999999999932, 1.5000442579101843 
0.2199999999999921, 1.8990880059396171 
0.229999999999991, 1.9160558656951134 
0.2399999999999899, 1.9183574448942604 
0.2499999999999888, 1.9179147007150021 
0.2599999999999877, 1.9152178654490737 
0.2699999999999866, 1.907977522050438 
0.2799999999999855, 1.8957539557649743 
0.2899999999999844, 1.8910173792715788 
0.2999999999999833, 1.8933251096783217 
0.3099999999999822, 1.894645726529116 
0.3199999999999811, 1.8941134130394741 
0.32999999999998, 1.8917820565968053 
0.3399999999999789, 1.8898242958949356 
0.3499999999999778, 1.896741676381271 
0.35999999999997667, 1.9070673301497252 
0.36999999999997557, 1.9119307296848913 
0.37999999999997447, 1.9132308629825718 
0.38999999999997337, 1.912520993625677 
0.39999999999997227, 1.9081209555242775 
0.40999999999997117, 1.8761325327162541 
0.41999999999997006, 0.7113966761331969 
0.42999999999996896, -3.381292550222522 
0.43999999999996786, -3.561774208962208 
0.44999999999996676, -3.5726931844522545 
0.45999999999996566, -3.573596638260837 
0.46999999999996456, -3.5721189536783235 
0.47999999999996346, -3.567415352250992 
0.48999999999996235, -3.5562334127065376 
0.49999999999996125, -3.5562369112604904 
0.5099999999999602, -3.5586757685386523 
0.519999999999959, -3.5579887261352305 
0.529999999999958, -3.557335809359246 
0.5399999999999568, -3.558553959643958 
0.5499999999999557, -3.5588391742285 
0.5599999999999546, -3.55853082069468 
0.5699999999999535, -3.5564955677016767 
0.5799999999999524, -3.5419681447712157 
0.5899999999999513, -3.4450770468069907 
0.5999999999999502, -3.6628967854474217 
0.6099999999999491, -3.7020266774360535 
0.619999999999948, -3.7068857827207586 
0.6299999999999469, -3.7068273560046507 
0.6399999999999458, -3.7032764210753273 
0.6499999999999447, -3.684306148171531 
0.6599999999999436, -3.48027512162603 
0.6699999999999425, -3.465704642133989 
0.6799999999999414, -3.5098833608612425 
0.6899999999999403, -3.5136994750493225 
0.6999999999999392, -3.5134061798082294 
0.7099999999999381, -3.512331316500918 
0.719999999999937, -3.5102170950957747 
0.7299999999999359, -3.5084025021782765 
0.7399999999999348, -3.5085801932140797 
0.7499999999999337, -3.5071603364667845 
0.7599999999999326, -3.5025835774672602 
0.7699999999999315, -3.5080944219741084 
0.7799999999999304, -3.515619807622678 
0.7899999999999293, -3.5174778446836847 
0.7999999999999282, -3.5171181764461052 
0.8099999999999271, -3.51339626458928 
0.819999999999926, -3.488031653114356 
0.8299999999999249, -2.856483148658834 
0.8399999999999238, 1.4964263932918578 
0.8499999999999227, 1.809254930522434 
0.8599999999999216, 1.8253717106182734 
0.8699999999999205, 1.8277432545146752 
0.8799999999999194, 1.8274641840231634 
0.8899999999999183, 1.8252850653795185 
0.8999999999999172, 1.8198053254012911 
0.9099999999999161, 1.8103994404239068 
0.919999999999915, 1.804501890994139 
0.9299999999999139, 1.8052360367421012 
0.9399999999999128, 1.8065016950085409 
0.9499999999999117, 1.806279705800795 
0.9599999999999106, 1.8040622231779024 
0.9699999999999095, 1.799568711630219 
0.9799999999999084, 1.8019521270484784 
0.9899999999999073, 1.8193482430980619 
0.9999999999999062, 1.8304885416478018 
1.0099999999999052, 1.8341118636372649 
1.019999999999904, 1.8345918830407495 
1.029999999999903, 1.8326819185714207 
1.039999999999902, 1.8226840769695056 
1.0499999999999008, 1.7070413258179542 
1.0599999999998997, -1.0046557193748709 
1.0699999999998986, -2.875618698328215 
1.0799999999998975, -2.9924378584242923 
1.0899999999998964, -3.0041536882891426 
1.0999999999998953, -3.0057727154636513 
1.1099999999998942, -3.00522273019953 
1.119999999999893, -3.003740957718986 
1.129999999999892, -3.000825203261996 
1.1399999999998909, -2.997546574692848 
1.1499999999998898, -2.9975529907421166 
1.1599999999998887, -2.9977025321733177 
1.1699999999998876, -2.9955544807081695 
1.1799999999998865, -2.9911899705744878 
1.1899999999998854, -2.9980445477684228 
1.1999999999998843, -3.008011891760078 
1.2099999999998832, -3.0116197011197245 
1.219999999999882, -3.0124362298873 
1.229999999999881, -3.011436166472281 
1.2399999999998799, -3.0068789949655805 
1.2499999999998788, -2.9874092874042395 
1.2599999999998777, -2.835920881029913 
1.2699999999998766, -1.110958319716615 
1.2799999999998755, 0.5118890647024167 
1.2899999999998744, 0.7346139923337055 
1.2999999999998733, 0.7709386766978288 
1.3099999999998722, 0.7805122450196442 
1.319999999999871, 0.7837062275844979 
1.32999999999987, 0.7847740142238813 
1.3399999999998689, 0.7849832297218623 
1.3499999999998678, 0.7848840110206694 
1.3599999999998666, 0.7849231352574442 
1.3699999999998655, 0.785725711024161 
1.3799999999998644, 0.7881493157731743 
1.3899999999998633, 0.7927542588096603 
1.3999999999998622, 0.7988201919914173 
1.4099999999998611, 0.8045418836448484 
1.41999999999986, 0.8086318419661455 
1.429999999999859, 0.8109355203348854 
1.4399999999998578, 0.8117743262621673 
1.4499999999998567, 0.8112966841341214 
1.4599999999998556, 0.8090139906306645 
1.4699999999998545, 0.8026819771327661 
1.4799999999998534, 0.7833592289705721 
1.4899999999998523, 0.7114504766032581 
1.4999999999998512, 0.4855134346782612 
1.5099999999998501, 0.29163071897403237 
1.519999999999849, 0.27924223644813795 
1.529999999999848, 0.296314383995583 
1.5399999999998468, 0.3070811373416943 
1.5499999999998457, 0.3125858560132847 
1.5599999999998446, 0.3153085249921707 
1.5699999999998435, 0.3165190481411929 
1.5799999999998424, 0.31676004171641753 
1.5899999999998413, 0.31617094161812054 
1.5999999999998402, 0.31456380007384155 
1.6099999999998391, 0.31125804054521883 
1.619999999999838, 0.3044079848585008 
1.629999999999837, 0.28856674301449753 
1.6399999999998358, 0.24413810993854762 
1.6499999999998347, 0.07971376831361467 
1.6599999999998336, -0.635983347269946 
1.6699999999998325, -1.9057975672127359 
1.6799999999998314, -2.2950441743884715 
1.6899999999998303, -2.3651410966408113 
1.6999999999998292, -2.3821159738910334 
1.709999999999828, -2.386963371320387 
1.719999999999827, -2.3880444959489924 
1.729999999999826, -2.3875799467311585 
1.7399999999998248, -2.386252223448782 
1.7499999999998237, -2.3840053741979603 
1.7599999999998226, -2.3805401351478603 
1.7699999999998215, -2.3775564949838444 
1.7799999999998204, -2.3772656239976735 
1.7899999999998193, -2.377599685513895 
1.7999999999998182, -2.376534991257142 
1.809999999999817, -2.3720870993359524 
1.819999999999816, -2.360962287972419 
1.8299999999998149, -2.3690895464092567 
1.8399999999998138, -2.415561920373504 
1.8499999999998127, -2.441281383259022 
1.8599999999998116, -2.450800951648713 
1.8699999999998105, -2.4544567968880413 
1.8799999999998094, -2.4555874736522902 
1.8899999999998083, -2.4551009400630273 
1.8999999999998072, -2.452930249587868 
1.909999999999806, -2.447939375277393 
1.919999999999805, -2.436080874691629 
1.9299999999998039, -2.4051764798748434 
1.9399999999998028, -2.355240800722481 
1.9499999999998017, -2.3511880084919903 
1.9599999999998006, -2.361629319512975 
1.9699999999997995, -2.365020775199994 
1.9799999999997984, -2.365226241183971 
1.9899999999997973, -2.3641462316777293 
1.9999999999997962, -2.3638644570873746 
2.0099999999998173, -2.3661905572208672 
2.0199999999998384, -2.3688149334406168 
2.0299999999998595, -2.3702476860988013 
2.0399999999998806, -2.3708029669938893 
2.0499999999999017, -2.370494685424707 
2.059999999999923, -2.368614736370083 
2.069999999999944, -2.36290897435076 
2.079999999999965, -2.3450184102449834 
2.089999999999986, -2.274970594677193 
2.100000000000007, -1.9034814479062383 
2.1100000000000283, -0.694761164586335 
2.1200000000000494, 0.030302376356505005 
2.1300000000000705, 0.20511472694399818 
2.1400000000000916, 0.2528605928337414 
2.1500000000001127, 0.26970271094869946 
2.160000000000134, 0.27676350209932293 
2.170000000000155, 0.279965665948893 
2.180000000000176, 0.28132626729447074 
2.190000000000197, 0.2815962918054884 
2.2000000000002182, 0.28099489923897303 
2.2100000000002393, 0.2793924991723584 
2.2200000000002604, 0.2762223035121041 
2.2300000000002815, 0.2700423711441295 
2.2400000000003026, 0.2573278834675051 
2.2500000000003237, 0.23027035820768668 
2.260000000000345, 0.18795335704593644 
2.270000000000366, 0.29738038166730313 
2.280000000000387, 0.7722985190172179 
2.290000000000408, 0.9466859208404197 
2.3000000000004293, 0.9789043204903727 
2.3100000000004504, 0.9868666050909383 
2.3200000000004715, 0.9890958490576767 
2.3300000000004926, 0.9891822918573036 
2.3400000000005137, 0.9877846555213804 
2.3500000000005348, 0.9845822050233437 
2.360000000000556, 0.9788527114030664 
2.370000000000577, 0.9706049473504302 
2.380000000000598, 0.9622361401258445 
2.390000000000619, 0.9569771389815489 
2.4000000000006403, 0.9551019696079208 
2.4100000000006614, 0.954854705666292 
2.4200000000006825, 0.9548769316298957 
2.4300000000007036, 0.9544844507920945 
2.4400000000007247, 0.9530775566146943 
2.450000000000746, 0.9492459843856981 
2.460000000000767, 0.9378300421660771 
2.470000000000788, 0.8929736581665134 
2.480000000000809, 0.6763504896000416 
2.49000000000083, 0.9125429649302108 
2.5000000000008513, 1.5904062510026968 
2.5100000000008724, 1.6418025990139697 
2.5200000000008935, 1.6487176602905518 
2.5300000000009146, 1.6496833242659465 
2.5400000000009357, 1.648183253956001 
2.550000000000957, 1.642479576020379 
2.560000000000978, 1.623774407004928 
2.570000000000999, 1.5854807261603794 
2.58000000000102, 1.5768249334512787 
2.5900000000010412, 1.585284266547596 
2.6000000000010624, 1.58908737078885 
2.6100000000010835, 1.5898640874600407 
2.6200000000011046, 1.5890748817604403 
2.6300000000011257, 1.5875148259750484 
2.6400000000011468, 1.5877870245182228 
2.650000000001168, 1.5936941003076799 
2.660000000001189, 1.6014786058512562 
2.67000000000121, 1.606098947698359 
2.680000000001231, 1.6078506874558791 
2.6900000000012523, 1.6078193110780366 
2.7000000000012734, 1.6057401565839833 
2.7100000000012945, 1.5965630519836878 
2.7200000000013156, 1.51950133071765 
2.7300000000013367, -0.4683260125160117 
2.740000000001358, -2.9450597826277325 
2.750000000001379, -3.0816957961481095 
2.7600000000014, -3.094495304617643 
2.770000000001421, -3.096270889449473 
2.780000000001442, -3.0956651359783156 
2.7900000000014633, -3.0938128528103377 
2.8000000000014844, -3.089786088429962 
2.8100000000015055, -3.085285333202124 
2.8200000000015266, -3.085802058025563 
2.8300000000015477, -3.0862558947779237 
2.840000000001569, -3.0844453963979097 
2.85000000000159, -3.0822066469070366 
2.860000000001611, -3.0874686252822987 
2.870000000001632, -3.092321364104266 
2.8800000000016532, -3.093863609145235 
2.8900000000016743, -3.093783402931762 
2.9000000000016954, -3.091529779200761 
2.9100000000017165, -3.081241133021374 
2.9200000000017377, -3.0045006131224983 
2.9300000000017588, -1.5377189323304854 
2.94000000000178, 1.0907236630923922 
2.950000000001801, 1.2629679584003324 
2.960000000001822, 1.2812915819289055 
2.970000000001843, 1.2852064354723054 
2.9800000000018643, 1.2860560897524185 
2.9900000000018854, 1.2857766925550105 
3.0000000000019065, 1.2847737145337406 
3.0100000000019276, 1.2831203448890223 
3.0200000000019487, 1.2809919121565458 
3.03000000000197, 1.2788886778125845 
3.040000000001991, 1.2773848271288022 
3.050000000002012, 1.276593758285185 
3.060000000002033, 1.276114261681586 
3.070000000002054, 1.2753100160342459 
3.0800000000020753, 1.2731031167822036 
3.0900000000020964, 1.2659476378177066 
3.1000000000021175, 1.2333771600869268 
3.1100000000021386, 1.0034951970465993 
3.1200000000021597, 1.3039920964974157 
3.130000000002181, 1.8197747242158269 
3.140000000002202, 1.8499963623936853 
3.150000000002223, 1.8540171791029731 
3.160000000002244, 1.853899852237742 
3.1700000000022652, 1.8506063571125195 
3.1800000000022863, 1.837046135189033 
3.1900000000023074, 1.7866437870653176 
3.2000000000023285, 1.7586344422219888 
3.2100000000023496, 1.7752886623492476 
3.2200000000023707, 1.7812945814788521 
3.230000000002392, 1.7825091675641171 
3.240000000002413, 1.7821393230456848 
3.250000000002434, 1.781661482103861 
3.260000000002455, 1.7828618268648604 
3.2700000000024763, 1.7859012643070167 
3.2800000000024974, 1.78856447229924 
3.2900000000025185, 1.7898256435890842 
3.3000000000025396, 1.7899108106370902 
3.3100000000025607, 1.7887316213613633 
3.3200000000025818, 1.7838485710769505 
3.330000000002603, 1.7509568342837014 
3.340000000002624, 0.8295853995301163 
3.350000000002645, -3.6794366603852224 
3.360000000002666, -3.924643802264117 
3.3700000000026873, -3.9353692925825756 
3.3800000000027084, -3.9359235893758644 
3.3900000000027295, -3.933385376403072 
3.4000000000027506, -3.9215771853026653 
3.4100000000027717, -3.8908822943292805 
3.420000000002793, -3.9035925689856166 
3.430000000002814, -3.9063961440569495 
3.440000000002835, -3.905766110258811 
3.450000000002856, -3.905259590004582 
3.460000000002877, -3.904298898475892 
3.4700000000028983, -3.903664269329498 
3.4800000000029194, -3.9026818976108344 
3.4900000000029405, -3.896436581839562 
3.5000000000029616, -3.8967200885298836 
3.5100000000029827, -3.91481162915494 
3.520000000003004, -3.918503670958098 
3.530000000003025, -3.9183214503142296 
3.540000000003046, -3.914101670864139 
3.550000000003067, -3.8748020155151224 
3.5600000000030882, -1.785541950792776 
3.5700000000031094, 1.9553487779341083 
3.5800000000031305, 2.0435344735186542 
3.5900000000031516, 2.0501972459712534 
3.6000000000031727, 2.0508763748650343 
3.6100000000031938, 2.049564143184158 
3.620000000003215, 2.0453729727649153 
3.630000000003236, 2.036281664471061 
3.640000000003257, 2.0288638935766126 
3.650000000003278, 2.0298233301799393 
3.6600000000032993, 2.0313835991920257 
3.6700000000033204, 2.0311201343859944 
3.6800000000033415, 2.0289707789580027 
3.6900000000033626, 2.026844012640761 
3.7000000000033837, 2.0331144600357125 
3.710000000003405, 2.042344171901945 
3.720000000003426, 2.0464011492740104 
3.730000000003447, 2.047276727970476 
3.740000000003468, 2.046158735320385 
3.750000000003489, 2.039895185443285 
3.7600000000035103, 1.9734073551680993 
3.7700000000035314, -1.1593577738687961 
3.7800000000035525, -3.8245737580655166 
3.7900000000035736, -3.8755799635354675 
3.8000000000035947, -3.8794536947916276 
3.810000000003616, -3.878715385969128 
3.820000000003637, -3.874710474692628 
3.830000000003658, -3.8587822634015345 
3.840000000003679, -3.8527016566197765 
3.8500000000037002, -3.858558993572354 
3.8600000000037213, -3.8586259194138193 
3.8700000000037424, -3.8579087939823715 
3.8800000000037635, -3.8578747957354755 
3.8900000000037847, -3.8572344054363343 
3.9000000000038058, -3.856748604324289 
3.910000000003827, -3.8539154321969527 
3.920000000003848, -3.8381128819222887 
3.930000000003869, -3.8622903971108413 
3.94000000000389, -3.882643444117958 
3.9500000000039113, -3.8856090795944724 
3.9600000000039324, -3.8849257354115587 
3.9700000000039535, -3.8790706877869967 
3.9800000000039746, -3.8220371845565646 
3.9900000000039957, -1.6033823252387307 
4.000000000004016, 1.208966490643269 
4.010000000003993, 1.4362481693584466 
4.02000000000397, 1.4560542852299385 
4.030000000003946, 1.4598463526480683 
4.040000000003923, 1.4606535108889427 
4.0500000000039, 1.4605796121741956 
4.0600000000038765, 1.4601309109954133 
4.070000000003853, 1.4594218300307156 
4.08000000000383, 1.4585143057719931 
4.090000000003807, 1.4575923700095559 
4.100000000003783, 1.456876452931962 
4.11000000000376, 1.4563492041956667 
4.120000000003737, 1.4556236814489634 
4.130000000003713, 1.4537422658088077 
4.14000000000369, 1.4472949253322853 
4.150000000003667, 1.4137817715741698 
4.1600000000036434, 1.1082495975807576 
4.17000000000362, 1.6549054644473167 
4.180000000003597, 1.9945639002797264 
4.1900000000035735, 2.012479271516239 
4.20000000000355, 2.0147169430802814 
4.210000000003527, 2.013620363465354 
4.220000000003504, 2.007421975788281 
4.23000000000348, 1.9765381144422538 
4.240000000003457, 1.9058971535512879 
4.250000000003434, 1.9247213656668705 
4.26000000000341, 1.9361032993582206 
4.270000000003387, 1.9384522227838268 
4.280000000003364, 1.9384917421965766 
4.2900000000033405, 1.9382217137849544 
4.300000000003317, 1.9389695183661992 
4.310000000003294, 1.9406363317946407 
4.320000000003271, 1.9419131697877194 
4.330000000003247, 1.942318448351014 
4.340000000003224, 1.941968992873513 
4.350000000003201, 1.9404171144898388 
4.360000000003177, 1.9337304047209432 
4.370000000003154, 1.8733941297991916 
4.380000000003131, 0.9604829919594613 
4.390000000003107, 2.4650154854737023 
4.400000000003084, 2.516619732482536 
4.410000000003061, 2.5200499451205367 
4.4200000000030375, 2.518917616620645 
4.430000000003014, 2.5102906867605337 
4.440000000002991, 2.4444751661469555 
4.450000000002968, 2.4182800676958367 
4.460000000002944, 2.4437322667718306 
4.470000000002921, 2.4472629886270973 
4.480000000002898, 2.447494038648535 
4.490000000002874, 2.4474100153909624 
4.500000000002851, 2.4473840122121393 
4.510000000002828, 2.4469168642455164 
4.520000000002804, 2.446183133403442 
4.530000000002781, 2.4455339682188 
4.540000000002758, 2.443861692387772 
4.5500000000027345, 2.4350882096368975 
4.560000000002711, 2.3935841416223402 
4.570000000002688, 2.482204373026871 
4.580000000002665, 2.5114988494661166 
4.590000000002641, 2.514897410307184 
4.600000000002618, 2.5139019343873334 
4.610000000002595, 2.504218866797682 
4.620000000002571, 2.2489394214122447 
4.630000000002548, 1.5120201593484748 
4.640000000002525, 1.9218855754679023 
4.6500000000025015, 1.9426385780052917 
4.660000000002478, 1.9455011184071336 
4.670000000002455, 1.9457820917433442 
4.6800000000024315, 1.945203495350377 
4.690000000002408, 1.9438344323182357 
4.700000000002385, 1.941666671207916 
4.710000000002362, 1.9396251954056793 
4.720000000002338, 1.9387745137171648 
4.730000000002315, 1.938462541329309 
4.740000000002292, 1.9371722208721 
4.750000000002268, 1.9318495952903045 
4.760000000002245, 1.9117004236898698 
4.770000000002222, 1.926078135840552 
4.7800000000021985, 1.9929710073854547 
4.790000000002175, 2.0081605914828327 
4.800000000002152, 2.0108601146492964 
4.810000000002129, 2.010154571551875 
4.820000000002105, 2.0043266115663516 
4.830000000002082, 1.953698349423328 
4.840000000002059, 1.0676039448552017 
4.850000000002035, 1.3198028554267613 
4.860000000002012, 1.4391387543444172 
4.870000000001989, 1.454330240183379 
4.880000000001965, 1.4575142464249686 
4.890000000001942, 1.4581806802574966 
4.900000000001919, 1.458204763458756 
4.9100000000018955, 1.4582430395944737 
4.920000000001872, 1.4585255532117314 
4.930000000001849, 1.4589389492153026 
4.940000000001826, 1.4592434812735235 
4.950000000001802, 1.459311016576169 
4.960000000001779, 1.4590872925527942 
4.970000000001756, 1.4583526724857225 
4.980000000001732, 1.4562125744984318 
4.990000000001709, 1.448488854291591 
5.000000000001686, 1.400570708754643 
5.0100000000016625, 0.5766075872815503 
5.020000000001639, -3.338614844586341 
5.030000000001616, -3.840740123579566 
5.0400000000015925, -3.858444009356462 
5.050000000001569, -3.860093379469297 
5.060000000001546, -3.8584231218663723 
5.070000000001523, -3.850869219600117 
5.080000000001499, -3.8157584613549913 
5.090000000001476, -3.817063902924969 
5.100000000001453, -3.824736388138265 
5.110000000001429, -3.824899945827814 
5.120000000001406, -3.8241923038725156 
5.130000000001383, -3.8235443726937746 
5.1400000000013595, -3.822477680087233 
5.150000000001336, -3.8221054062940842 
5.160000000001313, -3.819598720233807 
5.17000000000129, -3.8100184954415126 
5.180000000001266, -3.8258509790711797 
5.190000000001243, -3.8367116460616173 
5.20000000000122, -3.8384191078122023 
5.210000000001196, -3.83728427518935 
5.220000000001173, -3.8294752763567543 
5.23000000000115, -3.7275441152253515 
5.240000000001126, 0.060637093155242426 
5.250000000001103, 1.8528556434193078 
5.26000000000108, 1.8962885656401685 
5.2700000000010565, 1.9010813106074036 
5.280000000001033, 1.90157220261131 
5.29000000000101, 1.9004279622231917 
5.300000000000987, 1.8972215648103188 
5.310000000000963, 1.8910900200282446 
5.32000000000094, 1.8852127901537568 
5.330000000000917, 1.884318728953227 
5.340000000000893, 1.8852313113786365 
5.35000000000087, 1.8851179995524618 
5.360000000000847, 1.8829897142631105 
5.3700000000008234, 1.8775999650183206 
5.3800000000008, 1.8776663264733684 
5.390000000000777, 1.8983007144774362 
5.4000000000007535, 1.911481072874943 
5.41000000000073, 1.9153965627534386 
5.420000000000707, 1.9158454120395352 
5.430000000000684, 1.913696966685718 
5.44000000000066, 1.9015924508536224 
5.450000000000637, 1.719057255821533 
5.460000000000614, -1.4654681263375422 
5.47000000000059, -2.918585285297242 
5.480000000000567, -3.004574840786241 
5.490000000000544, -3.013868403952474 
5.5000000000005205, -3.0150410384641058 
5.510000000000497, -3.014351490825974 
5.520000000000474, -3.0127585173141878 
5.5300000000004506, -3.0096757793321833 
5.540000000000427, -3.006801872088119 
5.550000000000404, -3.0070924777434667 
5.560000000000381, -3.006974775140554 
5.570000000000357, -3.004315453996455 
5.580000000000334, -3.0004103166964997 
5.590000000000311, -3.009481459317972 
5.600000000000287, -3.018434633327916 
5.610000000000264, -3.0214183702801565 
5.620000000000241, -3.0219426447697324 
5.6300000000002175, -3.0205611335873073 
5.640000000000194, -3.0148301027745443 
5.650000000000171, -2.988521246036547 
5.660000000000148, -2.745403776076621 
5.670000000000124, -0.6143505582955129 
5.680000000000101, 0.6047483576593738 
5.690000000000078, 0.7563281541526723 
5.700000000000054, 0.7835749842255886 
5.710000000000031, 0.7911767411406827 
5.720000000000008, 0.7937508137404422 
5.729999999999984, 0.7945747026793292 
5.739999999999961, 0.79468784980404 
5.749999999999938, 0.7945919738646388 
5.7599999999999145, 0.7947541613602717 
5.769999999999891, 0.7958386045556928 
5.779999999999868, 0.7986487037955963 
5.789999999999845, 0.8034621167400295 
5.799999999999821, 0.8092538939846735 
5.809999999999798, 0.8143319215134339 
5.819999999999775, 0.8177638898925339 
5.829999999999751, 0.8195654210089621 
5.839999999999728, 0.8200183997575616 
5.849999999999705, 0.8191231037134283 
5.8599999999996815, 0.8160616558766292 
5.869999999999658, 0.8074808703122477 
5.879999999999635, 0.7792413238099607 
5.8899999999996115, 0.6664832097440776 
5.899999999999588, 0.3755343693553629 
5.909999999999565, 0.23019436835142232 
5.919999999999542, 0.23655882284118018 
5.929999999999518, 0.2534956924477652 
5.939999999999495, 0.2630500745766483 
5.949999999999472, 0.26788118708944586 
5.959999999999448, 0.2702652496365858 
5.969999999999425, 0.27129895839135193 
5.979999999999402, 0.27144418574225393 
5.9899999999993785, 0.2708096397624821 
5.999999999999355, 0.26921077987238096 
6.009999999999332, 0.2660236715229979 
6.019999999999309, 0.2596191988358497 
6.029999999999285, 0.24541357580741946 
6.039999999999262, 0.20798732315092489 
6.049999999999239, 0.08143865416976809 
6.059999999999215, -0.4409580931734971 
6.069999999999192, -1.5919378799636918 
6.079999999999169, -2.1052167193461413 
6.089999999999145, -2.2102138834430294 
6.099999999999122, -2.2356329433044166 
6.109999999999099, -2.2429984582922384 
6.1199999999990755, -2.2450408452208603 
6.129999999999052, -2.2451043950026013 
6.139999999999029, -2.244291284049525 
6.149999999999006, -2.2429948299710167 
6.159999999998982, -2.241086832802641 
6.169999999998959, -2.2387624487132376 
6.179999999998936, -2.237468170709331 
6.189999999998912, -2.237465704777039 
6.199999999998889, -2.237150962948396 
6.209999999998866, -2.2349528756935095 
6.2199999999988425, -2.226845069753953 
6.229999999998819, -2.1979506365409445 
6.239999999998796, -2.1813639930637363 
6.2499999999987725, -2.363331673189856 
6.259999999998749, -2.466467589128606 
6.269999999998726, -2.4944720224741563 
6.279999999998703, -2.503421788859625 
6.289999999998679, -2.5065372664154144 
6.299999999998656, -2.507150073803514 
6.309999999998633, -2.5061557657649214 
6.319999999998609, -2.5034077420065985 
6.329999999998586, -2.4973646499463915 
6.339999999998563, -2.483902634959595 
6.3499999999985395, -2.465389234629011 
6.359999999998516, -2.463445969250765 
6.369999999998493, -2.4677047685431717 
6.37999999999847, -2.468958512072643 
6.389999999998446, -2.468102385513673 
6.399999999998423, -2.4663430408004046 
6.4099999999984, -2.4676961351279822 
6.419999999998376, -2.4726153005888163 
6.429999999998353, -2.4760998762680577 
6.43999999999833, -2.477656917429283 
6.449999999998306, -2.4780314670263572 
6.459999999998283, -2.477135874509417 
6.46999999999826, -2.473855505799518 
6.4799999999982365, -2.464193800464785 
6.489999999998213, -2.4311818033052095 
6.49999999999819, -2.274006963720335 
6.509999999998167, -1.4625388505982198 
6.519999999998143, -0.4193077085386479 
6.52999999999812, -0.0562335237832704 
6.539999999998097, 0.049337214252968206 
6.549999999998073, 0.08546082834854857 
6.55999999999805, 0.10018656103476253 
6.569999999998027, 0.10695080388728587 
6.5799999999980034, 0.1102233679325183 
6.58999999999798, 0.11170730670066557 
6.599999999997957, 0.11208890684585984 
6.6099999999979335, 0.111592663191289 
6.61999999999791, 0.11013978867635929 
6.629999999997887, 0.10730155009492141 
6.639999999997864, 0.10199722695477842 
6.64999999999784, 0.09155611587428228 
6.659999999997817, 0.06865196720307856 
6.669999999997794, 0.009708555834043894 
6.67999999999777, -0.17338063176813795 
6.689999999997747, -0.750620817356684 
6.699999999997724, -1.5939347393404701 
6.7099999999977005, -1.9488785667713149 
6.719999999997677, -2.0403889072483397 
6.729999999997654, -2.0662931518994827 
6.7399999999976306, -2.0745225823406668 
6.749999999997607, -2.0770717212124703 
6.759999999997584, -2.077452267783647 
6.769999999997561, -2.0769011779502127 
6.779999999997537, -2.0759997501293865 
6.789999999997514, -2.0748775742864707 
6.799999999997491, -2.0734258026348757 
6.809999999997467, -2.0721251874172433 
6.819999999997444, -2.071677739936537 
6.829999999997421, -2.071570678069826 
6.8399999999973975, -2.070649610100666 
6.849999999997374, -2.0671870179697893 
6.859999999997351, -2.054886491160427 
6.869999999997328, -2.0005088482137117 
6.879999999997304, -1.7324875206222898 
6.889999999997281, -1.2937272905849209 
6.899999999997258, -3.301389908042599 
6.909999999997234, -3.812314782089486 
6.919999999997211, -3.831746374833002 
6.929999999997188, -3.833750190537112 
6.939999999997164, -3.8322734168114536 
6.949999999997141, -3.8252848767717396 
6.959999999997118, -3.786405271045223 
6.9699999999970945, -3.7748010335679267 
6.979999999997071, -3.787940210652372 
6.989999999997048, -3.7889267693424755 
6.999999999997025, -3.7881892007291085 
7.009999999997001, -3.7874794046148486 
7.019999999996978, -3.7861536064723493 
7.029999999996955, -3.785763436039363 
7.039999999996931, -3.7843755590720214 
7.049999999996908, -3.777371277399888 
7.059999999996885, -3.7832797309046264 
7.0699999999968615, -3.7967336781075147 
7.079999999996838, -3.799408537024341 
7.089999999996815, -3.7989811685522534 
7.0999999999967915, -3.794288413994064 
7.109999999996768, -3.752018805567802 
7.119999999996745, -1.7898435266094057 
7.129999999996722, 1.8454564223522953 
7.139999999996698, 1.9419522322970306 
7.149999999996675, 1.949533877091681 
7.159999999996652, 1.950492524267308 
7.169999999996628, 1.94950480684609 
7.179999999996605, 1.9462148549143063 
7.189999999996582, 1.938974079015209 
7.1999999999965585, 1.9309535197396763 
7.209999999996535, 1.9298824238212906 
7.219999999996512, 1.931387001464105 
7.229999999996489, 1.931614588961193 
7.239999999996465, 1.929959566127582 
7.249999999996442, 1.9261586141707272 
7.259999999996419, 1.9271824359568932 
7.269999999996395, 1.9409860926285334 
7.279999999996372, 1.9504112013583428 
7.289999999996349, 1.9534626768029455 
7.299999999996325, 1.953693510835932 
7.309999999996302, 1.9514329934118197 
7.319999999996279, 1.938488467630723 
7.3299999999962555, 1.709218011937993 
7.339999999996232, -2.5480254836404854 
7.349999999996209, -3.4564561965555773 
7.359999999996186, -3.487313587333932 
7.369999999996162, -3.490542061265547 
7.379999999996139, -3.490037538355948 
7.389999999996116, -3.487611300481934 
7.399999999996092, -3.480830226892794 
7.409999999996069, -3.4743778880765 
7.419999999996046, -3.4770701364524776 
7.4299999999960225, -3.477459213519405 
7.439999999995999, -3.4760230608960767 
7.449999999995976, -3.476728018890858 
7.4599999999959525, -3.4783781676996584 
7.469999999995929, -3.4786481224681487 
7.479999999995906, -3.4780732829800116 
7.489999999995883, -3.4743384461682587 
7.499999999995859, -3.4429418279150212 
7.509999999995836, -3.245563337746039 
7.519999999995813, -3.7133223002099562 
7.529999999995789, -3.7543469885646723 
7.539999999995766, -3.7589899170243664 
7.549999999995743, -3.7587271216723415 
7.5599999999957195, -3.7547917237631103 
7.569999999995696, -3.73282867327257 
7.579999999995673, -3.584056983719042 
7.58999999999565, -3.632227918437637 
7.599999999995626, -3.647167026336979 
7.609999999995603, -3.6481927241918184 
7.61999999999558, -3.647425275313142 
7.629999999995556, -3.646163960722226 
7.639999999995533, -3.6440651125106966 
7.64999999999551, -3.643706624519538 
7.659999999995486, -3.6430442237369887 
7.669999999995463, -3.6388730803078424 
7.67999999999544, -3.639751105941302 
7.6899999999954165, -3.6496808658035262 
7.699999999995393, -3.652488612541885 
7.70999999999537, -3.652473537821632 
7.719999999995347, -3.6494987119260465 
7.729999999995323, -3.6287366513395822 
7.7399999999953, -3.0680993840550417 
7.749999999995277, 1.6768912314750826 
7.759999999995253, 2.0173609054273482 
7.76999999999523, 2.0314603944398115 
7.779999999995207, 2.0332100973770952 
7.789999999995183, 2.032364005790905 
7.79999999999516, 2.028610339592393 
7.809999999995137, 2.0181193804801385 
7.8199999999951135, 2.003982341040127 
7.82999999999509, 2.0037500439039704 
7.839999999995067, 2.0068996363985563 
7.849999999995044, 2.0076347083435118 
7.85999999999502, 2.0065493827620564 
7.869999999994997, 2.0047433402933015 
7.879999999994974, 2.006874400604872 
7.88999999999495, 2.0137004830931664 
7.899999999994927, 2.018186189468884 
7.909999999994904, 2.0196543405849052 
7.9199999999948805, 2.0193308490135604 
7.929999999994857, 2.016474280503371 
7.939999999994834, 1.9986189775930883 
7.9499999999948106, 1.5144452619842261 
7.959999999994787, -3.627390484318311 
7.969999999994764, -4.0012900984258675 
7.979999999994741, -4.0134601803685195 
7.989999999994717, -4.014056709966485 
7.999999999994694, -4.011528263899782 
8.00999999999467, -3.99963027641268 
8.019999999994647, -3.9748357013020907 
8.029999999994624, -3.986358353190952 
8.0399999999946, -3.9881836538426354 
8.049999999994577, -3.9874263433822 
8.059999999994554, -3.9869627796551974 
8.06999999999453, -3.985922594270236 
8.079999999994508, -3.985436620349862 
8.089999999994484, -3.9838053557280375 
8.099999999994461, -3.9753903469283545 
8.109999999994438, -3.9853373738888545 
8.119999999994414, -3.9974177869165324 
8.129999999994391, -3.9992262737558972 
8.139999999994368, -3.9980477891271895 
8.149999999994344, -3.9891275346320443 
8.159999999994321, -3.816904512665824 
8.169999999994298, 1.2041648314774316 
8.179999999994275, 2.1997460760615413 
8.189999999994251, 2.2203595732101813 
8.199999999994228, 2.222496025442947 
8.209999999994205, 2.2217224414552086 
8.219999999994181, 2.2178606239487335 
8.229999999994158, 2.206431045755168 
8.239999999994135, 2.1936028241543695 
8.249999999994111, 2.196068105023855 
8.259999999994088, 2.1987826910622466 
8.269999999994065, 2.198865269553688 
8.279999999994041, 2.197533533107392 
8.289999999994018, 2.1974594030706522 
8.299999999993995, 2.201501678629386 
8.309999999993972, 2.205280027223403 
8.319999999993948, 2.206665151379965 
8.329999999993925, 2.206460595347564 
8.339999999993902, 2.204254864181109 
8.349999999993878, 2.190738549256437 
8.359999999993855, 1.8583431066120262 
8.369999999993832, 1.981130815883946 
8.379999999993808, 2.839740572475281 
8.389999999993785, 2.851143012904737 
8.399999999993762, 2.8513129228673866 
8.409999999993738, 2.846413244569736 
8.419999999993715, 2.8056089682684684 
8.429999999993692, 2.7707671870148194 
8.439999999993669, 2.7946412457331418 
8.449999999993645, 2.797413209477967 
8.459999999993622, 2.7974341234901585 
8.469999999993599, 2.797240068243801 
8.479999999993575, 2.7966117853682197 
8.489999999993552, 2.7954709107614626 
8.499999999993529, 2.794762885200026 
8.509999999993505, 2.793667808042673 
8.519999999993482, 2.7878515636391397 
8.529999999993459, 2.773670870180904 
8.539999999993436, 2.8102875987787876 
8.549999999993412, 2.821969035382462 
8.559999999993389, 2.8231654305908584 
8.569999999993366, 2.820596714036993 
8.579999999993342, 2.7885238822137985 
8.589999999993319, -0.30633809578804255 
8.599999999993296, -4.207484383928084 
8.609999999993272, -4.30220706343025 
8.619999999993249, -4.30610673995282 
8.629999999993226, -4.304940676178781 
8.639999999993202, -4.298859116384597 
8.64999999999318, -4.278487077230491 
8.659999999993156, -4.285604891148353 
8.669999999993133, -4.287475493949382 
8.67999999999311, -4.286639760883351 
8.689999999993086, -4.286129778202982 
8.699999999993063, -4.285020498767688 
8.70999999999304, -4.284528734219628 
8.719999999993016, -4.28155748130538 
8.729999999992993, -4.27552146628007 
8.73999999999297, -4.2898630009537095 
8.749999999992946, -4.293432912093732 
8.759999999992923, -4.293001990187226 
8.7699999999929, -4.287053409467164 
8.779999999992876, -4.159539634744399 
8.789999999992853, -3.217882071974855 
8.79999999999283, -4.8309999799714465 
8.809999999992806, -4.84460854195725 
8.819999999992783, -4.844228021567098 
8.82999999999276, -4.837211756621761 
8.839999999992736, -4.759541623636111 
8.849999999992713, -4.791938057299236 
8.85999999999269, -4.796992439871849 
8.869999999992666, -4.796130444689029 
8.879999999992643, -4.793698680688776 
8.88999999999262, -4.790992717818509 
8.899999999992596, -4.791450211921342 
8.909999999992573, -4.789558014544882 
8.91999999999255, -4.790506190879972 
8.929999999992527, -4.790945183591996 
8.939999999992503, -4.790105275634188 
8.94999999999248, -4.783001931056303 
8.959999999992457, -4.763734574964614 
8.969999999992433, -4.818734834470913 
8.97999999999241, -4.822736878734622 
8.989999999992387, -4.82112012884661 
8.999999999992363, -4.801799432743272 
9.00999999999234, -2.556512936614018 
9.019999999992317, -3.7922988644662015 
9.029999999992294, -4.128354832037625 
9.03999999999227, -4.1375899448904 
9.049999999992247, -4.137526584787411 
9.059999999992224, -4.134652308829738 
9.0699999999922, -4.123314124679625 
9.079999999992177, -4.118913591892901 
9.089999999992154, -4.122964643004236 
9.09999999999213, -4.122488794189847 
9.109999999992107, -4.121993447123131 
9.119999999992084, -4.121799311265535 
9.12999999999206, -4.121182868808937 
9.139999999992037, -4.120160099058539 
9.149999999992014, -4.112936826961283 
9.15999999999199, -4.110082221522742 
9.169999999991967, -4.137053070465189 
9.179999999991944, -4.141329753401027 
9.18999999999192, -4.140958825068305 
9.199999999991897, -4.13542451967176 
9.209999999991874, -4.0607255036254175 
9.21999999999185, -0.15708026444830314 
9.229999999991827, 2.088255188989537 
9.239999999991804, 2.1301377008138926 
9.24999999999178, 2.1340864818580862 
9.259999999991757, 2.13416064672553 
9.269999999991734, 2.1323169563362585 
9.27999999999171, 2.1271218184148233 
9.289999999991688, 2.118118102177567 
9.299999999991664, 2.1145661781303486 
9.309999999991641, 2.116329119191861 
9.319999999991618, 2.1170245133876695 
9.329999999991594, 2.1158210061661995 
9.339999999991571, 2.113037728813063 
9.349999999991548, 2.1146737944961127 
9.359999999991524, 2.1239469643176525 
9.369999999991501, 2.129627785875295 
9.379999999991478, 2.131264100705093 
9.389999999991455, 2.1308065759404 
9.399999999991431, 2.1271058067813806 
9.409999999991408, 2.097711878954978 
9.419999999991385, 0.6567436413119918 
9.429999999991361, -3.942528659386017 
9.439999999991338, -4.060939882623255 
9.449999999991315, -4.066967879740435 
9.459999999991291, -4.0665227242820565 
9.469999999991268, -4.062504380828132 
9.479999999991245, -4.042740410921848 
9.489999999991221, -4.0339222746441425 
9.499999999991198, -4.041849613809218 
9.509999999991175, -4.042028975341887 
9.519999999991152, -4.04130127996006 
9.529999999991128, -4.040650234512611 
9.539999999991105, -4.039661587044967 
9.549999999991082, -4.039144589058851 
9.559999999991058, -4.0353734719759276 
9.569999999991035, -4.02916461998327 
9.579999999991012, -4.046763850156558 
9.589999999990988, -4.051519800945688 
9.599999999990965, -4.051601577688881 
9.609999999990942, -4.047939199739853 
9.619999999990918, -4.010761073568007 
9.629999999990895, -1.7099719273271332 
9.639999999990872, 2.3028706082525003 
9.649999999990849, 2.373926577647424 
9.659999999990825, 2.3784836879883855 
9.669999999990802, 2.3782618668266666 
9.679999999990779, 2.3748733389413608 
9.689999999990755, 2.36195435640868 
9.699999999990732, 2.341970644230851 
9.709999999990709, 2.346760489894895 
9.719999999990685, 2.350629350670399 
9.729999999990662, 2.3509333553604543 
9.739999999990639, 2.3501541293101753 
9.749999999990616, 2.350752587180117 
9.759999999990592, 2.3531129881459734 
9.769999999990569, 2.3546266184494433 
9.779999999990546, 2.3548296833208173 
9.789999999990522, 2.3539991743545285 
9.799999999990499, 2.350244469593272 
9.809999999990476, 2.317510936530309 
9.819999999990452, 1.9199002636701912 
9.829999999990429, 2.6342241366661066 
9.839999999990406, 2.659108041498394 
9.849999999990382, 2.660797401432182 
9.85999999999036, 2.6581410057692185 
9.869999999990336, 2.6344051385307625 
9.879999999990313, 2.4091738609721163 
9.88999999999029, 2.5157164902509974 
9.899999999990266, 2.5305251711711945 
9.909999999990243, 2.5320790323074673 
9.91999999999022, 2.5319845037805253 
9.929999999990196, 2.5313457204737597 
9.939999999990173, 2.529893634988108 
9.94999999999015, 2.5282220050390207 
9.959999999990126, 2.5275913789717763 
9.969999999990103, 2.5269138300329455 
9.97999999999008, 2.523307740855026 
9.989999999990056, 2.511183909972982 
9.999999999990033, 2.5302193385567753 
10.00999999999001, 2.551943894436407 
10.019999999989986, 2.5560045850242843 
10.029999999989963, 2.5557365767592826 
10.03999999998994, 2.550442978267211 
10.049999999989916, 2.4611249182595847 
10.059999999989893, -1.929941119159541 
10.06999999998987, -4.00728529729586 
10.079999999989846, -4.041292076365325 
10.089999999989823, -4.043477681703957 
10.0999999999898, -4.042095050243479 
10.109999999989776, -4.036310503860873 
10.119999999989753, -4.020568366142434 
10.12999999998973, -4.025025566692676 
10.139999999989707, -4.026892369063183 
10.149999999989683, -4.026021037927281 
10.15999999998966, -4.025902486930662 
10.169999999989637, -4.025434226342147 
10.179999999989613, -4.024923478083134 
10.18999999998959, -4.02324342913059 
10.199999999989567, -4.012197347987859 
10.209999999989543, -4.021936251144452 
10.21999999998952, -4.044730724479058 
10.229999999989497, -4.0479589328979975 
10.239999999989474, -4.047268437656493 
10.24999999998945, -4.040785403834484 
10.259999999989427, -3.953861090273078 
10.269999999989404, -0.23858611987872705 
10.27999999998938, 1.8628915148011984 
10.289999999989357, 1.9162017922760917 
10.299999999989334, 1.9216386214684857 
10.30999999998931, 1.9223201366535025 
10.319999999989287, 1.9214913625845267 
10.329999999989264, 1.9190813630973242 
10.33999999998924, 1.9145557780680942 
10.349999999989217, 1.9098486467222084 
10.359999999989194, 1.9085308301991746 
10.36999999998917, 1.9090036650361708 
10.379999999989147, 1.9087438052974115 
10.389999999989124, 1.9063809508562823 
10.3999999999891, 1.8995816047451488 
10.409999999989077, 1.8977798375950488 
10.419999999989054, 1.9252005182655119 
10.42999999998903, 1.9411996185556937 
10.439999999989007, 1.9454502911662455 
10.449999999988984, 1.9458760368626158 
10.45999999998896, 1.9434853703832158 
10.469999999988937, 1.9293621698926455 
10.479999999988914, 1.683449248252424 
10.48999999998889, -1.0774620167999953 
10.499999999988868, -2.372473033998365 
10.509999999988844, -2.5504542249588913 
10.519999999988821, -2.5720487651989137 
10.529999999988798, -2.5759360393512014 
10.539999999988774, -2.5762820120262075 
10.549999999988751, -2.575662425089064 
10.559999999988728, -2.5748861368021005 
10.569999999988704, -2.5737412834296833 
10.579999999988681, -2.5724358015571007 
10.589999999988658, -2.5720341683130186 
10.599999999988635, -2.5717607940098905 
10.609999999988611, -2.5697458925237835 
10.619999999988588, -2.5611019682791887 
10.629999999988565, -2.5273901005380752 
10.639999999988541, -2.5619532456308383 
10.649999999988518, -2.692586670274821 
10.659999999988495, -2.730000653978383 
10.669999999988471, -2.7398013213008054 
10.679999999988448, -2.742755307308994 
10.689999999988425, -2.7430790730731585 
10.699999999988401, -2.7415469403347634 
10.709999999988378, -2.737259454286172 
10.719999999988355, -2.7254674671359225 
10.729999999988332, -2.6902437888242483 
10.739999999988308, -2.65279116078693 
10.749999999988285, -2.664557862353444 
10.759999999988262, -2.67105654827981 
10.769999999988238, -2.6720589475156142 
10.779999999988215, -2.6713006718591297 
10.789999999988192, -2.6709619393342647 
10.799999999988168, -2.6722249903806112 
10.809999999988145, -2.6732544407544383 
10.819999999988122, -2.6735698160294064 
10.829999999988098, -2.673408449465753 
10.839999999988075, -2.6719571239103463 
10.849999999988052, -2.6659736300890984 
10.859999999988029, -2.6349637676253144 
10.869999999988005, -2.333644679577483 
10.879999999987982, 0.09045499287735333 
10.889999999987959, 1.3686440545489915 
10.899999999987935, 1.4357435842228468 
10.909999999987912, 1.444750128476246 
10.919999999987889, 1.4465461158602433 
10.929999999987865, 1.4462229165034 
10.939999999987842, 1.4442749776529429 
10.949999999987819, 1.4399391034688898 
10.959999999987796, 1.4325267111086135 
10.969999999987772, 1.4247681661128184 
10.979999999987749, 1.4214986887287344 
10.989999999987726, 1.4217171505992694 
10.999999999987702, 1.4223043155544688 
11.009999999987679, 1.4219770760421127 
11.019999999987656, 1.4198673207060106 
11.029999999987632, 1.413457594645616 
11.039999999987609, 1.3975077638483522 
11.049999999987586, 1.4060442364005539 
11.059999999987562, 1.4785368053750068 
11.06999999998754, 1.509533816989724 
11.079999999987516, 1.5173017286676482 
11.089999999987493, 1.5190206893284919 
11.09999999998747, 1.5181720593261292 
11.109999999987446, 1.5134662069495481 
11.119999999987423, 1.4916400477209608 
11.1299999999874, 1.3410348788482067 
11.139999999987376, 1.0938237034068674 
11.149999999987353, 1.1830233675256048 
11.15999999998733, 1.213295025199185 
11.169999999987306, 1.2208337854614637 
11.179999999987283, 1.2228731831212332 
11.18999999998726, 1.223118770570937 
11.199999999987236, 1.2226919880129856 
11.209999999987213, 1.2224489171176858 
11.21999999998719, 1.22370627926036 
11.229999999987166, 1.227462758132465 
11.239999999987143, 1.2325216242487946 
11.24999999998712, 1.2366322242007837 
11.259999999987096, 1.2389748574013142 
11.269999999987073, 1.2398163989957187 
11.27999999998705, 1.2393576531169233 
11.289999999987026, 1.2368997411575673 
11.299999999987003, 1.2281009375391772 
11.30999999998698, 1.1802930461516785 
11.319999999986956, 0.5771849681760857 
11.329999999986933, -1.6482366371114572 
11.33999999998691, -2.2557447714368495 
11.349999999986887, -2.3298582053027923 
11.359999999986863, -2.3428918742176426 
11.36999999998684, -2.3457125257349256 
11.379999999986817, -2.345911143725944 
11.389999999986793, -2.3453330072419276 
11.39999999998677, -2.34474443947879 
11.409999999986747, -2.3440479796234914 
11.419999999986723, -2.3431201238356603 
11.4299999999867, -2.3426177560902897 
11.439999999986677, -2.3424434251718376 
11.449999999986654, -2.341395900380962 
11.45999999998663, -2.337145199193593 
11.469999999986607, -2.3191037890094064 
11.479999999986584, -2.2216367474893195 
11.48999999998656, -2.0873205941927995 
11.499999999986537, -2.8578521881446375 
11.509999999986514, -3.0224213644803513 
11.51999999998649, -3.043894207114639 
11.529999999986467, -3.0484871806153016 
11.539999999986444, -3.0490096548759618 
11.54999999998642, -3.047398975685896 
11.559999999986397, -3.0425001085301266 
11.569999999986374, -3.026948650524953 
11.57999999998635, -2.997779792626728 
11.589999999986327, -3.002379586566822 
11.599999999986304, -3.00802318110731 
11.60999999998628, -3.0085813211543146 
11.619999999986257, -3.007682689599277 
11.629999999986234, -3.00787256633027 
11.63999999998621, -3.008831019128249 
11.649999999986187, -3.0090325466222674 
11.659999999986164, -3.0088710930942884 
11.66999999998614, -3.0076332582120235 
11.679999999986117, -3.0013612464333677 
11.689999999986094, -2.9554694021278456 
11.69999999998607, -2.6643386692408693 
11.709999999986048, -3.366514831798999 
11.719999999986024, -3.4700551978746135 
11.729999999986001, -3.480924503831069 
11.739999999985978, -3.4825018944677497 
11.749999999985954, -3.4811670708720674 
11.759999999985931, -3.4755301696727785 
11.769999999985908, -3.4482756581243734 
11.779999999985884, -3.3835377743609136 
11.789999999985861, -3.4095680586690458 
11.799999999985838, -3.4159995387534585 
11.809999999985815, -3.4161921243880835 
11.819999999985791, -3.4155238365951943 
11.829999999985768, -3.415040101457312 
11.839999999985745, -3.414028054521841 
11.849999999985721, -3.41360697331667 
11.859999999985698, -3.4126561741475663 
11.869999999985675, -3.406887728664838 
11.879999999985651, -3.3933605703428116 
11.889999999985628, -3.4287564617061426 
11.899999999985605, -3.4446841013862133 
11.909999999985581, -3.4478360063423366 
11.919999999985558, -3.447704952620878 
11.929999999985535, -3.4444437543406847 
11.939999999985512, -3.4286608442092024 
11.949999999985488, -3.2562940070280524 
11.959999999985465, -1.6711910837781034 
11.969999999985442, -1.7657494607411064 
11.979999999985418, -2.017800670543133 
11.989999999985395, -2.071180002213939 
11.999999999985372, -2.0826983729378954 
12.009999999985348, -2.0854389186516484 
12.019999999985325, -2.08566561047627 
12.029999999985302, -2.08510114667345 
12.039999999985278, -2.0849209178253774 
12.049999999985255, -2.0856095920858158 
12.059999999985232, -2.0864192411418845 
12.069999999985209, -2.0868844203870935 
12.079999999985185, -2.087121672309964 
12.089999999985162, -2.0869821154235906 
12.099999999985139, -2.085860102339172 
12.109999999985115, -2.082441456813494 
12.119999999985092, -2.0729142090505848 
12.129999999985069, -2.0440199168426774 
12.139999999985045, -1.9416248389493866 
12.149999999985022, -1.5441502886014298 
12.159999999984999, -0.6719596647982853 
12.169999999984976, -0.13586440718937534 
12.179999999984952, 0.028641005065279668 
12.189999999984929, 0.08146466275787737 
12.199999999984906, 0.10196956043534629 
12.209999999984882, 0.11116992234439386 
12.219999999984859, 0.11565670086992219 
12.229999999984836, 0.11785243109782984 
12.239999999984812, 0.11873906580537763 
12.249999999984789, 0.1186969707211069 
12.259999999984766, 0.11777058134741199 
12.269999999984742, 0.11569275581706133 
12.27999999998472, 0.11169329499923575 
12.289999999984696, 0.1038562512719998 
12.299999999984673, 0.08707115572497455 
12.30999999998465, 0.045638663850902164 
12.319999999984626, -0.07720916654931154 
12.329999999984603, -0.5027683516058796 
12.33999999998458, -1.6589716512989328 
12.349999999984556, -2.3853707400810853 
12.359999999984533, -2.507093919700579 
12.36999999998451, -2.5321636439812947 
12.379999999984486, -2.539051752420491 
12.389999999984463, -2.5408261561654024 
12.39999999998444, -2.540565729140837 
12.409999999984416, -2.5390505467370597 
12.419999999984393, -2.5360071652535345 
12.42999999998437, -2.5303666173414543 
12.439999999984346, -2.5243482361482945 
12.449999999984323, -2.5238853751167056 
12.4599999999843, -2.5251124291583062 
12.469999999984276, -2.524724142434619 
12.479999999984253, -2.522017034936202 
12.48999999998423, -2.518500578024603 
12.499999999984206, -2.526116300872578 
12.509999999984183, -2.53856003563758 
12.51999999998416, -2.5448109054974597 
12.529999999984136, -2.5472572421044424 
12.539999999984113, -2.5478398466793077 
12.54999999998409, -2.5468758111117795 
12.559999999984067, -2.5435710549004495 
12.569999999984043, -2.5347919020180116 
12.57999999998402, -2.5077593331432313 
12.589999999983997, -2.395352597798995 
12.599999999983973, -2.0280073428637264 
12.60999999998395, -1.926428587043807 
12.619999999983927, -1.9937070072922345 
12.629999999983903, -2.016252514399008 
12.63999999998388, -2.022136044967277 
12.649999999983857, -2.0233922030861584 
12.659999999983834, -2.0229981293317807 
12.66999999998381, -2.022233486279505 
12.679999999983787, -2.0226901386983824 
12.689999999983764, -2.024753436914467 
12.69999999998374, -2.0268779046231282 
12.709999999983717, -2.028257627813512 
12.719999999983694, -2.0289995948091564 
12.72999999998367, -2.0291041982932345 
12.739999999983647, -2.028243016843071 
12.749999999983624, -2.0256974815797566 
12.7599999999836, -2.01985792298359 
12.769999999983577, -2.0068447987433595 
12.779999999983554, -1.976293434507611 
12.78999999998353, -1.8970442030312502 
12.799999999983507, -1.6877595356051895 
12.809999999983484, -1.3449030026046072 
12.81999999998346, -1.1468988613323554 
12.829999999983437, -1.109934342916993 
12.839999999983414, -1.1170668557897248 
12.84999999998339, -1.126451051164828 
12.859999999983367, -1.1320256650308012 
12.869999999983344, -1.1347156755599255 
12.87999999998332, -1.1356324139838587 
12.889999999983297, -1.1352487049196038 
12.899999999983274, -1.1333944227516217 
12.90999999998325, -1.1289817456966835 
12.919999999983228, -1.1188623478614033 
12.929999999983204, -1.0942067481512532 
12.939999999983181, -1.0291430604791814 
12.949999999983158, -0.8418301482232635 
12.959999999983134, -0.24620758584416466 
12.969999999983111, 0.6214734898890018 
12.979999999983088, 0.8286375994438864 
12.989999999983064, 0.8633983667994851 
12.999999999983041, 0.8721275772082102 
13.009999999983018, 0.8747839977709525 
13.019999999982995, 0.875316715712407 
13.029999999982971, 0.8747142945525367 
13.039999999982948, 0.8732015096742668 
13.049999999982925, 0.8708322786234785 
13.059999999982901, 0.8678122899974486 
13.069999999982878, 0.8646638097163551 
13.079999999982855, 0.8620332646635003 
13.089999999982831, 0.8602694867637108 
13.099999999982808, 0.8592754317221869 
13.109999999982785, 0.8587116736683423 
13.119999999982761, 0.858198468942407 
13.129999999982738, 0.857321806835397 
13.139999999982715, 0.8553914124473578 
13.149999999982692, 0.8505481720581148 
13.159999999982668, 0.8354899929320931 
13.169999999982645, 0.7650741025110173 
13.179999999982622, 0.14087623591449955 
13.189999999982598, -2.3393854469220843 
13.199999999982575, -2.880280417494605 
13.209999999982552, -2.9269663415310987 
13.219999999982528, -2.93509875979949 
13.229999999982505, -2.9365413672674157 
13.239999999982482, -2.935802055083726 
13.249999999982458, -2.933405031835318 
13.259999999982435, -2.927709931608456 
13.269999999982412, -2.918471732208828 
13.279999999982389, -2.9173921849088074 
13.289999999982365, -2.9195893873594474 
13.299999999982342, -2.919412959681686 
13.309999999982319, -2.917502189173248 
13.319999999982295, -2.9179183104070576 
13.329999999982272, -2.9221612134223554 
13.339999999982249, -2.92457417940251 
13.349999999982225, -2.925256797165941 
13.359999999982202, -2.924725766912089 
13.369999999982179, -2.9216140134627095 
13.379999999982156, -2.907621218436931 
13.389999999982132, -2.7998433478242646 
13.399999999982109, -1.1347207615697241 
13.409999999982086, 1.0356812999527576 
13.419999999982062, 1.1846467459889118 
13.429999999982039, 1.2025612282318163 
13.439999999982016, 1.2066049746659826 
13.449999999981992, 1.2075411477484486 
13.459999999981969, 1.2073124908176738 
13.469999999981946, 1.206356153933082 
13.479999999981922, 1.2047704425392696 
13.4899999999819, 1.2027153530283559 
13.499999999981876, 1.2006148727264834 
13.509999999981853, 1.1989957056814382 
13.51999999998183, 1.198053811798845 
13.529999999981806, 1.1975263102862233 
13.539999999981783, 1.196909028444399 
13.54999999998176, 1.195457994547989 
13.559999999981736, 1.1912951024634273 
13.569999999981713, 1.176042742193375 
13.57999999998169, 1.0848637961043923 
13.589999999981666, 0.45273053134868035 
13.599999999981643, 1.7456469459995296 
13.60999999998162, 2.0507402483708543 
13.619999999981596, 2.065283563577577 
13.629999999981573, 2.0669757231290484 
13.63999999998155, 2.0655577369181564 
13.649999999981526, 2.05851333583184 
13.659999999981503, 2.02683956001584 
13.66999999998148, 1.9832126669993797 
13.679999999981456, 1.9992193463595307 
13.689999999981433, 2.006346287623413 
13.69999999998141, 2.0076600857930567 
13.709999999981386, 2.0073503133325747 
13.719999999981363, 2.007208052391861 
13.72999999998134, 2.0085344048154257 
13.739999999981316, 2.0104700883970343 
13.749999999981293, 2.0115772211180056 
13.75999999998127, 2.0117219426344883 
13.769999999981247, 2.0109870573418434 
13.779999999981223, 2.008059389317055 
13.7899999999812, 1.9908572663358375 
13.799999999981177, 1.6675370664980977 
13.809999999981153, 2.2372424380578795 
13.81999999998113, 2.5422912382260794 
13.829999999981107, 2.551826865324458 
13.839999999981083, 2.5521032529407113 
13.84999999998106, 2.5479103300247603 
13.859999999981037, 2.516247738174575 
13.869999999981014, 2.424427523781561 
13.87999999998099, 2.4679264243071017 
13.889999999980967, 2.4755399555941215 
13.899999999980944, 2.47637691028421 
13.90999999998092, 2.4762734438339784 
13.919999999980897, 2.4761868455329092 
13.929999999980874, 2.475732527210668 
13.93999999998085, 2.4748922135797633 
13.949999999980827, 2.4742304668323483 
13.959999999980804, 2.473156986417871 
13.96999999998078, 2.4681454012161828 
13.979999999980757, 2.440231277875202 
13.989999999980734, 2.482289436533285 
13.99999999998071, 2.527430061428603 
14.009999999980687, 2.533092129510936 
14.019999999980664, 2.5329590627290557 
14.02999999998064, 2.5273776486791757 
14.039999999980617, 2.4366163417290956 
14.049999999980594, 0.7365405952364468 
14.05999999998057, 1.7857461227648113 
14.069999999980547, 1.8429406780795201 
14.079999999980524, 1.8491886853314115 
14.0899999999805, 1.8502189092397525 
14.099999999980477, 1.850022362873037 
14.109999999980454, 1.84914264179505 
14.11999999998043, 1.847515565763037 
14.129999999980408, 1.8454244514301963 
14.139999999980384, 1.8438874490891348 
14.149999999980361, 1.8433241187519058 
14.159999999980338, 1.8428227306996496 
14.169999999980314, 1.8408381001956493 
14.179999999980291, 1.832825389448773 
14.189999999980268, 1.8010849261582684 
14.199999999980244, 1.8438483438208355 
14.209999999980221, 1.9251574888605933 
14.219999999980198, 1.939671542648964 
14.229999999980175, 1.94214545237082 
14.239999999980151, 1.9412921430624615 
14.249999999980128, 1.9351470119628722 
14.259999999980105, 1.887123746378337 
14.269999999980081, 1.3425120900209047 
14.279999999980058, 1.4896244270317083 
14.289999999980035, 1.5605407829318168 
14.299999999980011, 1.570782569815592 
14.309999999979988, 1.5729038626145715 
14.319999999979965, 1.5732333905611724 
14.329999999979941, 1.573210514206403 
14.339999999979918, 1.5733856423341506 
14.349999999979895, 1.5738127852099146 
14.359999999979872, 1.5742090046274468 
14.369999999979848, 1.5743521376462926 
14.379999999979825, 1.5742050756914023 
14.389999999979802, 1.573665296888563 
14.399999999979778, 1.5721195227004654 
14.409999999979755, 1.566740172729559 
14.419999999979732, 1.5364932406733343 
14.429999999979708, 1.0842800249813471 
14.439999999979685, 0.23611566199697626 
14.449999999979662, 2.5815929995811446 
14.459999999979638, 2.6193972394342158 
14.469999999979615, 2.6218392331126505 
14.479999999979592, 2.6202375236016087 
14.489999999979569, 2.6096659055301332 
14.499999999979545, 2.5518078428049678 
14.509999999979522, 2.5569256568917305 
14.519999999979499, 2.5693203337408255 
14.529999999979475, 2.5709361794354524 
14.539999999979452, 2.570827796008552 
14.549999999979429, 2.5709017701799697 
14.559999999979405, 2.5709621758220345 
14.569999999979382, 2.5704703804726834 
14.579999999979359, 2.569823098174898 
14.589999999979335, 2.5688375870129616 
14.599999999979312, 2.5644536308559105 
14.609999999979289, 2.535235599939162 
14.619999999979266, 2.5733516325911223 
14.629999999979242, 2.6284748489814858 
14.639999999979219, 2.6343896428692135 
14.649999999979196, 2.634144286231539 
14.659999999979172, 2.6276604419758733 
14.669999999979149, 2.489288378760691 
14.679999999979126, 1.3463530409932556 
14.689999999979102, 2.024038091563832 
14.69999999997908, 2.050042719286095 
14.709999999979056, 2.053163951668013 
14.719999999979033, 2.053396780231952 
14.72999999997901, 2.052582897213556 
14.739999999978986, 2.050624576345912 
14.749999999978963, 2.04755920952879 
14.75999999997894, 2.0451784693192585 
14.769999999978916, 2.0447232443555574 
14.779999999978893, 2.044568105311593 
14.78999999997887, 2.042870011678155 
14.799999999978846, 2.036347947036977 
14.809999999978823, 2.0252302432710145 
14.8199999999788, 2.0569092296065414 
14.829999999978776, 2.0810201857199404 
14.839999999978753, 2.086570815263631 
14.84999999997873, 2.0871889259110334 
14.859999999978706, 2.084761911988417 
14.869999999978683, 2.0687257150567033 
14.87999999997866, 1.6871167262882039 
14.889999999978636, -0.7967300875284666 
14.899999999978613, -1.532767307785875 
14.90999999997859, -1.862526516169159 
14.919999999978566, -1.9365262791841675 
14.929999999978543, -1.9531248813438833 
14.93999999997852, -1.9574048546056182 
14.949999999978496, -1.9582325549430255 
14.959999999978473, -1.9578175214927689 
14.96999999997845, -1.9573079355505958 
14.979999999978427, -1.9577737277801952 
14.989999999978403, -1.9590985285915299 
14.99999999997838, -1.9603112199568613 
15.009999999978357, -1.9610874859715186 
15.019999999978333, -1.9615030509965525 
15.02999999997831, -1.9613952779963288 
15.039999999978287, -1.9603015062243174 
15.049999999978263, -1.9573240576740325 
15.05999999997824, -1.9504385659900099 
15.069999999978217, -1.9347127863775264 
15.079999999978194, -1.8971221590882514 
15.08999999997817, -1.800278719146458 
15.099999999978147, -1.5552090854673968 
15.109999999978124, -1.1603911849751951 
15.1199999999781, -0.8874478460554744 
15.129999999978077, -0.7844319852311826 
15.139999999978054, -0.7550361603136143 
15.14999999997803, -0.7492418863987085 
15.159999999978007, -0.7498281791510407 
15.169999999977984, -0.751531385272504 
15.17999999997796, -0.7529315705519801 
15.189999999977937, -0.7537349157725612 
15.199999999977914, -0.7539040820969924 
15.20999999997789, -0.7533808381173255 
15.219999999977867, -0.7519828482651614 
15.229999999977844, -0.7493540043156195 
15.23999999997782, -0.7449836041357331 
15.249999999977797, -0.7383974288621243 
15.259999999977774, -0.7295641030624863 
15.26999999997775, -0.7192097484870797 
15.279999999977727, -0.7085594173874189 
15.289999999977704, -0.6986736870088377 
15.29999999997768, -0.6900687957650741 
15.309999999977657, -0.6828033504486438 
15.319999999977634, -0.6767204137791059 
15.32999999997761, -0.671620723047526 
15.339999999977588, -0.6673403877768228 
15.349999999977564, -0.6637707275556197 
15.359999999977541, -0.6608513242720074 
15.369999999977518, -0.6585529933224552 
15.379999999977494, -0.6568590631093885 
15.389999999977471, -0.6557493292221965 
15.399999999977448, -0.6551892295496471 
15.409999999977424, -0.6551259023834259 
15.419999999977401, -0.6554917511108681 
15.429999999977378, -0.656214517539294 
15.439999999977355, -0.6572313105060641 
15.449999999977331, -0.6585033783730195 
15.459999999977308, -0.660028326261562 
15.469999999977285, -0.6618458842089174 
15.479999999977261, -0.6640323287032264 
15.489999999977238, -0.6666782578545893 
15.499999999977215, -0.6698442639963597 
15.509999999977191, -0.6734923346455707 
15.519999999977168, -0.6774138330656647 
15.529999999977145, -0.6812224813883149 
15.539999999977121, -0.684480213394045 
15.549999999977098, -0.6868926612330206 
15.559999999977075, -0.6884012084792726 
15.569999999977052, -0.689115352577969 
15.579999999977028, -0.689193634273321 
15.589999999977005, -0.6887737826572808 
15.599999999976982, -0.6879738493625974 
15.609999999976958, -0.6869677089118584 
15.619999999976935, -0.6861890607917399 
15.629999999976912, -0.6868369193431012 
15.639999999976888, -0.6921001152677395 
15.649999999976865, -0.709976158357605 
15.659999999976842, -0.7588944734593992 
15.669999999976818, -0.8733669368853658 
15.679999999976795, -1.0820734487031414 
15.689999999976772, -1.3293255468346796 
15.699999999976749, -1.510216313047895 
15.709999999976725, -1.608566463079559 
15.719999999976702, -1.6567402555890158 
15.729999999976679, -1.679545846194107 
15.739999999976655, -1.6900172178106978 
15.749999999976632, -1.6945602429430031 
15.759999999976609, -1.6962352779645218 
15.769999999976585, -1.6964785319221671 
15.779999999976562, -1.6960292719337793 
15.789999999976539, -1.6953946605807946 
15.799999999976515, -1.6948857106824917 
15.809999999976492, -1.6944822697908504 
15.819999999976469, -1.6940782522409759 
15.829999999976446, -1.6937961925685037 
15.839999999976422, -1.6937476692201923 
15.849999999976399, -1.693677849484056 
15.859999999976376, -1.6930765383982425 
15.869999999976352, -1.6912478360553567 
15.879999999976329, -1.6868799411282587 
15.889999999976306, -1.6770222542816229 
15.899999999976282, -1.6550089534981123 
15.90999999997626, -1.6063266213443819 
15.919999999976236, -1.5020496955068763 
15.929999999976213, -1.3024267302791335 
15.93999999997619, -1.020583926786031 
15.949999999976166, -0.774492007220227 
15.959999999976143, -0.631603289123321 
15.96999999997612, -0.5632412785442125 
15.979999999976096, -0.5323879341600353 
15.989999999976073, -0.5187167780725332 
15.99999999997605, -0.5128099094762775 
16.009999999976028, -0.5104068312671812 
16.019999999976005, -0.509557055331086 
16.02999999997598, -0.5093509348670365 
16.039999999975958, -0.5093544162765485 
16.049999999975935, -0.5093528222435795 
16.05999999997591, -0.5092356559790557 
16.069999999975888, -0.5089510540287245 
16.079999999975865, -0.5084971499513273 
16.08999999997584, -0.507927829827517 
16.099999999975818, -0.5073500607216067 
16.109999999975795, -0.506898762993502 
16.11999999997577, -0.5066975020327579 
16.129999999975748, -0.5068250165030158 
16.139999999975725, -0.5072950286045763 
16.1499999999757, -0.5080446671931538 
16.15999999997568, -0.5089362944581394 
16.169999999975655, -0.5097891490249478 
16.17999999997563, -0.510438378019652 
16.18999999997561, -0.5107847550620318 
16.199999999975585, -0.5108031282572925 
16.20999999997556, -0.5105192932791252 
16.21999999997554, -0.5099880753362387 
16.229999999975515, -0.5092986841354088 
16.239999999975492, -0.508630449058586 
16.24999999997547, -0.5084123958473767 
16.259999999975445, -0.5097437985528204 
16.269999999975422, -0.5155477244575708 
16.2799999999754, -0.5339641801869325 
16.289999999975375, -0.589114780880535 
16.299999999975352, -0.7552996970965221 
16.30999999997533, -1.2025243165610393 
16.319999999975305, -1.7904957720944896 
16.329999999975282, -2.044730998536675 
16.33999999997526, -2.118176761647075 
16.349999999975235, -2.142006603254546 
16.359999999975212, -2.150654549518019 
16.36999999997519, -2.153726997277936 
16.379999999975166, -2.154398388489517 
16.389999999975142, -2.1538491910107824 
16.39999999997512, -2.1525526550001044 
16.409999999975096, -2.1505387380759844 
16.419999999975072, -2.147599480080793 
16.42999999997505, -2.144569539377657 
16.439999999975026, -2.143415048371919 
16.449999999975002, -2.143645808926724 
16.45999999997498, -2.143354165925942 
16.469999999974956, -2.141126300006827 
16.479999999974932, -2.1333994100975255 
16.48999999997491, -2.1095075075276233 
16.499999999974886, -2.1033603575432105 
16.509999999974863, -2.2451948583075056 
16.51999999997484, -2.339266783702835 
16.529999999974816, -2.3690902145268766 
16.539999999974793, -2.3794708046879296 
16.54999999997477, -2.383453830875085 
16.559999999974746, -2.384671795809033 
16.569999999974723, -2.384257717427576 
16.5799999999747, -2.3824093662673875 
16.589999999974676, -2.3785267301352295 
16.599999999974653, -2.3705320156902507 
16.60999999997463, -2.3561295155538398 
16.619999999974606, -2.3455350025369923 
16.629999999974583, -2.347431212241932 
16.63999999997456, -2.349945400359293 
16.649999999974536, -2.3501499127566112 
16.659999999974513, -2.3484990289249774 
16.66999999997449, -2.3462838953534493 
16.679999999974466, -2.3495777132117603 
16.689999999974443, -2.357598771520654 
16.69999999997442, -2.3629932820408803 
16.709999999974396, -2.365525890352317 
16.719999999974373, -2.366448033760611 
16.72999999997435, -2.366098278218199 
16.739999999974327, -2.364086052958936 
16.749999999974303, -2.358955051767785 
16.75999999997428, -2.346156113875119 
16.769999999974257, -2.308783194735005 
16.779999999974233, -2.1733780979641337 
16.78999999997421, -1.8318500091918402 
16.799999999974187, -1.7104192818265322 
16.809999999974163, -1.7577287848976184 
16.81999999997414, -1.782124517265355 
16.829999999974117, -1.7899298813785343 
16.839999999974093, -1.7921381068851059 
16.84999999997407, -1.7921879747403033 
16.859999999974047, -1.7911494537972232 
16.869999999974024, -1.7901851380926783 
16.879999999974, -1.7917334147035366 
16.889999999973977, -1.7966408576642146 
16.899999999973954, -1.8021453258929903 
16.90999999997393, -1.806250427795699 
16.919999999973907, -1.8088952074015474 
16.929999999973884, -1.8104499251095152 
16.93999999997386, -1.8111050960071622 
16.949999999973837, -1.81088778697785 
16.959999999973814, -1.8097206938956412 
16.96999999997379, -1.8074120732884846 
16.979999999973767, -1.8035819341764783 
16.989999999973744, -1.7974789443282375 
16.99999999997372, -1.787607708858009 
17.009999999973697, -1.7714398153023008 
17.019999999973674, -1.7477559428566827 
17.02999999997365, -1.7256423758330075 
17.039999999973627, -1.7188252569871771 
17.049999999973604, -1.7212791720800342 
17.05999999997358, -1.7237498004521412 
17.069999999973557, -1.7245031041209362 
17.079999999973534, -1.723654081903204 
17.08999999997351, -1.7207050382487634 
17.099999999973488, -1.714550746540565 
17.109999999973464, -1.7095408967480021 
17.11999999997344, -1.7309241794729586 
17.129999999973418, -1.783783580145967 
17.139999999973394, -1.8274586030179472 
17.14999999997337, -1.8518098734653432 
17.159999999973348, -1.8647208801043065 
17.169999999973324, -1.8717836053719688 
17.1799999999733, -1.8756269756604176 
17.189999999973278, -1.8774833570471394 
17.199999999973254, -1.8779806843555928 
17.20999999997323, -1.877456306782118 
17.219999999973208, -1.8760776385161004 
17.229999999973185, -1.8738557792301633 
17.23999999997316, -1.8705860314286018 
17.249999999973138, -1.8661123672854245 
17.259999999973115, -1.8614963041297734 
17.26999999997309, -1.8591303922731193 
17.279999999973068, -1.8591541767263298 
17.289999999973045, -1.8594954304811833 
17.29999999997302, -1.8588386375825945 
17.309999999972998, -1.8559865682116126 
17.319999999972975, -1.8471235663546242 
17.32999999997295, -1.8191102035611912 
17.339999999972928, -1.7624785822330438 
17.349999999972905, -1.9157718173808387 
17.35999999997288, -2.2693948858981097 
17.36999999997286, -2.385760462578543 
17.379999999972835, -2.4158439996431462 
17.38999999997281, -2.425567127474067 
17.39999999997279, -2.42894305435954 
17.409999999972765, -2.4296666083255993 
17.41999999997274, -2.4288571101979937 
17.42999999997272, -2.4266517953749274 
17.439999999972695, -2.422244501619951 
17.449999999972672, -2.4138967811219123 
17.45999999997265, -2.404565995368519 
17.469999999972625, -2.403537199807429 
17.479999999972602, -2.4055989371952293 
17.48999999997258, -2.4059430637009673 
17.499999999972555, -2.4042962172824884 
17.509999999972532, -2.401113168085896 
17.51999999997251, -2.403445022870316 
17.529999999972485, -2.4140086616629537 
17.539999999972462, -2.421587393165219 
17.54999999997244, -2.425038743404559 
17.559999999972415, -2.4263538851359887 
17.569999999972392, -2.426255157016222 
17.57999999997237, -2.4245505720603657 
17.589999999972346, -2.420027394938646 
17.599999999972322, -2.408698403227711 
17.6099999999723, -2.37533645945269 
17.619999999972276, -2.2521987958560334 
17.629999999972252, -1.9576864913930627 
17.63999999997223, -1.9013358977862698 
17.649999999972206, -1.9493104695109154 
17.659999999972182, -1.9665975757267895 
17.66999999997216, -1.9713822909395329 
17.679999999972136, -1.9723299685684044 
17.689999999972112, -1.9717720087074333 
17.69999999997209, -1.9708996767292564 
17.709999999972066, -1.9715405867448166 
17.719999999972043, -1.9742848071737888 
17.72999999997202, -1.9772333479798845 
17.739999999971996, -1.9792397655249814 
17.749999999971973, -1.980387969229374 
17.75999999997195, -1.980805589202982 
17.769999999971926, -1.9803379995097363 
17.779999999971903, -1.978572077016075 
17.78999999997188, -1.9746664485385153 
17.799999999971856, -1.9668618086445082 
17.809999999971833, -1.9511635532927873 
17.81999999997181, -1.9174046012533363 
17.829999999971786, -1.8398043872904257 
17.839999999971763, -1.68953731538999 
17.84999999997174, -1.5619023854148752 
17.859999999971716, -1.5467119476956772 
17.869999999971693, -1.56181866594788 
17.87999999997167, -1.5707788777564395 
17.889999999971646, -1.5743085253809965 
17.899999999971623, -1.5751924368657058 
17.9099999999716, -1.5745018080121942 
17.919999999971576, -1.5723753922002321 
17.929999999971553, -1.5692812239710319 
17.93999999997153, -1.56955862238188 
17.949999999971507, -1.5826173163926716 
17.959999999971483, -1.6073779020776757 
17.96999999997146, -1.63073210680707 
17.979999999971437, -1.6470246548264622 
17.989999999971413, -1.657514644445131 
17.99999999997139, -1.6642589858464365 
18.009999999971367, -1.668573310401038 
18.019999999971343, -1.6711867026076903 
18.02999999997132, -1.6725173647320013 
18.039999999971297, -1.6728325365885681 
18.049999999971273, -1.672322550066178 
18.05999999997125, -1.6711319843014465 
18.069999999971227, -1.6693579295147813 
18.079999999971204, -1.6670072232923936 
18.08999999997118, -1.6640540067194476 
18.099999999971157, -1.6608486879280029 
18.109999999971134, -1.6584397573203762 
18.11999999997111, -1.657577255298472 
18.129999999971087, -1.6576177833491503 
18.139999999971064, -1.6574572044264635 
18.14999999997104, -1.6562383464987511 
18.159999999971017, -1.6525703286060875 
18.169999999970994, -1.6421022332701505 
18.17999999997097, -1.6083702723658386 
18.189999999970947, -1.4801859118658451 
18.199999999970924, -0.9815624947213444 
18.2099999999709, -0.02469363711369899 
18.219999999970877, 0.38078706240064564 
18.229999999970854, 0.46597357907192327 
18.23999999997083, 0.4886543794577852 
18.249999999970807, 0.4964991561600022 
18.259999999970784, 0.4996172824155196 
18.26999999997076, 0.5008600206842007 
18.279999999970737, 0.5012439082697812 
18.289999999970714, 0.5012242936821752 
18.29999999997069, 0.5010698012482373 
18.309999999970668, 0.5009933362110155 
18.319999999970644, 0.5012047338047307 
18.32999999997062, 0.5019271199447842 
18.339999999970598, 0.503368655015762 
18.349999999970574, 0.5056223784554302 
18.35999999997055, 0.508521072654414 
18.369999999970528, 0.5115995539866705 
18.379999999970504, 0.5142939851840422 
18.38999999997048, 0.5162154848130295 
18.399999999970458, 0.5172194280963875 
18.409999999970434, 0.5172539391232014 
18.41999999997041, 0.5161205505356176 
18.429999999970388, 0.5131238961503026 
18.439999999970365, 0.5062597762182318 
18.44999999997034, 0.48993694403810845 
18.459999999970318, 0.45006583709650416 
18.469999999970295, 0.36966385465662405 
18.47999999997027, 0.2822220151448779 
18.489999999970248, 0.24177213217315058 
18.499999999970225, 0.2329431157880199 
18.5099999999702, 0.2327654849563916 
18.519999999970178, 0.2338326494829667 
18.529999999970155, 0.23464760141223162 
18.53999999997013, 0.23503324797361197 
18.549999999970108, 0.235013873664965 
18.559999999970085, 0.23457964460632036 
18.56999999997006, 0.23361930467735337 
18.57999999997004, 0.23184265092739512 
18.589999999970015, 0.22858987494029753 
18.59999999996999, 0.2222932733328392 
18.60999999996997, 0.20875266481759236 
18.619999999969945, 0.1745798378322489 
18.62999999996992, 0.06728648137859006 
18.6399999999699, -0.32623352057191995 
18.649999999969875, -1.179009929357066 
18.659999999969852, -1.6783630108724563 
18.66999999996983, -1.8112130646959037 
18.679999999969805, -1.8457390536284097 
18.689999999969782, -1.8559473753683964 
18.69999999996976, -1.859078554069886 
18.709999999969735, -1.8597236157882602 
18.719999999969712, -1.8593897654260616 
18.72999999996969, -1.8589080682471386 
18.739999999969665, -1.8588313114122965 
18.749999999969642, -1.8590629992300998 
18.75999999996962, -1.859234844374722 
18.769999999969595, -1.859339567999178 
18.779999999969572, -1.8594435627432682 
18.78999999996955, -1.8592581115706008 
18.799999999969526, -1.8582074144561698 
18.809999999969502, -1.8552858150603377 
18.81999999996948, -1.8481378684423864 
18.829999999969456, -1.8306094735140495 
18.839999999969432, -1.7859033607929142 
18.84999999996941, -1.6676018948125648 
18.859999999969386, -1.3767426656980306 
18.869999999969362, -0.9153547175645219 
18.87999999996934, -0.5641518497266873 
18.889999999969316, -0.3992359898088512 
18.899999999969292, -0.3292911263890978 
18.90999999996927, -0.2981425742067988 
18.919999999969246, -0.2832564844977909 
18.929999999969223, -0.2757222790681354 
18.9399999999692, -0.2717733931053033 
18.949999999969176, -0.269696235445391 
18.959999999969153, -0.268662239590036 
18.96999999996913, -0.26825558472942157 
18.979999999969106, -0.2682704825994394 
18.989999999969083, -0.2686222073842447 
18.99999999996906, -0.2693114259345447 
19.009999999969036, -0.2704174654276398 
19.019999999969013, -0.27211160651356636 
19.02999999996899, -0.27469101667232765 
19.039999999968966, -0.27864280388637525 
19.049999999968943, -0.28475088133713405 
19.05999999996892, -0.29422715122275106 
19.069999999968896, -0.3086977649204966 
19.079999999968873, -0.32950353224014245 
19.08999999996885, -0.3557190206328043 
19.099999999968826, -0.38256195843744173 
19.109999999968803, -0.4042129660344 
19.11999999996878, -0.4184993944704103 
19.129999999968756, -0.4268077939330728 
19.139999999968733, -0.4313165167272362 
19.14999999996871, -0.43359469637731707 
19.159999999968687, -0.43450927575607257 
19.169999999968663, -0.43444640303566445 
19.17999999996864, -0.43346999035348216 
19.189999999968617, -0.43137640449195935 
19.199999999968593, -0.42768877167621283 
19.20999999996857, -0.4216973448979828 
19.219999999968547, -0.4127636574987122 
19.229999999968523, -0.40103055143308336 
19.2399999999685, -0.38796657854706884 
19.249999999968477, -0.3757073213667143 
19.259999999968453, -0.3656934712225099 
19.26999999996843, -0.3582027397468922 
19.279999999968407, -0.35283105630349637 
19.289999999968384, -0.3490219800038098 
19.29999999996836, -0.34630034222323947 
19.309999999968337, -0.34431595740046583 
19.319999999968314, -0.3428274288330332 
19.32999999996829, -0.3416809342073745 
19.339999999968267, -0.34079566006978457 
19.349999999968244, -0.34015634787416826 
19.35999999996822, -0.33981546310527505 
19.369999999968197, -0.33991211387078935 
19.379999999968174, -0.3407212883033368 
19.38999999996815, -0.342761257489917 
19.399999999968127, -0.34702219626326436 
19.409999999968104, -0.3554667353361246 
19.41999999996808, -0.37217493248994893 
19.429999999968057, -0.40604675123521716 
19.439999999968034, -0.47692137876065 
19.44999999996801, -0.6250303730757436 
19.459999999967987, -0.8958951511920198 
19.469999999967964, -1.2328737826472687 
19.47999999996794, -1.4785517255337752 
19.489999999967917, -1.6008677624862624 
19.499999999967894, -1.6531970824375257 
19.50999999996787, -1.6746802073559295 
19.519999999967848, -1.683358314402738 
19.529999999967824, -1.6866843555721018 
19.5399999999678, -1.687657726069989 
19.549999999967778, -1.6875374194182158 
19.559999999967754, -1.6870158747264934 
19.56999999996773, -1.686628591132831 
19.579999999967708, -1.6865893103146656 
19.589999999967684, -1.6867004668254861 
19.59999999996766, -1.6867919242076888 
19.609999999967638, -1.686921557666178 
19.619999999967614, -1.6870568796358043 
19.62999999996759, -1.6868940049892758 
19.639999999967568, -1.6859673217974407 
19.649999999967545, -1.6835904620704958 
19.65999999996752, -1.6785106265157679 
19.669999999967498, -1.668343007103476 
19.679999999967475, -1.6486623537825575 
19.68999999996745, -1.6112739963306346 
19.699999999967428, -1.5411776587529906 
19.709999999967405, -1.4172306532260621 
19.71999999996738, -1.2421474249613367 
19.729999999967358, -1.0860627257872153 
19.739999999967335, -1.0059617569366828 
19.74999999996731, -0.9817515040838272 
19.759999999967288, -0.9793283012732316 
19.769999999967265, -0.9819367953397409 
19.77999999996724, -0.9844743286593258 
19.78999999996722, -0.9859901211768625 
19.799999999967195, -0.986502313656586 
19.80999999996717, -0.986036315354116 
19.81999999996715, -0.9843152151779788 
19.829999999967125, -0.9804567381102862 
19.8399999999671, -0.9723176961734941 
19.84999999996708, -0.955135236585907 
19.859999999967055, -0.9197598534547543 
19.869999999967032, -0.8544958942200273 
19.87999999996701, -0.7586384598604098 
19.889999999966985, -0.655093721315507 
19.899999999966962, -0.5703202492716177 
19.90999999996694, -0.5116078108440811 
19.919999999966915, -0.47348357096186816 
19.929999999966892, -0.44890093051621605 
19.93999999996687, -0.4328111211510822 
19.949999999966845, -0.4220841922686257 
19.959999999966822, -0.4148376380829439 
19.9699999999668, -0.40992838960836914 
19.979999999966775, -0.4066466629156037 
19.989999999966752, -0.4045414336026506 
19.99999999996673, -0.4033218070266288 
20.009999999966706, -0.4028014110417407 
20.019999999966682, -0.4028679122744879 
20.02999999996666, -0.40346837757058757 
20.039999999966636, -0.404606204520949 
20.049999999966612, -0.40634845812424414 
20.05999999996659, -0.4088446759745209 
20.069999999966566, -0.41236030038636884 
20.079999999966542, -0.41733009156063716 
20.08999999996652, -0.42443551583908523 
20.099999999966496, -0.43468691807418064 
20.109999999966472, -0.44939374069868593 
20.11999999996645, -0.4696705750698995 
20.129999999966426, -0.4950241298546749 
20.139999999966403, -0.5218327921559552 
20.14999999996638, -0.5447308299338485 
20.159999999966356, -0.5606960646990686 
20.169999999966333, -0.5703079114449624 
20.17999999996631, -0.5755962013569469 
20.189999999966286, -0.5782835741221753 
20.199999999966263, -0.5793993562859866 
20.20999999996624, -0.5794282190557958 
20.219999999966216, -0.5784632048497597 
20.229999999966193, -0.5762210221953001 
20.23999999996617, -0.5718573361689557 
20.249999999966146, -0.5634526954482142 
20.259999999966123, -0.547025064099451 
20.2699999999661, -0.5157590559413762 
20.279999999966076, -0.46355275766677995 
20.289999999966053, -0.39668180813057197 
20.29999999996603, -0.3351919455610545 
20.309999999966006, -0.2918350023386103 
20.319999999965983, -0.2650721900334923 
20.32999999996596, -0.2490400918096721 
20.339999999965936, -0.2392394517996212 
20.349999999965913, -0.2330247644705818 
20.35999999996589, -0.22893379896842253 
20.369999999965867, -0.2261563130437252 
20.379999999965843, -0.22423877346402735 
20.38999999996582, -0.2229342318297855 
20.399999999965797, -0.22212925927392185 
20.409999999965773, -0.22181443308877857 
20.41999999996575, -0.2220874112494756 
20.429999999965727, -0.22319419669764273 
20.439999999965703, -0.22563590580606316 
20.44999999996568, -0.2304149071695814 
20.459999999965657, -0.23961599741457426 
20.469999999965633, -0.2578670834181455 
20.47999999996561, -0.29625898171939735 
20.489999999965587, -0.38299508621408895 
20.499999999965564, -0.5851389898528616 
20.50999999996554, -0.9810089137056899 
20.519999999965517, -1.4197246421979186 
20.529999999965494, -1.6630548152976825 
20.53999999996547, -1.7586898959980573 
20.549999999965447, -1.794321387522547 
20.559999999965424, -1.8078384302566046 
20.5699999999654, -1.812938108357995 
20.579999999965377, -1.8146115042802333 
20.589999999965354, -1.8147628288687756 
20.59999999996533, -1.814255222156704 
20.609999999965307, -1.8136413509042804 
20.619999999965284, -1.8131611571984887 
20.62999999996526, -1.8126872322517662 
20.639999999965237, -1.8121928056308214 
20.649999999965214, -1.8119260365289278 
20.65999999996519, -1.8118674889064645 
20.669999999965167, -1.811520000829016 
20.679999999965144, -1.8101435540303092 
20.68999999996512, -1.806365184073103 
20.699999999965097, -1.7964803580496995 
20.709999999965074, -1.7691963763758736 
20.71999999996505, -1.688328524694585 
20.729999999965028, -1.4489943182540226 
20.739999999965004, -0.9380644111680351 
20.74999999996498, -0.44951613548375197 
20.759999999964958, -0.22048409279780326 
20.769999999964934, -0.1317671994104631 
20.77999999996491, -0.09461064181759353 
20.789999999964888, -0.07710642316154222 
20.799999999964864, -0.06801529873495718 
20.80999999996484, -0.06296687133458011 
20.819999999964818, -0.06008551316880719 
20.829999999964794, -0.058513080590811596 
20.83999999996477, -0.05786435177106612 
20.849999999964748, -0.05801986172099932 
20.859999999964725, -0.059066943263120716 
20.8699999999647, -0.0613407292832988 
20.879999999964678, -0.06559755714225227 
20.889999999964655, -0.07347347040820866 
20.89999999996463, -0.08870734046047005 
20.909999999964608, -0.12068104013253914 
20.919999999964585, -0.19540253709429162 
20.92999999996456, -0.3856809394096693 
20.939999999964538, -0.8123080149381433 
20.949999999964515, -1.3265824757160696 
20.95999999996449, -1.5996132395699723 
20.969999999964468, -1.6950064744425988 
20.979999999964445, -1.7265723297396636 
20.98999999996442, -1.737463737778856 
20.9999999999644, -1.7412375149291062 
21.009999999964375, -1.7422730566183087 
21.01999999996435, -1.7421377717141258 
21.02999999996433, -1.741631087693451 
21.039999999964305, -1.7413806361269235 
21.04999999996428, -1.741595323138719 
21.05999999996426, -1.7419654827261932 
21.069999999964235, -1.7422554502345644 
21.079999999964212, -1.742505780067884 
21.08999999996419, -1.7426558908197312 
21.099999999964165, -1.7423806226051632 
21.109999999964142, -1.7411803541521764 
21.11999999996412, -1.7382455206601677 
21.129999999964095, -1.7320111172051624 
21.139999999964072, -1.7193773435342585 
21.14999999996405, -1.6942075366911413 
21.159999999964025, -1.6440570099082634 
21.169999999964002, -1.5449353216718955 
21.17999999996398, -1.370783147597308 
21.189999999963955, -1.162181860223261 
21.199999999963932, -1.0244811729449852 
21.20999999996391, -0.9728729792715184 
21.219999999963886, -0.9625038648885358 
21.229999999963862, -0.9640263615114181 
21.23999999996384, -0.9670977822380058 
21.249999999963816, -0.9692974246572948 
21.259999999963792, -0.9704037706191226 
21.26999999996377, -0.9705312585090903 
21.279999999963746, -0.969623030852356 
21.289999999963722, -0.9672211846487425 
21.2999999999637, -0.9620893856701993 
21.309999999963676, -0.951380101895389 
21.319999999963652, -0.9291669659635818 
21.32999999996363, -0.8856498483909381 
21.339999999963606, -0.8127813010930879 
21.349999999963583, -0.7188875578812621 
21.35999999996356, -0.6287409293573176 
21.369999999963536, -0.5596134149432908 
21.379999999963513, -0.5124358126008881 
21.38999999996349, -0.4814010554389386 
21.399999999963466, -0.46094302150339833 
21.409999999963443, -0.447259036364646 
21.41999999996342, -0.43797721892040753 
21.429999999963396, -0.4316380805515803 
21.439999999963373, -0.4273302850541767 
21.44999999996335, -0.42447110238080726 
21.459999999963326, -0.42267922715696604 
21.469999999963303, -0.4217017087003322 
21.47999999996328, -0.42137236086975305 
21.489999999963256, -0.42158914686947113 
21.499999999963233, -0.4223040461972872 
21.50999999996321, -0.4235225139399451 
21.519999999963186, -0.42531184713117004 
21.529999999963163, -0.4278191666085477 
21.53999999996314, -0.4313007953848002 
21.549999999963116, -0.4361651398749464 
21.559999999963093, -0.4430250680019264 
21.56999999996307, -0.45272263810672675 
21.579999999963047, -0.4661886355274133 
21.589999999963023, -0.48384930392686076 
21.599999999963, -0.5044981672007369 
21.609999999962977, -0.5248055738768899 
21.619999999962953, -0.5411734915667881 
21.62999999996293, -0.5522369957257461 
21.639999999962907, -0.5588339563380258 
21.649999999962883, -0.5624285409667131 
21.65999999996286, -0.5641555246618237 
21.669999999962837, -0.5646604106222968 
21.679999999962813, -0.5641932549212493 
21.68999999996279, -0.5626647683372502 
21.699999999962767, -0.5595612535010513 
21.709999999962744, -0.553611152196688 
21.71999999996272, -0.5419991834127622 
21.729999999962697, -0.5190649125442555 
21.739999999962674, -0.47635674964361446 
21.74999999996265, -0.410764844459037 
21.759999999962627, -0.33792593918098524 
21.769999999962604, -0.28020528193759214 
21.77999999996258, -0.24346764596299844 
21.789999999962557, -0.2219045669753666 
21.799999999962534, -0.20922356569861317 
21.80999999996251, -0.2015041272216876 
21.819999999962487, -0.19660639149495276 
21.829999999962464, -0.19337885528978818 
21.83999999996244, -0.19118984857071145 
21.849999999962417, -0.18969049574083657 
21.859999999962394, -0.18869983840756205 
21.86999999996237, -0.18815285956586222 
21.879999999962347, -0.18808714874630406 
21.889999999962324, -0.18866594559471844 
21.8999999999623, -0.19025686471789968 
21.909999999962277, -0.193626380470459 
21.919999999962254, -0.2004178394996309 
21.92999999996223, -0.2144077976057232 
21.939999999962208, -0.24512462094628473 
21.949999999962184, -0.31915627077384023 
21.95999999996216, -0.5137744806184099 
21.969999999962138, -0.9839127870514821 
21.979999999962114, -1.5885310429124553 
21.98999999996209, -1.8842496115936007 
21.999999999962068, -1.9784622736103643 
22.009999999962044, -2.0096556365205 
22.01999999996202, -2.020884770331796 
22.029999999961998, -2.024937462593117 
22.039999999961974, -2.026074292124147 
22.04999999996195, -2.0258708629767797 
22.059999999961928, -2.0250258349468555 
22.069999999961905, -2.0238558660196935 
22.07999999996188, -2.0223119864965122 
22.089999999961858, -2.02049975692389 
22.099999999961835, -2.0192772992200956 
22.10999999996181, -2.019051408647642 
22.119999999961788, -2.018881630195689 
22.129999999961765, -2.0175782351884672 
22.13999999996174, -2.013022064150152 
22.149999999961718, -1.9966894885047632 
22.159999999961695, -1.9242427015245955 
22.16999999996167, -1.6197201518263935 
22.179999999961648, -1.5450535042570541 
22.189999999961625, -3.4133738009827552 
22.1999999999616, -3.5851348869130737 
22.20999999996158, -3.5979054152349206 
22.219999999961555, -3.5994727419325137 
22.22999999996153, -3.5980258530831515 
22.23999999996151, -3.592008520451512 
22.249999999961485, -3.5639239360674595 
22.25999999996146, -3.5401280532281874 
22.26999999996144, -3.5549060565710207 
22.279999999961415, -3.5570257032555093 
22.289999999961392, -3.556417976306153 
22.29999999996137, -3.5560191854426852 
22.309999999961345, -3.5554055272690674 
22.319999999961322, -3.5547075662817087 
22.3299999999613, -3.554195193962856 
22.339999999961275, -3.5507040060200503 
22.349999999961252, -3.5353205165959984 
22.35999999996123, -3.5604419049393625 
22.369999999961205, -3.5828656490905146 
22.379999999961182, -3.5870001534719855 
22.38999999996116, -3.587114113473869 
22.399999999961135, -3.5840814010445556 
22.409999999961112, -3.5679299844658012 
22.41999999996109, -3.3430751586124985 
22.429999999961066, -1.19143113341402 
22.439999999961042, -0.5824117102069979 
22.44999999996102, -0.3900715923436688 
22.459999999960996, -0.31327507435374635 
22.469999999960972, -0.2833513823922914 
22.47999999996095, -0.2712799792082562 
22.489999999960926, -0.26618960444554995 
22.499999999960902, -0.2639901042866394 
22.50999999996088, -0.26305090872570447 
22.519999999960856, -0.26267883361978395 
22.529999999960832, -0.26256333358108835 
22.53999999996081, -0.26256320142667183 
22.549999999960786, -0.2626226331614277 
22.559999999960763, -0.26274100498660347 
22.56999999996074, -0.26296635839790417 
22.579999999960716, -0.263397971821666 
22.589999999960693, -0.2641907446593431 
22.59999999996067, -0.26556185456636094 
22.609999999960646, -0.2678050220868804 
22.619999999960623, -0.2713076052872582 
22.6299999999606, -0.2765283984224699 
22.639999999960576, -0.28383312441595654 
22.649999999960553, -0.2930930366949804 
22.65999999996053, -0.3032716180140094 
22.669999999960506, -0.3126822345856422 
22.679999999960483, -0.32001109608047923 
22.68999999996046, -0.3249583062373857 
22.699999999960436, -0.32792850398324896 
22.709999999960413, -0.3294661610887426 
22.71999999996039, -0.32996280072052414 
22.729999999960366, -0.32959200477375306 
22.739999999960343, -0.32830894270194994 
22.74999999996032, -0.32583555731272673 
22.759999999960296, -0.321638148170541 
22.769999999960273, -0.3150087822146973 
22.77999999996025, -0.3054781390031738 
22.789999999960227, -0.29357573643367046 
22.799999999960203, -0.28110660768878787 
22.80999999996018, -0.2701148885232033 
22.819999999960157, -0.2616315615693722 
22.829999999960133, -0.25559414634571026 
22.83999999996011, -0.25146481931867304 
22.849999999960087, -0.24868371169566306 
22.859999999960063, -0.24681360232753682 
22.86999999996004, -0.24553866465672242 
22.879999999960017, -0.24463395451012135 
22.889999999959993, -0.24394408859275307 
22.89999999995997, -0.24337239806888436 
22.909999999959947, -0.24287436959939906 
22.919999999959924, -0.24245495400468223 
22.9299999999599, -0.24217692197746202 
22.939999999959877, -0.24219531410265374 
22.949999999959854, -0.2428504556574679 
22.95999999995983, -0.24490217337067977 
22.969999999959807, -0.2501312223856912 
22.979999999959784, -0.26292085766833206 
22.98999999995976, -0.29409693886642774 
22.999999999959737, -0.36447394435847336 
23.009999999959714, -0.4387448668575577 
23.01999999995969, 0.45812597640621605 
23.029999999959667, 1.6454024496272353 
23.039999999959644, 1.7084315046265535 
23.04999999995962, 1.7157223557768344 
23.059999999959597, 1.7167113795473488 
23.069999999959574, 1.715300730338117 
23.07999999995955, 1.7100755512487305 
23.089999999959527, 1.6944282515104223 
23.099999999959504, 1.6675288369652244 
23.10999999995948, 1.662649223061599 
23.119999999959457, 1.6684565743540223 
23.129999999959434, 1.671060200841112 
23.13999999995941, 1.6712826843666324 
23.149999999959388, 1.6700133331513303 
23.159999999959364, 1.6682251524554534 
23.16999999995934, 1.670108772035966 
23.179999999959318, 1.6782869403023173 
23.189999999959294, 1.6855430237708902 
23.19999999995927, 1.6888805499931592 
23.209999999959248, 1.6897420434780828 
23.219999999959224, 1.688851038702777 
23.2299999999592, 1.6843891988503028 
23.239999999959178, 1.6576634709697338 
23.249999999959154, 1.0811886721585993 
23.25999999995913, -2.7714939658574496 
23.269999999959108, -3.2030125883060094 
23.279999999959085, -3.2274403223777512 
23.28999999995906, -3.230614812551919 
23.299999999959038, -3.230320471138049 
23.309999999959015, -3.2285284404817434 
23.31999999995899, -3.224188325657842 
23.329999999958968, -3.218061029714177 
23.339999999958945, -3.218559175136485 
23.34999999995892, -3.2194948588939254 
23.359999999958898, -3.2181192487412935 
23.369999999958875, -3.2166700567345488 
23.37999999995885, -3.2202688842937257 
23.389999999958828, -3.22299535302963 
23.399999999958805, -3.223655698828755 
23.40999999995878, -3.2230248787567746 
23.41999999995876, -3.219133070375765 
23.429999999958735, -3.1944953406593117 
23.43999999995871, -2.7680950381987337 
23.44999999995869, 1.0888204918105782 
23.459999999958665, 1.9738691919993863 
23.46999999995864, 1.9994630719951811 
23.47999999995862, 2.002482725132535 
23.489999999958595, 2.0020601465368584 
23.499999999958572, 1.9987205169209505 
23.50999999995855, 1.9875571387200992 
23.519999999958525, 1.9647538531686095 
23.529999999958502, 1.9607516903338098 
23.53999999995848, 1.9663230802611658 
23.549999999958455, 1.9682348346417826 
23.559999999958432, 1.9679140960876507 
23.56999999995841, 1.9666291896559536 
23.579999999958385, 1.967057300273893 
23.589999999958362, 1.9714447605992578 
23.59999999995834, 1.975713308391813 
23.609999999958315, 1.9775985755235392 
23.619999999958292, 1.977784731541061 
23.62999999995827, 1.9763575043125354 
23.639999999958246, 1.9694437770222906 
23.649999999958222, 1.8973745785786609 
23.6599999999582, -0.8841320755991575 
23.669999999958176, -4.052692478596418 
23.679999999958152, -4.109708248030407 
23.68999999995813, -4.113404619422863 
23.699999999958106, -4.112324634208961 
23.709999999958082, -4.1062239100826785 
23.71999999995806, -4.07378653703188 
23.729999999958036, -4.075476678650665 
23.739999999958012, -4.082279454845407 
23.74999999995799, -4.082118371712196 
23.759999999957966, -4.081375517671356 
23.769999999957943, -4.0802106129931675 
23.77999999995792, -4.079271015751068 
23.789999999957896, -4.0786326736328435 
23.799999999957873, -4.074062464616857 
23.80999999995785, -4.0747369590094085 
23.819999999957826, -4.085436295362577 
23.829999999957803, -4.087427316148586 
23.83999999995778, -4.086560916519945 
23.849999999957756, -4.079006382297481 
23.859999999957733, -3.919783892591286 
23.86999999995771, -1.3755098507472392 
23.879999999957686, -4.7572871111748505 
23.889999999957663, -4.823869377308619 
23.89999999995764, -4.825829103984535 
23.909999999957616, -4.82290881174643 
23.919999999957593, -4.796760889992632 
23.92999999995757, -4.77614925805778 
23.939999999957546, -4.789560064434737 
23.949999999957523, -4.7894154329536 
23.9599999999575, -4.787939933532085 
23.969999999957476, -4.784961150620015 
23.979999999957453, -4.784976314605134 
23.98999999995743, -4.78347341947641 
23.999999999957407, -4.782973749558253 
24.009999999957383, -4.7848219403700485 
24.01999999995736, -4.784498705852249 
24.029999999957337, -4.781346298761761 
24.039999999957313, -4.738875830794799 
24.04999999995729, -4.814779096137296 
24.059999999957267, -4.83026130895992 
24.069999999957243, -4.830533533088525 
24.07999999995722, -4.824594638158472 
24.089999999957197, -4.637270930508725 
24.099999999957173, -3.756261754487801 
24.10999999995715, -4.280857017049398 
24.119999999957127, -4.29121289235926 
24.129999999957104, -4.291098571909244 
24.13999999995708, -4.287949209124646 
24.149999999957057, -4.275127159379385 
24.159999999957034, -4.273685777211517 
24.16999999995701, -4.2769143734955515 
24.179999999956987, -4.276173244378223 
24.189999999956964, -4.275821577327521 
24.19999999995694, -4.2751717998952925 
24.209999999956917, -4.274588947955816 
24.219999999956894, -4.272695488164516 
24.22999999995687, -4.262394467944844 
24.239999999956847, -4.277580200591034 
24.249999999956824, -4.287072370649277 
24.2599999999568, -4.287872173370829 
24.269999999956777, -4.285190879951086 
24.279999999956754, -4.257389231277539 
24.28999999995673, -2.127762743637266 
24.299999999956707, 2.5671865933141325 
24.309999999956684, 2.65529143654808 
24.31999999995666, 2.6594282260436795 
24.329999999956637, 2.6587486788516013 
24.339999999956614, 2.6533103114616035 
24.34999999995659, 2.6288606664354384 
24.359999999956568, 2.6174907178536446 
24.369999999956544, 2.6271785852775267 
24.37999999995652, 2.6289831103317622 
24.389999999956498, 2.6286853443324967 
24.399999999956474, 2.628828609282419 
24.40999999995645, 2.6296991926034083 
24.419999999956428, 2.6299427270383364 
24.429999999956404, 2.6295267680140637 
24.43999999995638, 2.6284974975577553 
24.449999999956358, 2.623833251060153 
24.459999999956334, 2.5816434858861212 
24.46999999995631, 2.640910729534972 
24.479999999956288, 2.720036484005613 
24.489999999956265, 2.725973665626272 
24.49999999995624, 2.7254516740720933 
24.509999999956218, 2.716985484961414 
24.519999999956195, 2.4740126064316543 
24.52999999995617, 2.1721667774255353 
24.539999999956148, 2.3307650663812067 
24.549999999956125, 2.339119638729925 
24.5599999999561, 2.3400243508128664 
24.569999999956078, 2.3394322779613197 
24.579999999956055, 2.337478426245661 
24.58999999995603, 2.3338356571802246 
24.599999999956008, 2.3310460302438796 
24.609999999955985, 2.3310208841133937 
24.61999999995596, 2.330941217726319 
24.62999999995594, 2.3287451837400654 
24.639999999955915, 2.3230232053260864 
24.64999999995589, 2.3287391985518995 
24.65999999995587, 2.344653770342352 
24.669999999955845, 2.3500533814529927 
24.67999999995582, 2.350820500460769 
24.6899999999558, 2.3489350736151104 
24.699999999955775, 2.3353430441123075 
24.709999999955752, 1.8339871220069046 
24.71999999995573, -3.8104825004928444 
24.729999999955705, -4.12752827372466 
24.739999999955682, -4.137092863758813 
24.74999999995566, -4.137128628617518 
24.759999999955635, -4.133922756737716 
24.769999999955612, -4.118432238214402 
24.77999999995559, -4.107493556450782 
24.789999999955565, -4.115247625839611 
24.799999999955542, -4.115441410719659 
24.80999999995552, -4.114705733986904 
24.819999999955495, -4.114094907203958 
24.829999999955472, -4.113146776353472 
24.83999999995545, -4.112552664396395 
24.849999999955426, -4.108276961717842 
24.859999999955402, -4.103846177446719 
24.86999999995538, -4.12087566828243 
24.879999999955356, -4.124604840525958 
24.889999999955332, -4.124297389119543 
24.89999999995531, -4.119233442164017 
24.909999999955286, -4.048302780378396 
24.919999999955262, -0.3391593605682865 
24.92999999995524, 2.4933153015714176 
24.939999999955216, 2.528029972686259 
24.949999999955192, 2.5305165456813765 
24.95999999995517, 2.5293826221270015 
24.969999999955146, 2.522949665662143 
24.979999999955123, 2.4980447298246498 
24.9899999999551, 2.489256402668839 
24.999999999955076, 2.4978967228730946 
