t, s[1].omega / s[0].omega 
0, -1.0800191689894079 
0.009999999999999995, -1.081827716658754 
0.019999999999999934, -1.0833408280567578 
0.029999999999999874, -1.0844201007769092 
0.04000000000000012, -1.0849642128601176 
0.050000000000000405, -1.0849688139553768 
0.06000000000000069, -1.0845406220017704 
0.07000000000000098, -1.0838805532747116 
0.08000000000000126, -1.0832488332990062 
0.09000000000000155, -1.08288862965052 
0.10000000000000184, -1.0829219352561452 
0.11000000000000212, -1.0833153405830145 
0.12000000000000241, -1.0839616795624358 
0.130000000000002, -1.0847766714780493 
0.1400000000000009, -1.0857087577672035 
0.1499999999999998, -1.0866879969484577 
0.1599999999999987, -1.0876025273869943 
0.1699999999999976, -1.088332840956251 
0.1799999999999965, -1.0888018847897474 
0.1899999999999954, -1.088998113796787 
0.1999999999999943, -1.088960992060063 
0.2099999999999932, -1.0887409023713794 
0.2199999999999921, -1.0883589422964033 
0.229999999999991, -1.087791825266412 
0.2399999999999899, -1.0869909437228962 
0.2499999999999888, -1.0859236036600683 
0.2599999999999877, -1.084610337690345 
0.2699999999999866, -1.0831341974052617 
0.2799999999999855, -1.0816128842640764 
0.2899999999999844, -1.0801497583690454 
0.2999999999999833, -1.078809785217937 
0.3099999999999822, -1.077652072667995 
0.3199999999999811, -1.0767737446617534 
0.32999999999998, -1.076280575852391 
0.3399999999999789, -1.07618287254375 
0.3499999999999778, -1.0763314940322926 
0.35999999999997667, -1.0764723991315912 
0.36999999999997557, -1.0763515080501518 
0.37999999999997447, -1.0757824641840457 
0.38999999999997337, -1.0746772899341483 
0.39999999999997227, -1.0730598494889467 
0.40999999999997117, -1.0710441832006463 
0.41999999999997006, -1.0687692850675845 
0.42999999999996896, -1.066332163080593 
0.43999999999996786, -1.0637642748484366 
0.44999999999996676, -1.0610529445316605 
0.45999999999996566, -1.0581800366508682 
0.46999999999996456, -1.0551495533921558 
0.47999999999996346, -1.051993239660559 
0.48999999999996235, -1.048771335363112 
0.49999999999996125, -1.045599014146593 
0.5099999999999602, -1.0426920426326016 
0.519999999999959, -1.04035474283737 
0.529999999999958, -1.03883515129027 
0.5399999999999568, -1.0381301670741638 
0.5499999999999557, -1.0379516751256905 
0.5599999999999546, -1.0378871125325866 
0.5699999999999535, -1.0375594752738873 
0.5799999999999524, -1.0366745638430284 
0.5899999999999513, -1.0350221516241551 
0.5999999999999502, -1.032513137511149 
0.6099999999999491, -1.0292321943501452 
0.619999999999948, -1.0254136055936431 
0.6299999999999469, -1.0213215172594778 
0.6399999999999458, -1.0171356094630255 
0.6499999999999447, -1.0129222786999537 
0.6599999999999436, -1.0086732262309404 
0.6699999999999425, -1.0043589469608474 
0.6799999999999414, -0.9999671573564711 
0.6899999999999403, -0.9955271130939183 
0.6999999999999392, -0.9911393504872837 
0.7099999999999381, -0.9870162033585788 
0.719999999999937, -0.9834865905193528 
0.7299999999999359, -0.980888274121496 
0.7399999999999348, -0.9793624516322808 
0.7499999999999337, -0.9787292140881234 
0.7599999999999326, -0.9785819932213459 
0.7699999999999315, -0.9784849750011333 
0.7799999999999304, -0.978086072444888 
0.7899999999999293, -0.977126656199046 
0.7999999999999282, -0.9754404890963277 
0.8099999999999271, -0.9729947147310982 
0.819999999999926, -0.969926415392902 
0.8299999999999249, -0.9664919911644525 
0.8399999999999238, -0.9629424396205912 
0.8499999999999227, -0.9594291336495093 
0.8599999999999216, -0.9559951222967014 
0.8699999999999205, -0.9526210885792302 
0.8799999999999194, -0.9492784400405896 
0.8899999999999183, -0.9459633915022468 
0.8999999999999172, -0.9427073960377376 
0.9099999999999161, -0.9395765164321166 
0.919999999999915, -0.9366765691393052 
0.9299999999999139, -0.9341605449628465 
0.9399999999999128, -0.9322059168914272 
0.9499999999999117, -0.9309375783066486 
0.9599999999999106, -0.930335922636738 
0.9699999999999095, -0.93021534377837 
0.9799999999999084, -0.9302980671460068 
0.9899999999999073, -0.9303137145657076 
0.9999999999999062, -0.9300598124122796 
1.0099999999999052, -0.9294265583148931 
1.019999999999904, -0.9284097759463489 
1.029999999999903, -0.9271035948134528 
1.039999999999902, -0.9256524826065406 
1.0499999999999008, -0.9241810156929253 
1.0599999999998997, -0.9227470963170227 
1.0699999999998986, -0.9213398973209775 
1.0799999999998975, -0.9199116529601354 
1.0899999999998964, -0.9184223977740755 
1.0999999999998953, -0.9168764301739103 
1.1099999999998942, -0.9153340603470307 
1.119999999999893, -0.9138944451834158 
1.129999999999892, -0.9126603467072683 
1.1399999999998909, -0.9117077242538982 
1.1499999999998898, -0.9110796823001058 
1.1599999999998887, -0.9107989155435001 
1.1699999999998876, -0.9108718367997526 
1.1799999999998865, -0.9112713058201887 
1.1899999999998854, -0.9119182794691598 
1.1999999999998843, -0.9126913213732051 
1.2099999999998832, -0.9134652792822038 
1.219999999999882, -0.914154394197984 
1.229999999999881, -0.9147364364844405 
1.2399999999998799, -0.9152475654132516 
1.2499999999998788, -0.9157495975649278 
1.2599999999998777, -0.9162842887556867 
1.2699999999998766, -0.9168361466960064 
1.2799999999998755, -0.9173223852236599 
1.2899999999998744, -0.9176211688733045 
1.2999999999998733, -0.9176300498709116 
1.3099999999998722, -0.9173209157083054 
1.319999999999871, -0.9167628379252862 
1.32999999999987, -0.9161166157895593 
1.3399999999998689, -0.9156115847987394 
1.3499999999998678, -0.9154944706551491 
1.3599999999998666, -0.9159476621221803 
1.3699999999998655, -0.9170219405444996 
1.3799999999998644, -0.918640631734457 
1.3899999999998633, -0.920666653508883 
1.3999999999998622, -0.9229683266132265 
1.4099999999998611, -0.9254447409356722 
1.41999999999986, -0.9280243339123088 
1.429999999999859, -0.9306644301172924 
1.4399999999998578, -0.9333574520939516 
1.4499999999998567, -0.9361288079286428 
1.4599999999998556, -0.9390118301400319 
1.4699999999998545, -0.9419991550472894 
1.4799999999998534, -0.9449876105230816 
1.4899999999998523, -0.9477563456796176 
1.4999999999998512, -0.9500258726082242 
1.5099999999998501, -0.9515856243861334 
1.519999999999849, -0.9523886477302346 
1.529999999999848, -0.9525452464062875 
1.5399999999998468, -0.9522712655617094 
1.5499999999998457, -0.9518724617153922 
1.5599999999998446, -0.9517616217418509 
1.5699999999998435, -0.9524205839273595 
1.5799999999998424, -0.954234232929663 
1.5899999999998413, -0.9572871784572416 
1.5999999999998402, -0.9613338234279402 
1.6099999999998391, -0.9659806882087081 
1.619999999999838, -0.9708912605752028 
1.629999999999837, -0.9758688699829863 
1.6399999999998358, -0.9808388747622316 
1.6499999999998347, -0.9858040078431316 
1.6599999999998336, -0.9908040562164947 
1.6699999999998325, -0.9958694470920102 
1.6799999999998314, -1.0009548124405951 
1.6899999999998303, -1.0058684422215565 
1.6999999999998292, -1.0102623820215655 
1.709999999999828, -1.0137533361270106 
1.719999999999827, -1.016119601697959 
1.729999999999826, -1.017394226903129 
1.7399999999998248, -1.0177937557428405 
1.7499999999998237, -1.0176160919712316 
1.7599999999998226, -1.0172243699263483 
1.7699999999998215, -1.0170919093833266 
1.7799999999998204, -1.0177721585100339 
1.7899999999998193, -1.0196817934251416 
1.7999999999998182, -1.0228394032975168 
1.809999999999817, -1.0268731862908944 
1.819999999999816, -1.03130093857905 
1.8299999999998149, -1.03577203704388 
1.8399999999998138, -1.0401157885450207 
1.8499999999998127, -1.0442818372490157 
1.8599999999998116, -1.048279792054265 
1.8699999999998105, -1.0521428917185363 
1.8799999999998094, -1.0558932608762546 
1.8899999999998083, -1.0594945765274122 
1.8999999999998072, -1.0628105216231616 
1.909999999999806, -1.0656151645912963 
1.919999999999805, -1.0676844805730652 
1.9299999999998039, -1.0689147978780753 
1.9399999999998028, -1.069368146572878 
1.9499999999998017, -1.0692346522229448 
1.9599999999998006, -1.068791597519446 
1.9699999999997995, -1.0683912587488433 
1.9799999999997984, -1.0684096293482306 
1.9899999999997973, -1.0690988788003515 
1.9999999999997962, -1.0704529513599417 
2.0099999999998173, -1.0722565211767896 
2.0199999999998384, -1.0742639648612011 
2.0299999999998595, -1.076312161156258 
2.0399999999998806, -1.0783102187610425 
2.0499999999999017, -1.0801915947930303 
2.059999999999923, -1.0819010854939097 
2.069999999999944, -1.0834117489592523 
2.079999999999965, -1.0847327410211847 
2.089999999999986, -1.0858890512596249 
2.100000000000007, -1.0868843842971376 
2.1100000000000283, -1.0876734122225997 
2.1200000000000494, -1.0881673804170915 
2.1300000000000705, -1.0882777537230581 
2.1400000000000916, -1.0879723511670336 
2.1500000000001127, -1.0873086319590897 
2.160000000000134, -1.086432372832948 
2.170000000000155, -1.0855433340931717 
2.180000000000176, -1.084824885835475 
2.190000000000197, -1.084369027935137 
2.2000000000002182, -1.0841696102452765 
2.2100000000002393, -1.0841926605775725 
2.2200000000002604, -1.0844307879285773 
2.2300000000002815, -1.0848739076316847 
2.2400000000003026, -1.0854449217962476 
2.2500000000003237, -1.085991516560013 
2.260000000000345, -1.0863447094570904 
2.270000000000366, -1.0863840086958367 
2.280000000000387, -1.0860699101840057 
2.290000000000408, -1.0854393370208746 
2.3000000000004293, -1.0845684269095923 
2.3100000000004504, -1.083521713633333 
2.3200000000004715, -1.08231926790458 
2.3300000000004926, -1.0809398074974064 
2.3400000000005137, -1.0793528856249996 
2.3500000000005348, -1.077556896517288 
2.360000000000556, -1.0755970704624753 
2.370000000000577, -1.0735511644045397 
2.380000000000598, -1.0714990301330922 
2.390000000000619, -1.0695170767931643 
2.4000000000006403, -1.0677160829771153 
2.4100000000006614, -1.0662685116392978 
2.4200000000006825, -1.0653429253352003 
2.4300000000007036, -1.0649638470326128 
2.4400000000007247, -1.064945122125174 
2.450000000000746, -1.0649751388252378 
2.460000000000767, -1.0647457774281286 
2.470000000000788, -1.0640189962774234 
2.480000000000809, -1.0626518185006768 
2.49000000000083, -1.0606244392234685 
2.5000000000008513, -1.0580476217844785 
2.5100000000008724, -1.0551054737914918 
2.5200000000008935, -1.0519615314379038 
2.5300000000009146, -1.0487011630261462 
2.5400000000009357, -1.045336619215807 
2.550000000000957, -1.0418468147269229 
2.560000000000978, -1.0382158437543185 
2.570000000000999, -1.0344533406659602 
2.58000000000102, -1.0306072325872022 
2.5900000000010412, -1.026794876766412 
2.6000000000010624, -1.023250077687051 
2.6100000000010835, -1.020316161738889 
2.6200000000011046, -1.0183016476754312 
2.6300000000011257, -1.0172607970122791 
2.6400000000011468, -1.016922708954511 
2.650000000001168, -1.0168482212661885 
2.660000000001189, -1.0166205842735603 
2.67000000000121, -1.0159132223340273 
2.680000000001231, -1.0144817584465324 
2.6900000000012523, -1.012183785205833 
2.7000000000012734, -1.0090420448582165 
2.7100000000012945, -1.005262338751019 
2.7200000000013156, -1.0011368803960947 
2.7300000000013367, -0.9969042319715842 
2.740000000001358, -0.992681340906134 
2.750000000001379, -0.9884845913359959 
2.7600000000014, -0.9842864974692873 
2.770000000001421, -0.9800640453904063 
2.780000000001442, -0.9758263173019731 
2.7900000000014633, -0.9716332918163222 
2.8000000000014844, -0.9676223869704581 
2.8100000000015055, -0.9640305413264478 
2.8200000000015266, -0.9611568738658809 
2.8300000000015477, -0.9592264091420002 
2.840000000001569, -0.958231132130208 
2.85000000000159, -0.9579041735615181 
2.860000000001611, -0.957853926308224 
2.870000000001632, -0.9577141469877368 
2.8800000000016532, -0.957205914965712 
2.8900000000016743, -0.9561437141535887 
2.9000000000016954, -0.9544525485863391 
2.9100000000017165, -0.9521978488107624 
2.9200000000017377, -0.9495682129749724 
2.9300000000017588, -0.9467862624694092 
2.94000000000178, -0.9440121239558271 
2.950000000001801, -0.9413081962756303 
2.960000000001822, -0.9386646017164771 
2.970000000001843, -0.9360481919680055 
2.9800000000018643, -0.9334445840204261 
2.9900000000018854, -0.9308770950031761 
3.0000000000019065, -0.9284016033990359 
3.0100000000019276, -0.9260921712603531 
3.0200000000019487, -0.9240359557917319 
3.03000000000197, -0.92233710403632 
3.040000000001991, -0.9211042689173974 
3.050000000002012, -0.9204021910653324 
3.060000000002033, -0.9201931840238242 
3.070000000002054, -0.9203249051761272 
3.0800000000020753, -0.920582265461514 
3.0900000000020964, -0.9207610791717101 
3.1000000000021175, -0.9207202594519523 
3.1100000000021386, -0.9204065039444813 
3.1200000000021597, -0.9198556621025672 
3.130000000002181, -0.9191641597301026 
3.140000000002202, -0.9184349364331539 
3.150000000002223, -0.9177266360883175 
3.160000000002244, -0.9170328039099015 
3.1700000000022652, -0.9162963751722135 
3.1800000000022863, -0.915449761002886 
3.1900000000023074, -0.9144613856884926 
3.2000000000023285, -0.9133660957402471 
3.2100000000023496, -0.9122667406799027 
3.2200000000023707, -0.9113067960151812 
3.230000000002392, -0.9106227924191777 
3.240000000002413, -0.9102995551437564 
3.250000000002434, -0.9103571452625985 
3.260000000002455, -0.9107724014220338 
3.2700000000024763, -0.9115048673262883 
3.2800000000024974, -0.9125014072330687 
3.2900000000025185, -0.9136877269494335 
3.3000000000025396, -0.9149724124354964 
3.3100000000025607, -0.9162721037569614 
3.3200000000025818, -0.9175415211741162 
3.330000000002603, -0.9187862684303634 
3.340000000002624, -0.9200476138391569 
3.350000000002645, -0.9213640782010699 
3.360000000002666, -0.9227262260886185 
3.3700000000026873, -0.924046692989427 
3.3800000000027084, -0.9251701167222693 
3.3900000000027295, -0.9259335061665519 
3.4000000000027506, -0.9262445388255218 
3.4100000000027717, -0.9261238140356202 
3.420000000002793, -0.9257017099371488 
3.430000000002814, -0.9252034259104963 
3.440000000002835, -0.924931548700803 
3.450000000002856, -0.9252103948565766 
3.460000000002877, -0.9262741511903041 
3.4700000000028983, -0.9281662544168888 
3.4800000000029194, -0.9307457548798329 
3.4900000000029405, -0.9337926657009964 
3.5000000000029616, -0.9371123013906993 
3.5100000000029827, -0.9405763921167937 
3.520000000003004, -0.9441180578888371 
3.530000000003025, -0.9477186187827222 
3.540000000003046, -0.9513973977634261 
3.550000000003067, -0.9551913164142836 
3.5600000000030882, -0.9591107423435054 
3.5700000000031094, -0.9630753003064442 
3.5800000000031305, -0.9668638201098894 
3.5900000000031516, -0.9701437008585403 
3.6000000000031727, -0.9726094810106358 
3.6100000000031938, -0.9741335304416859 
3.620000000003215, -0.9747952667055492 
3.630000000003236, -0.9748069709968284 
3.640000000003257, -0.9744586438559504 
3.650000000003278, -0.9741357127680011 
3.6600000000032993, -0.974344145336104 
3.6700000000033204, -0.9756142162203716 
3.6800000000033415, -0.9782522815370494 
3.6900000000033626, -0.9821534250636346 
3.7000000000033837, -0.9869001190511671 
3.710000000003405, -0.9920365675149159 
3.720000000003426, -0.9972535887849588 
3.730000000003447, -1.0024098274453301 
3.740000000003468, -1.0074770660261363 
3.750000000003489, -1.012484889008368 
3.7600000000035103, -1.0174741413903612 
3.7700000000035314, -1.0224405037802708 
3.7800000000035525, -1.0272664322436307 
3.7900000000035736, -1.031683206077618 
3.8000000000035947, -1.0353351843272969 
3.810000000003616, -1.037950450933424 
3.820000000003637, -1.0394794258200863 
3.830000000003658, -1.0400806114126717 
3.840000000003679, -1.0400233507984398 
3.8500000000037002, -1.039641815243263 
3.8600000000037213, -1.039359446670249 
3.8700000000037424, -1.0396748283106956 
3.8800000000037635, -1.0409901249984088 
3.8900000000037847, -1.043372657994089 
3.9000000000038058, -1.046531256048088 
3.910000000003827, -1.0500519228295282 
3.920000000003848, -1.0536226207052846 
3.930000000003869, -1.0570837224026768 
3.94000000000389, -1.0603745617488052 
3.9500000000039113, -1.063482642626678 
3.9600000000039324, -1.0664225197807713 
3.9700000000039535, -1.0692187033451193 
3.9800000000039746, -1.0718724455145634 
3.9900000000039957, -1.0743216304076317 
4.000000000004016, -1.076426207474731 
4.010000000003993, -1.0780110118261894 
4.02000000000397, -1.0789536137882323 
4.030000000003946, -1.0792513208257701 
4.040000000003923, -1.079025872271126 
4.0500000000039, -1.0784974381809627 
4.0600000000038765, -1.077958329213749 
4.070000000003853, -1.0777121211035414 
4.08000000000383, -1.0779528635973517 
4.090000000003807, -1.0786771402771012 
4.100000000003783, -1.0797394225154835 
4.11000000000376, -1.0809858757769208 
4.120000000003737, -1.0823191888617842 
4.130000000003713, -1.083668788288647 
4.14000000000369, -1.0849496710104731 
4.150000000003667, -1.0860695371128246 
4.1600000000036434, -1.0869661368228152 
4.17000000000362, -1.0876297982788308 
4.180000000003597, -1.0880914057433666 
4.1900000000035735, -1.0883854606032508 
4.20000000000355, -1.0885132886903799 
4.210000000003527, -1.0884310819948568 
4.220000000003504, -1.088072990929252 
4.23000000000348, -1.0873971017834714 
4.240000000003457, -1.0864258371498319 
4.250000000003434, -1.0852572622127323 
4.26000000000341, -1.0840385927871903 
4.270000000003387, -1.0829080293266389 
4.280000000003364, -1.081943627507013 
4.2900000000033405, -1.081172816108097 
4.300000000003317, -1.0806301277972896 
4.310000000003294, -1.0803766236016228 
4.320000000003271, -1.0804352649338005 
4.330000000003247, -1.080713935053795 
4.340000000003224, -1.0810145331598182 
4.350000000003201, -1.0811157466113577 
4.360000000003177, -1.0808486315988695 
4.370000000003154, -1.080134367137187 
4.380000000003131, -1.0789927093998601 
4.390000000003107, -1.077516303839458 
4.400000000003084, -1.0758131685142114 
4.410000000003061, -1.0739524259321214 
4.4200000000030375, -1.0719476298615356 
4.430000000003014, -1.069778858576426 
4.440000000002991, -1.067430524048482 
4.450000000002968, -1.06491767331792 
4.460000000002944, -1.0622860841189996 
4.470000000002921, -1.0595989234369576 
4.480000000002898, -1.0569449782241422 
4.490000000002874, -1.0544802669486055 
4.500000000002851, -1.0524452107576638 
4.510000000002828, -1.0510719341913288 
4.520000000002804, -1.05040969696881 
4.530000000002781, -1.0502472960614502 
4.540000000002758, -1.0502222790010598 
4.5500000000027345, -1.0499767188001041 
4.560000000002711, -1.0492262659538416 
4.570000000002688, -1.0477734713213318 
4.580000000002665, -1.0455391514608303 
4.590000000002641, -1.0426011862511924 
4.600000000002618, -1.039166205638907 
4.610000000002595, -1.0354627759695203 
4.620000000002571, -1.0316432051637405 
4.630000000002548, -1.0277603790517493 
4.640000000002525, -1.0238033117641607 
4.6500000000025015, -1.0197455023119715 
4.660000000002478, -1.015578656669937 
4.670000000002455, -1.0113333007562666 
4.6800000000024315, -1.0071077687203647 
4.690000000002408, -1.0031127846254921 
4.700000000002385, -0.9996821288719759 
4.710000000002362, -0.9971639526169378 
4.720000000002338, -0.9957047370269434 
4.730000000002315, -0.9951181461185247 
4.740000000002292, -0.994986955030058 
4.750000000002268, -0.994868866807576 
4.760000000002245, -0.9944076044389343 
4.770000000002222, -0.9933373796888135 
4.7800000000021985, -0.9914824299640864 
4.790000000002175, -0.9888053699627785 
4.800000000002152, -0.9854501670608752 
4.810000000002129, -0.9816884528355351 
4.820000000002105, -0.9777854740187939 
4.830000000002082, -0.973900611743782 
4.840000000002059, -0.9700799492659536 
4.850000000002035, -0.9663052471362666 
4.860000000002012, -0.9625481690398496 
4.870000000001989, -0.9588043092032004 
4.880000000001965, -0.95510656883484 
4.890000000001942, -0.9515338275182345 
4.900000000001919, -0.9482269531032459 
4.9100000000018955, -0.9453934522056098 
4.920000000001872, -0.9432558470115083 
4.930000000001849, -0.9419345158799007 
4.940000000001826, -0.941347554929693 
4.950000000001802, -0.9412290178014315 
4.960000000001779, -0.9412462469964031 
4.970000000001756, -0.9411062466626671 
4.980000000001732, -0.9405997347193071 
4.990000000001709, -0.9396161472560097 
5.000000000001686, -0.9381606520487275 
5.0100000000016625, -0.936351239729577 
5.020000000001639, -0.9343636372806376 
5.030000000001616, -0.9323485071329044 
5.0400000000015925, -0.9303797194662554 
5.050000000001569, -0.9284564078716142 
5.060000000001546, -0.9265401021017041 
5.070000000001523, -0.9246001384390274 
5.080000000001499, -0.9226458884565677 
5.090000000001476, -0.9207327565341723 
5.100000000001453, -0.9189432215150743 
5.110000000001429, -0.9173598822314819 
5.120000000001406, -0.9160520479117858 
5.130000000001383, -0.9150802178579877 
5.1400000000013595, -0.9144971445807318 
5.150000000001336, -0.9143242306162165 
5.160000000001313, -0.9145158231410806 
5.17000000000129, -0.9149501805747914 
5.180000000001266, -0.9154647066282818 
5.190000000001243, -0.9159116116275522 
5.20000000000122, -0.9162017296962246 
5.210000000001196, -0.9163224694141892 
5.220000000001173, -0.9163262093130063 
5.23000000000115, -0.9162915118046107 
5.240000000001126, -0.9162741972468605 
5.250000000001103, -0.91627275044743 
5.26000000000108, -0.9162239318633603 
5.2700000000010565, -0.9160322969588435 
5.280000000001033, -0.9156220212416664 
5.29000000000101, -0.9149836163565256 
5.300000000000987, -0.9141935866756123 
5.310000000000963, -0.9134057239563035 
5.32000000000094, -0.9128170528780359 
5.330000000000917, -0.9126085868010729 
5.340000000000893, -0.9128822199589607 
5.35000000000087, -0.9136372258057103 
5.360000000000847, -0.9148020618825651 
5.3700000000008234, -0.9162847554657019 
5.3800000000008, -0.9179996495146895 
5.390000000000777, -0.9198683974247542 
5.4000000000007535, -0.921820259491134 
5.41000000000073, -0.9238057351449767 
5.420000000000707, -0.9258128896305893 
5.430000000000684, -0.9278669278575391 
5.44000000000066, -0.9300037114171011 
5.450000000000637, -0.932223451759817 
5.460000000000614, -0.9344437926710526 
5.47000000000059, -0.9364850014187918 
5.480000000000567, -0.9381209290184842 
5.490000000000544, -0.9391814596750306 
5.5000000000005205, -0.9396291912652226 
5.510000000000497, -0.9395618346263948 
5.520000000000474, -0.9391814525442367 
5.5300000000004506, -0.938784516659114 
5.540000000000427, -0.9387567430465378 
5.550000000000404, -0.9395018729174606 
5.560000000000381, -0.9412830917496164 
5.570000000000357, -0.9440926368900759 
5.580000000000334, -0.9476875735631479 
5.590000000000311, -0.9517538979021273 
5.600000000000287, -0.9560446298308387 
5.610000000000264, -0.9604202651631422 
5.620000000000241, -0.9648290281599452 
5.6300000000002175, -0.9692775930549397 
5.640000000000194, -0.973803620038088 
5.650000000000171, -0.9784352095669162 
5.660000000000148, -0.9831270343040746 
5.670000000000124, -0.9876921207449098 
5.680000000000101, -0.9917927304212523 
5.690000000000078, -0.9950565207667148 
5.700000000000054, -0.9972643894178901 
5.710000000000031, -0.9984399602753242 
5.720000000000008, -0.9987846102254926 
5.729999999999984, -0.9985836754079929 
5.739999999999961, -0.9981936481862401 
5.749999999999938, -0.9980870316533776 
5.7599999999999145, -0.9988251396333702 
5.769999999999891, -1.000847296428176 
5.779999999999868, -1.0042033254220522 
5.789999999999845, -1.0085372151171583 
5.799999999999821, -1.0133536769526859 
5.809999999999798, -1.0182737843078384 
5.819999999999775, -1.0231041319384988 
5.829999999999751, -1.0277860976675384 
5.839999999999728, -1.0323320116534447 
5.849999999999705, -1.0367804764234578 
5.8599999999996815, -1.041153073070094 
5.869999999999658, -1.0453986289096062 
5.879999999999635, -1.0493453711492318 
5.8899999999996115, -1.0527161604319362 
5.899999999999588, -1.0552423846901449 
5.909999999999565, -1.0568058953623842 
5.919999999999542, -1.057483502427758 
5.929999999999518, -1.0574882561469825 
5.939999999999495, -1.0571140019238319 
5.949999999999472, -1.0567337008565751 
5.959999999999448, -1.0567790477837637 
5.969999999999425, -1.0576007147954396 
5.979999999999402, -1.0592746162859925 
5.9899999999993785, -1.0615809315723592 
5.999999999999355, -1.0641956380957969 
6.009999999999332, -1.0668730840834173 
6.019999999999309, -1.069481809364204 
6.029999999999285, -1.0719557269327935 
6.039999999999262, -1.0742572962989925 
6.049999999999239, -1.076374669969529 
6.059999999999215, -1.0783219953108714 
6.069999999999192, -1.0801183479880818 
6.079999999999169, -1.0817507215816986 
6.089999999999145, -1.0831468673730924 
6.099999999999122, -1.0841862453768292 
6.109999999999099, -1.0847554486327389 
6.1199999999990755, -1.0848139896460707 
6.129999999999052, -1.0844263364008377 
6.139999999999029, -1.0837559989409293 
6.149999999999006, -1.083036946523154 
6.159999999998982, -1.0825100991316718 
6.169999999998959, -1.0823257690597405 
6.179999999998936, -1.0824899650778916 
6.189999999998912, -1.0829202846329928 
6.199999999998889, -1.0835419578398164 
6.209999999998866, -1.0843126908020653 
6.2199999999988425, -1.0851743830384206 
6.229999999998819, -1.0860177119387708 
6.239999999998796, -1.0867088924234727 
6.2499999999987725, -1.0871453777052265 
6.259999999998749, -1.087291104441652 
6.269999999998726, -1.0871738129066646 
6.279999999998703, -1.0868505435022482 
6.289999999998679, -1.0863627030443144 
6.299999999998656, -1.0857086801465123 
6.309999999998633, -1.084850126595842 
6.319999999998609, -1.0837467921753885 
6.329999999998586, -1.0823974879924774 
6.339999999998563, -1.0808606636462705 
6.3499999999985395, -1.0792393462281873 
6.359999999998516, -1.0776382285863855 
6.369999999998493, -1.0761317674180026 
6.37999999999847, -1.0747836191813844 
6.389999999998446, -1.0736934329444525 
6.399999999998423, -1.0729871657324286 
6.4099999999984, -1.0727185919067792 
6.419999999998376, -1.0727783525342895 
6.429999999998353, -1.0729209735595937 
6.43999999999833, -1.0728725319036116 
6.449999999998306, -1.0724134817253927 
6.459999999998283, -1.0714157553153931 
6.46999999999826, -1.0698634669819866 
6.4799999999982365, -1.0678488591306647 
6.489999999998213, -1.0655191367369348 
6.49999999999819, -1.0629999818818066 
6.509999999998167, -1.0603512481801498 
6.519999999998143, -1.05757425996712 
6.52999999999812, -1.0546485665564649 
6.539999999998097, -1.0515667051277204 
6.549999999998073, -1.0483484613132985 
6.55999999999805, -1.045042010130597 
6.569999999998027, -1.0417411518225572 
6.5799999999980034, -1.0386295591552686 
6.58999999999798, -1.0359970684968172 
6.599999999997957, -1.0341375236883408 
6.6099999999979335, -1.0331473719107662 
6.61999999999791, -1.0328202531651116 
6.629999999997887, -1.0327598885340028 
6.639999999997864, -1.0325642160015245 
6.64999999999784, -1.031909955381455 
6.659999999997817, -1.0305564914265033 
6.669999999997794, -1.028365812863342 
6.67999999999777, -1.0253587258403905 
6.689999999997747, -1.0217273273790917 
6.699999999997724, -1.0177423094666742 
6.7099999999977005, -1.01362280738312 
6.719999999997677, -1.0094743875144174 
6.729999999997654, -1.0053095994845704 
6.7399999999976306, -1.0011014650615242 
6.749999999997607, -0.9968288325852246 
6.759999999997584, -0.9925031640510916 
6.769999999997561, -0.9881910938661596 
6.779999999997537, -0.9840490962950508 
6.789999999997514, -0.9803496486171566 
6.799999999997491, -0.9774299059241096 
6.809999999997467, -0.9755242528512726 
6.819999999997444, -0.9745898002034835 
6.829999999997421, -0.9743060091752771 
6.8399999999973975, -0.9742441498584318 
6.849999999997374, -0.974023078498149 
6.859999999997351, -0.9733557476303334 
6.869999999997328, -0.972045652410037 
6.879999999997304, -0.9700098753908 
6.889999999997281, -0.9673216346183697 
6.899999999997258, -0.9641953070251723 
6.909999999997234, -0.9608842332629586 
6.919999999997211, -0.9575705519711922 
6.929999999997188, -0.9543275979991804 
6.939999999997164, -0.9511503275143497 
6.949999999997141, -0.9480082770976281 
6.959999999997118, -0.9448874812817261 
6.9699999999970945, -0.9418081905950981 
6.979999999997071, -0.9388235006256249 
6.989999999997048, -0.9360166815176584 
6.999999999997025, -0.933507768532422 
7.009999999997001, -0.931451768165726 
7.019999999996978, -0.9299946395144566 
7.029999999996955, -0.9291884876022382 
7.039999999996931, -0.9289310285661742 
7.049999999996908, -0.9289922914375234 
7.059999999996885, -0.9291045526131679 
7.0699999999968615, -0.9290418566568279 
7.079999999996838, -0.928659750557849 
7.089999999996815, -0.9279128469421172 
7.0999999999967915, -0.9268565577680492 
7.109999999996768, -0.9256151821340224 
7.119999999996745, -0.9243183113720077 
7.129999999996722, -0.9230436999459558 
7.139999999996698, -0.9217987147034139 
7.149999999996675, -0.9205404626398244 
7.159999999996652, -0.9192176317219163 
7.169999999996628, -0.9178131250171792 
7.179999999996605, -0.9163676811486177 
7.189999999996582, -0.9149741859054676 
7.1999999999965585, -0.9137464276675218 
7.209999999996535, -0.912780082384273 
7.219999999996512, -0.912131196259111 
7.229999999996489, -0.9118226841813524 
7.239999999996465, -0.9118596085577245 
7.249999999996442, -0.9122268048061513 
7.259999999996419, -0.9128702986994293 
7.269999999996395, -0.9136907299573226 
7.279999999996372, -0.9145672527722214 
7.289999999996349, -0.9153992580797053 
7.299999999996325, -0.9161397525454648 
7.309999999996302, -0.9168030279696613 
7.319999999996279, -0.9174426351109608 
7.3299999999962555, -0.918109072251089 
7.339999999996232, -0.9188068157435285 
7.349999999996209, -0.9194713317402154 
7.359999999996186, -0.919982369286308 
7.369999999996162, -0.9202158192447779 
7.379999999996139, -0.9201070689251429 
7.389999999996116, -0.9196876471981179 
7.399999999996092, -0.9190876242365427 
7.409999999996069, -0.9185199708232427 
7.419999999996046, -0.9182447364179878 
7.4299999999960225, -0.9184964254830922 
7.439999999995999, -0.9193959674217448 
7.449999999995976, -0.9209144347692579 
7.4599999999959525, -0.9229206998723999 
7.469999999995929, -0.9252626941112426 
7.479999999995906, -0.9278171895268468 
7.489999999995883, -0.9304978581151161 
7.499999999995859, -0.9332504669878962 
7.509999999995836, -0.9360547334800403 
7.519999999995813, -0.9389258485398789 
7.529999999995789, -0.9418984856601416 
7.539999999995766, -0.944985618704598 
7.549999999995743, -0.9481215545915106 
7.5599999999957195, -0.9511208691474613 
7.569999999995696, -0.9537051593173084 
7.579999999995673, -0.9556174323727393 
7.58999999999565, -0.9567455515151378 
7.599999999995626, -0.9571516649551635 
7.609999999995603, -0.9570221280940705 
7.61999999999558, -0.9566313090972065 
7.629999999995556, -0.9563545429274856 
7.639999999995533, -0.9566655088740419 
7.64999999999551, -0.9580179757480547 
7.659999999995486, -0.9606279524399955 
7.669999999995463, -0.9643556108288406 
7.67999999999544, -0.9688265173201002 
7.6899999999954165, -0.9736595270853557 
7.699999999995393, -0.9786021292175773 
7.70999999999537, -0.9835393365659723 
7.719999999995347, -0.9884502265105928 
7.729999999995323, -0.9933649518000667 
7.7399999999953, -0.9983231823249346 
7.749999999995277, -1.0033166342838835 
7.759999999995253, -1.0082172653621964 
7.76999999999523, -1.0127368303852717 
7.779999999995207, -1.016495189842955 
7.789999999995183, -1.0192014771030726 
7.79999999999516, -1.0207994253150363 
7.809999999995137, -1.0214493672934482 
7.8199999999951135, -1.021423127377465 
7.82999999999509, -1.021054601005078 
7.839999999995067, -1.0207713940638008 
7.849999999995044, -1.021101898392697 
7.85999999999502, -1.0225196919651514 
7.869999999994997, -1.0251733085607166 
7.879999999994974, -1.028796786725476 
7.88999999999495, -1.0329282359187166 
7.899999999994927, -1.037181940539591 
7.909999999994904, -1.041346692940988 
7.9199999999948805, -1.0453447182233737 
7.929999999994857, -1.049168581695605 
7.939999999994834, -1.0528434330778753 
7.9499999999948106, -1.0563985299343837 
7.959999999994787, -1.0598267074597874 
7.969999999994764, -1.0630384204821492 
7.979999999994741, -1.0658474701222151 
7.989999999994717, -1.0680291911370157 
7.999999999994694, -1.0694332047100557 
8.00999999999467, -1.0700604846951898 
8.019999999994647, -1.0700536083325867 
8.029999999994624, -1.069653922237007 
8.0399999999946, -1.0691816377461403 
8.049999999994577, -1.0690020818007464 
8.059999999994554, -1.069407054171154 
8.06999999999453, -1.07046623129559 
8.079999999994508, -1.0720202606204372 
8.089999999994484, -1.0738341443171593 
8.099999999994461, -1.075733079695512 
8.109999999994438, -1.07761726103456 
8.119999999994414, -1.0794151536977528 
8.129999999994391, -1.0810612035851612 
8.139999999994368, -1.0825118474387865 
8.149999999994344, -1.0837625128517279 
8.159999999994321, -1.0848373998323635 
8.169999999994298, -1.0857553148812638 
8.179999999994275, -1.0864949914526032 
8.189999999994251, -1.086986023336477 
8.199999999994228, -1.0871383988147323 
8.209999999994205, -1.0868965211046895 
8.219999999994181, -1.0862831649664655 
8.229999999994158, -1.0854110450279095 
8.239999999994135, -1.0844602758990671 
8.249999999994111, -1.0836196476073379 
8.259999999994088, -1.0830095096244503 
8.269999999994065, -1.0826514708996595 
8.279999999994041, -1.0825208708363285 
8.289999999994018, -1.082612323077392 
8.299999999993995, -1.0829307921291353 
8.309999999993972, -1.0834248227303733 
8.319999999993948, -1.0839561825885309 
8.329999999993925, -1.08434622505023 
8.339999999993902, -1.0844475645195806 
8.349999999993878, -1.0841890624482375 
8.359999999993855, -1.0835840075862313 
8.369999999993832, -1.0827034217629836 
8.379999999993808, -1.0816256987031783 
8.389999999993785, -1.080392616676082 
8.399999999993762, -1.0789982317419256 
8.409999999993738, -1.0774123305922987 
8.419999999993715, -1.075619270315613 
8.429999999993692, -1.0736455655892838 
8.439999999993669, -1.0715574740577978 
8.449999999993645, -1.0694340498781751 
8.459999999993622, -1.06735077353037 
8.469999999993599, -1.0654057503514314 
8.479999999993575, -1.063759086059766 
8.489999999993552, -1.0626007046994388 
8.499999999993529, -1.0620197457892095 
8.509999999993505, -1.0618953243082578 
8.519999999993482, -1.0619378690532628 
8.529999999993459, -1.0618229027367356 
8.539999999993436, -1.061282065821769 
8.549999999993412, -1.060134231948462 
8.559999999993389, -1.0583113870646268 
8.569999999993366, -1.0558810660361773 
8.579999999993342, -1.053014395999917 
8.589999999993319, -1.049895973076211 
8.599999999993296, -1.0466448348980897 
8.609999999993272, -1.0432975848609085 
8.619999999993249, -1.039840450463858 
8.629999999993226, -1.0362520531364154 
8.639999999993202, -1.032531165492967 
8.64999999999318, -1.0287095630285963 
8.659999999993156, -1.0248732444071194 
8.669999999993133, -1.0212063779759202 
8.67999999999311, -1.018015230699242 
8.689999999993086, -1.015641187202259 
8.699999999993063, -1.0142527461888398 
8.70999999999304, -1.0136961926277266 
8.719999999993016, -1.013575532458526 
8.729999999992993, -1.0134548251643198 
8.73999999999297, -1.0129761703380404 
8.749999999992946, -1.0118688684673578 
8.759999999992923, -1.0099511338108857 
8.7699999999929, -1.0071808457016522 
8.779999999992876, -1.0037001709978268 
8.789999999992853, -0.999780884405222 
8.79999999999283, -0.9956883204480406 
8.809999999992806, -0.9915813892282161 
8.819999999992783, -0.9875058656687458 
8.82999999999276, -0.9834437907956884 
8.839999999992736, -0.979367155538041 
8.849999999992713, -0.9752718604853341 
8.85999999999269, -0.9711952920411212 
8.869999999992666, -0.9672356108909568 
8.879999999992643, -0.9635778328186093 
8.88999999999262, -0.9604905397453123 
8.899999999992596, -0.9582373929071428 
8.909999999992573, -0.9569192229021601 
8.91999999999255, -0.9563790782761608 
8.929999999992527, -0.9562721239790637 
8.939999999992503, -0.9562207384481299 
8.94999999999248, -0.95591529589147 
8.959999999992457, -0.9551377912656662 
8.969999999992433, -0.9537710968811135 
8.97999999999241, -0.951826083004172 
8.989999999992387, -0.9494465439808609 
8.999999999992363, -0.9468453658091448 
9.00999999999234, -0.9442049575613563 
9.019999999992317, -0.9416180783983531 
9.029999999992294, -0.9390939023776641 
9.03999999999227, -0.936601194891014 
9.049999999992247, -0.9341149584347189 
9.059999999992224, -0.9316451165813252 
9.0699999999922, -0.9292391817145284 
9.079999999992177, -0.9269672438027033 
9.089999999992154, -0.9249091668962819 
9.09999999999213, -0.9231556501276641 
9.109999999992107, -0.9218085054663827 
9.119999999992084, -0.9209523145811731 
9.12999999999206, -0.9205982501834018 
9.139999999992037, -0.9206463248399952 
9.149999999992014, -0.9209084061472627 
9.15999999999199, -0.9211756446591556 
9.169999999991967, -0.9212816758386804 
9.179999999991944, -0.9211386521923689 
9.18999999999192, -0.9207483887176314 
9.199999999991897, -0.9201860458481953 
9.209999999991874, -0.9195543547590976 
9.21999999999185, -0.9189288792057602 
9.229999999991827, -0.9183244739652745 
9.239999999991804, -0.9176965666242781 
9.24999999999178, -0.9169731518636033 
9.259999999991757, -0.9161021172434308 
9.269999999991734, -0.9150906909528294 
9.27999999999171, -0.9140190269242965 
9.289999999991688, -0.9130238341994916 
9.299999999991664, -0.9122565387676949 
9.309999999991641, -0.9118316109114251 
9.319999999991618, -0.9117954723228878 
9.329999999991594, -0.9121355823256891 
9.339999999991571, -0.9128113066377015 
9.349999999991548, -0.9137715771265584 
9.359999999991524, -0.9149506161250075 
9.369999999991501, -0.9162638175052548 
9.379999999991478, -0.9176235227813242 
9.389999999991455, -0.9189685693686289 
9.399999999991431, -0.9202855401480647 
9.409999999991408, -0.9216048410809158 
9.419999999991385, -0.922969991128342 
9.429999999991361, -0.9243925784750464 
9.439999999991338, -0.925813254478436 
9.449999999991315, -0.9270938408289187 
9.459999999991291, -0.9280608940776093 
9.469999999991268, -0.9285855959974285 
9.479999999991245, -0.9286447969970733 
9.489999999991221, -0.928331030625335 
9.499999999991198, -0.9278372468635336 
9.509999999991175, -0.9274432240048528 
9.519999999991152, -0.9274807771740973 
9.529999999991128, -0.9282398273257307 
9.539999999991105, -0.9298471303485742 
9.549999999991082, -0.9322221312504357 
9.559999999991058, -0.9351551615702084 
9.569999999991035, -0.938427759323913 
9.579999999991012, -0.941881887467475 
9.589999999990988, -0.9454276914841971 
9.599999999990965, -0.9490292132494446 
9.609999999990942, -0.9526928339751599 
9.619999999990918, -0.9564523152754031 
9.629999999990895, -0.960334230546502 
9.639999999990872, -0.9642993908471096 
9.649999999990849, -0.968181572234017 
9.659999999990825, -0.9716800476539138 
9.669999999990802, -0.9744613470099524 
9.679999999990779, -0.9763229029488034 
9.689999999990755, -0.9772745393709746 
9.699999999990732, -0.9774898193343949 
9.709999999990709, -0.9772320253346987 
9.719999999990685, -0.9768468554720358 
9.729999999990662, -0.976796955962827 
9.739999999990639, -0.977620358859326 
9.749999999990616, -0.9797249213345932 
9.759999999990592, -0.9831492501056781 
9.769999999990569, -0.9875583306329508 
9.779999999990546, -0.9924872303532835 
9.789999999990522, -0.9975738821264833 
9.799999999990499, -1.0026277891750908 
9.809999999990476, -1.007589351436356 
9.819999999990452, -1.0124721107257444 
9.829999999990429, -1.0173171226733915 
9.839999999990406, -1.0221441697698495 
9.849999999990382, -1.026887947987905 
9.85999999999036, -1.031342958487184 
9.869999999990336, -1.0351820348089742 
9.879999999990313, -1.0380913022458307 
9.88999999999029, -1.0399353668285625 
9.899999999990266, -1.0408019085493778 
9.909999999990243, -1.040923080388422 
9.91999999999022, -1.040604680820115 
9.929999999990196, -1.0402309343622669 
9.939999999990173, -1.040275502445191 
9.94999999999015, -1.0411868406200746 
9.959999999990126, -1.0431519686365844 
9.969999999990103, -1.045984937465448 
9.97999999999008, -1.0492956560930937 
9.989999999990056, -1.0527391093894563 
9.999999999990033, -1.0561172725265489 
10.00999999999001, -1.059345526844641 
10.019999999989986, -1.062396544808261 
10.029999999989963, -1.0652741051407377 
10.03999999998994, -1.0680004907412948 
10.049999999989916, -1.0705906504545268 
10.059999999989893, -1.073012276804294 
10.06999999998987, -1.075157467779095 
10.079999999989846, -1.0768612173887104 
10.089999999989823, -1.0779754602864968 
10.0999999999898, -1.0784499690523384 
10.109999999989776, -1.0783605860520615 
10.119999999989753, -1.0778908352998138 
10.12999999998973, -1.0773065124230647 
10.139999999989707, -1.0769115274594123 
10.149999999989683, -1.0769449428819715 
10.15999999998966, -1.0774697945350806 
10.169999999989637, -1.0783789981544138 
10.179999999989613, -1.0795168886633633 
10.18999999998959, -1.0807735078245437 
10.199999999989567, -1.0820778345959174 
10.209999999989543, -1.0833506047729973 
10.21999999998952, -1.084495377089204 
10.229999999989497, -1.085432593728512 
10.239999999989474, -1.0861321900751884 
10.24999999998945, -1.0866141423965685 
10.259999999989427, -1.0869178831603672 
10.269999999989404, -1.0870618745930372 
10.27999999998938, -1.0870200042931242 
10.289999999989357, -1.086731538011533 
10.299999999989334, -1.0861409901083943 
10.30999999998931, -1.0852437609251957 
10.319999999989287, -1.0841099066782771 
10.329999999989264, -1.082871870774463 
10.33999999998924, -1.0816759543344623 
10.349999999989217, -1.0806231648221978 
10.359999999989194, -1.0797545038875886 
10.36999999998917, -1.0790987371324414 
10.379999999989147, -1.0787139540850066 
10.389999999989124, -1.0786489903667718 
10.3999999999891, -1.078856880327064 
10.409999999989077, -1.079168391926659 
10.419999999989054, -1.0793583761912757 
10.42999999998903, -1.0792316152031325 
10.439999999989007, -1.0786734582536754 
10.449999999988984, -1.0776684914493095 
10.45999999998896, -1.076288736223757 
10.469999999988937, -1.0746451852837542 
10.479999999988914, -1.072826768487431 
10.48999999998889, -1.0708674366362345 
10.499999999988868, -1.0687557288683167 
10.509999999988844, -1.0664701619219588 
10.519999999988821, -1.0640127173113232 
10.529999999988798, -1.0614191130335062 
10.539999999988774, -1.0587471355875309 
10.549999999988751, -1.0560725621376066 
10.559999999988728, -1.0535201973634574 
10.569999999988704, -1.0513005269107025 
10.579999999988681, -1.0496651109925303 
10.589999999988658, -1.0487494876586883 
10.599999999988635, -1.048438050901375 
10.609999999988611, -1.0484079022509012 
10.619999999988588, -1.0482881890040134 
10.629999999988565, -1.0477661915875394 
10.639999999988541, -1.046612157756094 
10.649999999988518, -1.0446993360299568 
10.659999999988495, -1.042046265029063 
10.669999999988471, -1.0388199278091534 
10.679999999988448, -1.0352522471235022 
10.689999999988425, -1.031528470016641 
10.699999999988401, -1.0277350027956182 
10.709999999988378, -1.0238784229372342 
10.719999999988355, -1.0199334532430488 
10.729999999988332, -1.0158831500352776 
10.739999999988308, -1.0117416002810136 
10.749999999988285, -1.0075750376043984 
10.759999999988262, -1.003540229021772 
10.769999999988238, -0.9999177921453434 
10.779999999988215, -0.9970618694471429 
10.789999999988192, -0.9952196315365379 
10.799999999988168, -0.9943423645006781 
10.809999999988145, -0.9940904707438072 
10.819999999988122, -0.9940193941009567 
10.829999999988098, -0.993739536931117 
10.839999999988075, -0.9929553436844122 
10.849999999988052, -0.9914575702090425 
10.859999999988029, -0.9891523788197061 
10.869999999988005, -0.9861147493562182 
10.879999999987982, -0.9825761200998266 
10.889999999987959, -0.9788121358352692 
10.899999999987935, -0.9750213780298116 
10.909999999987912, -0.9712853338292036 
10.919999999987889, -0.9676021965887738 
10.929999999987865, -0.9639425834226196 
10.939999999987842, -0.9602916914259263 
10.949999999987819, -0.9566683028662417 
10.959999999987796, -0.9531313345366181 
10.969999999987772, -0.9497913647513453 
10.979999999987749, -0.9468243243641906 
10.989999999987726, -0.9444500380517121 
10.999999999987702, -0.9428416378055087 
11.009999999987679, -0.9420071828512995 
11.019999999987656, -0.9417518933557293 
11.029999999987632, -0.9417622080357987 
11.039999999987609, -0.9417259698139253 
11.049999999987586, -0.9414014990031166 
11.059999999987562, -0.940639851844056 
11.06999999998754, -0.939400689563852 
11.079999999987516, -0.9377608579687047 
11.089999999987493, -0.9358799570429239 
11.09999999998747, -0.9339227750966923 
11.109999999987446, -0.9319916368250872 
11.119999999987423, -0.9301090846676578 
11.1299999999874, -0.9282445749404789 
11.139999999987376, -0.9263592891455321 
11.149999999987353, -0.9244454633928603 
11.15999999998733, -0.9225431662817991 
11.169999999987306, -0.9207294005117188 
11.179999999987283, -0.9190907748514621 
11.18999999998726, -0.9177020092000131 
11.199999999987236, -0.9166245166296265 
11.209999999987213, -0.9159130761532828 
11.21999999998719, -0.9156041449559369 
11.229999999987166, -0.9156818404843721 
11.239999999987143, -0.9160538857439062 
11.24999999998712, -0.9165693841406346 
11.259999999987096, -0.9170700907178231 
11.269999999987073, -0.9174414535868248 
11.27999999998705, -0.9176413745312647 
11.289999999987026, -0.9177002463879337 
11.299999999987003, -0.9176915211308027 
11.30999999998698, -0.9176839383511307 
11.319999999986956, -0.9176990829786955 
11.329999999986933, -0.9176945197123324 
11.33999999998691, -0.9175809615754537 
11.349999999986887, -0.9172684736710147 
11.359999999986863, -0.9167187540024196 
11.36999999998684, -0.9159760831234927 
11.379999999986817, -0.915168511884749 
11.389999999986793, -0.9144833854930552 
11.39999999998677, -0.9141165934713585 
11.409999999986747, -0.9142058796258155 
11.419999999986723, -0.9147875980320153 
11.4299999999867, -0.915809951214953 
11.439999999986677, -0.9171830848640583 
11.449999999986654, -0.9188176716461077 
11.45999999998663, -0.9206330461570078 
11.469999999986607, -0.9225545729967604 
11.479999999986584, -0.9245222697064278 
11.48999999998656, -0.9265085330913585 
11.499999999986537, -0.9285259993094966 
11.509999999986514, -0.9306109381782216 
11.51999999998649, -0.9327828686395891 
11.529999999986467, -0.9349950673463553 
11.539999999986444, -0.9371035345119549 
11.54999999998642, -0.9388912145078369 
11.559999999986397, -0.9401571247468807 
11.569999999986374, -0.9408115739587382 
11.57999999998635, -0.9409056427324209 
11.589999999986327, -0.940605281279608 
11.599999999986304, -0.9401713107445071 
11.60999999998628, -0.9399582622983411 
11.619999999986257, -0.9403735037534519 
11.629999999986234, -0.9417443987773405 
11.63999999998621, -0.9441611719258896 
11.649999999986187, -0.9474495780130852 
11.659999999986164, -0.9513052797824028 
11.66999999998614, -0.9554533707649538 
11.679999999986117, -0.9597203308675715 
11.689999999986094, -0.9640277979771609 
11.69999999998607, -0.9683638879076002 
11.709999999986048, -0.9727574373221317 
11.719999999986024, -0.9772455503824935 
11.729999999986001, -0.9818194256185168 
11.739999999985978, -0.9863543048703823 
11.749999999985954, -0.9905695895041978 
11.759999999985931, -0.9940936427546878 
11.769999999985908, -0.9966372977208959 
11.779999999985884, -0.9981347387084517 
11.789999999985861, -0.9987300119308926 
11.799999999985838, -0.9986798307685675 
11.809999999985815, -0.9983080126514118 
11.819999999985791, -0.998038029619362 
11.829999999985768, -0.9984056518568434 
11.839999999985745, -0.9999147393641247 
11.849999999985721, -1.0027631647421416 
11.859999999985698, -1.0067191197644139 
11.869999999985675, -1.0113114967310266 
11.879999999985651, -1.0161151012401604 
11.889999999985628, -1.020881033825345 
11.899999999985605, -1.0255133648948689 
11.909999999985581, -1.0300043554724445 
11.919999999985558, -1.0343862193497304 
11.929999999985535, -1.0386919292182926 
11.939999999985512, -1.0429050022193271 
11.949999999985488, -1.046904463375751 
11.959999999985465, -1.0504491373154066 
11.969999999985442, -1.0532539986093339 
11.979999999985418, -1.0551341079011347 
11.989999999985395, -1.0560946745732862 
11.999999999985372, -1.056303212811779 
12.009999999985348, -1.0560230741286898 
12.019999999985325, -1.055594296564276 
12.029999999985302, -1.0554322268439573 
12.039999999985278, -1.0559358977225566 
12.049999999985255, -1.0572936824744739 
12.059999999985232, -1.059380310347053 
12.069999999985209, -1.0618876779475157 
12.079999999985185, -1.0645342881781683 
12.089999999985162, -1.0671531792977746 
12.099999999985139, -1.0696609262632744 
12.109999999985115, -1.0720105558003954 
12.119999999985092, -1.0741793485286764 
12.129999999985069, -1.0761726036580597 
12.139999999985045, -1.0780114908096226 
12.149999999985022, -1.079699586165142 
12.159999999984999, -1.081188314632265 
12.169999999984976, -1.082370924852871 
12.179999999984952, -1.0831228918651703 
12.189999999984929, -1.0833697511345501 
12.199999999984906, -1.0831350888656393 
12.209999999984882, -1.0825469081657015 
12.219999999984859, -1.0818173333543715 
12.229999999984836, -1.0811951224956011 
12.239999999984812, -1.080876311994185 
12.249999999984789, -1.0809214558285265 
12.259999999984766, -1.081269688602804 
12.269999999984742, -1.0818343069125702 
12.27999999998472, -1.0825628003803593 
12.289999999984696, -1.0834093316939872 
12.299999999984673, -1.0842846198289542 
12.30999999998465, -1.0850589356979503 
12.319999999984626, -1.0856129943124413 
12.329999999984603, -1.085884521996542 
12.33999999998458, -1.085880000487317 
12.349999999984556, -1.0856504123553308 
12.359999999984533, -1.0852470467952322 
12.36999999998451, -1.0846847732981255 
12.379999999984486, -1.083935208066084 
12.389999999984463, -1.0829528450070358 
12.39999999998444, -1.0817172011721634 
12.409999999984416, -1.0802640363518488 
12.419999999984393, -1.0786846379859116 
12.42999999998437, -1.0770904809517894 
12.439999999984346, -1.0755699205474611 
12.449999999984323, -1.0741841953968452 
12.4599999999843, -1.073011216763793 
12.469999999984276, -1.072169240685954 
12.479999999984253, -1.0717519516072327 
12.48999999998423, -1.0717196809457001 
12.499999999984206, -1.0718737505596867 
12.509999999984183, -1.0719429758510137 
12.51999999998416, -1.071683786433129 
12.529999999984136, -1.0709325588625522 
12.539999999984113, -1.069630664030597 
12.54999999998409, -1.0678324211458903 
12.559999999984067, -1.0656706196485541 
12.569999999984043, -1.063283533327694 
12.57999999998402, -1.0607547812181415 
12.589999999983997, -1.0581027395053098 
12.599999999983973, -1.0553099484182051 
12.60999999998395, -1.0523617438026704 
12.619999999983927, -1.049268802039466 
12.629999999983903, -1.0460694301680764 
12.63999999998388, -1.042834592969921 
12.649999999983857, -1.0397014510006053 
12.659999999983834, -1.036911738532913 
12.66999999998381, -1.0347690576941744 
12.679999999983787, -1.0334688950671804 
12.689999999983764, -1.032930413693253 
12.69999999998374, -1.032820151054088 
12.709999999983717, -1.03272883224236 
12.719999999983694, -1.0323036694044123 
12.72999999998367, -1.0312756584830758 
12.739999999983647, -1.029465980707025 
12.749999999983624, -1.0268312249078047 
12.7599999999836, -1.0235013128182828 
12.769999999983577, -1.0197262602181325 
12.779999999983554, -1.0157496073007561 
12.78999999998353, -1.0117161287667016 
12.799999999983507, -1.007665912861716 
12.809999999983484, -1.0035807003300066 
12.81999999998346, -0.9994341678670426 
12.829999999983437, -0.995224021516895 
12.839999999983414, -0.990991872017451 
12.84999999998339, -0.9868508726265558 
12.859999999983367, -0.9830208158173658 
12.869999999983344, -0.9798190618295534 
12.87999999998332, -0.9775409288518873 
12.889999999983297, -0.9762687060886183 
12.899999999983274, -0.97578563406485 
12.90999999998325, -0.9756899644183408 
12.919999999983228, -0.97557480320022 
12.929999999983204, -0.9751181193121571 
12.939999999983181, -0.974089400601126 
12.949999999983158, -0.9723581731871285 
12.959999999983134, -0.9699349021907576 
12.969999999983111, -0.9669859401698581 
12.979999999983088, -0.9637608931551173 
12.989999999983064, -0.9604745590495997 
12.999999999983041, -0.9572387310982393 
13.009999999983018, -0.9540714788218171 
13.019999999982995, -0.9509461280902493 
13.029999999982971, -0.9478395419308363 
13.039999999982948, -0.944759101555781 
13.049999999982925, -0.9417466169872956 
13.059999999982901, -0.9388737198384272 
13.069999999982878, -0.9362453648030316 
13.079999999982855, -0.9340056092287765 
13.089999999982831, -0.9323130322692268 
13.099999999982808, -0.9312665824190705 
13.109999999982785, -0.9308251130595421 
13.119999999982761, -0.9307980059604699 
13.129999999982738, -0.930919846539662 
13.139999999982715, -0.9309415317483414 
13.149999999982692, -0.9306844669294934 
13.159999999982668, -0.9300640834331141 
13.169999999982645, -0.9290991369493502 
13.179999999982622, -0.9278945667209102 
13.189999999982598, -0.9265866646977005 
13.199999999982575, -0.9252779939045153 
13.209999999982552, -0.9240025059918502 
13.219999999982528, -0.9227327347485035 
13.229999999982505, -0.9214159140360489 
13.239999999982482, -0.920018761374805 
13.249999999982458, -0.9185598499302273 
13.259999999982435, -0.9171148632522174 
13.269999999982412, -0.9157933201450537 
13.279999999982389, -0.9146999100608042 
13.289999999982365, -0.9139049314973438 
13.299999999982342, -0.9134421713831122 
13.309999999982319, -0.9133243290865952 
13.319999999982295, -0.9135474181699548 
13.329999999982272, -0.9140740604312599 
13.339999999982249, -0.9148186731758938 
13.349999999982225, -0.915661157001512 
13.359999999982202, -0.9164863280081711 
13.369999999982179, -0.9172236792082513 
13.379999999982156, -0.9178656909123107 
13.389999999982132, -0.9184562151177247 
13.399999999982109, -0.919053496529165 
13.409999999982086, -0.919684823846144 
13.419999999982062, -0.9203142012016539 
13.429999999982039, -0.9208410021118245 
13.439999999982016, -0.9211384234694513 
13.449999999981992, -0.9211162300427924 
13.459999999981969, -0.9207697498316749 
13.469999999981946, -0.9201936715301008 
13.479999999981922, -0.9195716228836306 
13.4899999999819, -0.9191484153030492 
13.499999999981876, -0.9191702172934632 
13.509999999981853, -0.9197977218454341 
13.51999999998183, -0.9210487165285416 
13.529999999981806, -0.9228208688048689 
13.539999999981783, -0.9249678520204447 
13.54999999998176, -0.9273601323818588 
13.559999999981736, -0.9299023036624903 
13.569999999981713, -0.9325290728745387 
13.57999999998169, -0.9352058090781494 
13.589999999981666, -0.9379337681273983 
13.599999999981643, -0.9407430657314826 
13.60999999998162, -0.943661230016564 
13.619999999981596, -0.9466607979206394 
13.629999999981573, -0.9496084438415151 
13.63999999998155, -0.9522606609513824 
13.649999999981526, -0.9543455666943436 
13.659999999981503, -0.9556923131433186 
13.66999999998148, -0.9563003660083883 
13.679999999981456, -0.9563125783793062 
13.689999999981433, -0.9559681010395572 
13.69999999998141, -0.9555995439652711 
13.709999999981386, -0.9556434518693111 
13.719999999981363, -0.9565673433409667 
13.72999999998134, -0.9586766737117957 
13.739999999981316, -0.9619472160753529 
13.749999999981293, -0.9660696591298608 
13.75999999998127, -0.9706593005106281 
13.769999999981247, -0.9754266238374217 
13.779999999981223, -0.9802195692822625 
13.7899999999812, -0.9849908375107143 
13.799999999981177, -0.9897556245885599 
13.809999999981153, -0.994554418093823 
13.81999999998113, -0.9994048548086413 
13.829999999981107, -1.0042341827586818 
13.839999999981083, -1.0088194993489457 
13.84999999998106, -1.0128062869208896 
13.859999999981037, -1.0158527737974263 
13.869999999981014, -1.0178072958074798 
13.87999999998099, -1.0187549154489663 
13.889999999980967, -1.0189305506605342 
13.899999999980944, -1.0186402899935763 
13.90999999998092, -1.018268620284485 
13.919999999980897, -1.0183099783840786 
13.929999999980874, -1.0192822526397614 
13.93999999998085, -1.0214767969764094 
13.949999999980827, -1.0247711235001886 
13.959999999980804, -1.0287460493801837 
13.96999999998078, -1.0329712590958493 
13.979999999980757, -1.037173599243346 
13.989999999980734, -1.0412340915143263 
13.99999999998071, -1.0451243577505405 
14.009999999980687, -1.048860161283216 
14.019999999980664, -1.0524729901395344 
14.02999999998064, -1.0559748354381777 
14.039999999980617, -1.0593108783677194 
14.049999999980594, -1.0623270910661653 
14.05999999998057, -1.0647985129879314 
14.069999999980547, -1.0665304130893318 
14.079999999980524, -1.0674614600806578 
14.0899999999805, -1.0676854915721694 
14.099999999980477, -1.0674105454913092 
14.109999999980454, -1.0669286575793726 
14.11999999998043, -1.0665985717760336 
14.129999999980408, -1.066765274788573 
14.139999999980384, -1.0676031383625573 
14.149999999980361, -1.0690322845011804 
14.159999999980338, -1.0708221916110876 
14.169999999980314, -1.072759539700653 
14.179999999980291, -1.074714809064316 
14.189999999980268, -1.076609404901084 
14.199999999980244, -1.0783766794810306 
14.209999999980221, -1.0799639784068709 
14.219999999980198, -1.0813526363810546 
14.229999999980175, -1.0825590570259531 
14.239999999980151, -1.0836076846113176 
14.249999999980128, -1.0844932965705365 
14.259999999980105, -1.0851596790018918 
14.269999999980081, -1.0855150183830786 
14.279999999980058, -1.085481293998326 
14.289999999980035, -1.0850469705067767 
14.299999999980011, -1.084291828402701 
14.309999999979988, -1.0833776261515529 
14.319999999979965, -1.0825044331147764 
14.329999999979941, -1.0818344153750719 
14.339999999979918, -1.0814298601197145 
14.349999999979895, -1.0812713430186809 
14.359999999979872, -1.0813328031734302 
14.369999999979848, -1.0816139115801984 
14.379999999979825, -1.0820922389293017 
14.389999999979802, -1.0826675337161764 
14.399999999979778, -1.083175367328024 
14.409999999979755, -1.083453868420714 
14.419999999979732, -1.0834019907438914 
14.429999999979708, -1.0830020987713518 
14.439999999979685, -1.0823062066097922 
14.449999999979662, -1.0813925406531737 
14.459999999979638, -1.0803162926089918 
14.469999999979615, -1.0790851753305009 
14.479999999979592, -1.0776714350808887 
14.489999999979569, -1.0760481835903524 
14.499999999979545, -1.0742248447812792 
14.509999999979522, -1.0722577000332443 
14.519999999979499, -1.0702288511521458 
14.529999999979475, -1.0682169726897308 
14.539999999979452, -1.066301112800798 
14.549999999979429, -1.0646022704230544 
14.559999999979405, -1.0632957314631113 
14.569999999979382, -1.0625244413195927 
14.579999999979359, -1.062265001452714 
14.589999999979335, -1.0622959847754176 
14.599999999979312, -1.062302935829953 
14.609999999979289, -1.0619957123893629 
14.619999999979266, -1.0611613146131984 
14.629999999979242, -1.0596880972698535 
14.639999999979219, -1.057591519143895 
14.649999999979196, -1.055006014020664 
14.659999999979172, -1.0521137521998114 
14.669999999979149, -1.049056458630472 
14.679999999979126, -1.0458955793470044 
14.689999999979102, -1.0426298106039296 
14.69999999997908, -1.0392370617909985 
14.709999999979056, -1.035708571307747 
14.719999999979033, -1.0320638764685215 
14.72999999997901, -1.0283620897134063 
14.739999999978986, -1.0247345148551794 
14.749999999978963, -1.0214264094610717 
14.75999999997894, -1.0187710829137047 
14.769999999978916, -1.0170300557283403 
14.779999999978893, -1.0161942123974632 
14.78999999997887, -1.0159581203436439 
14.799999999978846, -1.0158911292194233 
14.809999999978823, -1.0156036904172723 
14.8199999999788, -1.0147948828747142 
14.829999999978776, -1.0132479368500205 
14.839999999978753, -1.0108612264149393 
14.84999999997873, -1.007704256826766 
14.859999999978706, -1.0040064939871525 
14.869999999978683, -1.0000437843871846 
14.87999999997866, -0.9960153368161644 
14.889999999978636, -0.9920032189731796 
14.899999999978613, -0.9880063950141569 
14.90999999997859, -0.9839961302229806 
14.919999999978566, -0.9799575160225805 
14.929999999978543, -0.9759108168552133 
14.93999999997852, -0.9719275076806655 
14.949999999978496, -0.9681557427693328 
14.959999999978473, -0.9648364992287771 
14.96999999997845, -0.9622533788236625 
14.979999999978427, -0.9605904642712252 
14.989999999978403, -0.959792300926539 
14.99999999997838, -0.9595686654920067 
15.009999999978357, -0.9595365087253345 
15.019999999978333, -0.9593531470398411 
15.02999999997831, -0.9587639284244567 
15.039999999978287, -0.95760931768714 
15.049999999978263, -0.9558469237091829 
15.05999999997824, -0.9535733977233866 
15.069999999978217, -0.950988310438599 
15.079999999978194, -0.9482982698766133 
15.08999999997817, -0.9456344158373403 
15.099999999978147, -0.9430349784232508 
15.109999999978124, -0.9404790665403139 
15.1199999999781, -0.9379353715222086 
15.129999999978077, -0.9353991792836241 
15.139999999978054, -0.9329045639143498 
15.14999999997803, -0.9305144145574882 
15.159999999978007, -0.9283058905196085 
15.169999999977984, -0.9263681615597527 
15.17999999997796, -0.9248062069488417 
15.189999999977937, -0.923722291034999 
15.199999999977914, -0.923162198026124 
15.20999999997789, -0.9230622997144373 
15.219999999977867, -0.923251800001118 
15.229999999977844, -0.923513711361829 
15.23999999997782, -0.9236560356823164 
15.249999999977797, -0.9235574347516916 
15.259999999977774, -0.9231866829915129 
15.26999999997775, -0.9225975764182784 
15.279999999977727, -0.9218927551369624 
15.289999999977704, -0.9211674171217819 
15.29999999997768, -0.920464280878625 
15.309999999977657, -0.9197618153818652 
15.319999999977634, -0.9189964231610747 
15.32999999997761, -0.9181062429818937 
15.339999999977588, -0.9170754507004997 
15.349999999977564, -0.9159577703588209 
15.359999999977541, -0.9148700300696427 
15.369999999977518, -0.9139579729780893 
15.379999999977494, -0.9133465795621986 
15.389999999977471, -0.9131020059590934 
15.399999999977448, -0.9132300140651685 
15.409999999977424, -0.9137025019493024 
15.419999999977401, -0.9144780721515682 
15.429999999977378, -0.915499575162977 
15.439999999977355, -0.9166859487890466 
15.449999999977331, -0.9179427254648302 
15.459999999977308, -0.9191917731387178 
15.469999999977285, -0.9203994143897021 
15.479999999977261, -0.9215825693817118 
15.489999999977238, -0.9227864371999439 
15.499999999977215, -0.9240425004830438 
15.509999999977191, -0.9253254286315858 
15.519999999977168, -0.9265316675917648 
15.529999999977145, -0.9275022695846215 
15.539999999977121, -0.9280908855579397 
15.549999999977098, -0.928235230429457 
15.559999999977075, -0.9279860333846713 
15.569999999977052, -0.927498731408605 
15.579999999977028, -0.9270187231842447 
15.589999999977005, -0.9268549077076418 
15.599999999976982, -0.9273052603262014 
15.609999999976958, -0.9285418755501909 
15.619999999976935, -0.9305422483402509 
15.629999999976912, -0.9331349589800559 
15.639999999976888, -0.9361109458956625 
15.649999999976865, -0.9393042233392668 
15.659999999976842, -0.9426111629158639 
15.669999999976818, -0.9459800278987449 
15.679999999976795, -0.9494014316396522 
15.689999999976772, -0.9528997543264053 
15.699999999976749, -0.9565091855194661 
15.709999999976725, -0.9602250196902757 
15.719999999976702, -0.9639411526241692 
15.729999999976679, -0.9674154476769319 
15.739999999976655, -0.9703245223697063 
15.749999999976632, -0.9724100747715042 
15.759999999976609, -0.9736011428193473 
15.769999999976585, -0.9740117648146087 
15.779999999976562, -0.9738685938750281 
15.789999999976539, -0.9734780574982149 
15.799999999976515, -0.9732519321810955 
15.809999999976492, -0.9737022646924862 
15.819999999976469, -0.97529384074107 
15.829999999976446, -0.9781988997633659 
15.839999999976422, -0.9822002067445871 
15.849999999976399, -0.9868651988314541 
15.859999999976376, -0.9917978823122006 
15.869999999976352, -0.9967589570581211 
15.879999999976329, -1.001652278274722 
15.889999999976306, -1.0064702014472464 
15.899999999976282, -1.0112475319252776 
15.90999999997626, -1.016018219418101 
15.919999999976236, -1.020757352467946 
15.929999999976213, -1.025316745242245 
15.93999999997619, -1.0294058957314323 
15.949999999976166, -1.0326831794234947 
15.959999999976143, -1.0349281844683902 
15.96999999997612, -1.036145068850038 
15.979999999976096, -1.0365197053679567 
15.989999999976073, -1.0363310636302663 
15.99999999997605, -1.0359279985456935 
16.009999999976028, -1.0357541232815959 
16.019999999976005, -1.0362968042030265 
16.02999999997598, -1.037880864468502 
16.039999999975958, -1.0404683939385886 
16.049999999975935, -1.0437171383083652 
16.05999999997591, -1.0472347062441878 
16.069999999975888, -1.050756013571127 
16.079999999975865, -1.0541546631904706 
16.08999999997584, -1.0573851427433831 
16.099999999975818, -1.0604422376600038 
16.109999999975795, -1.0633446949974712 
16.11999999997577, -1.066114828227384 
16.129999999975748, -1.0687411866418115 
16.139999999975725, -1.071140714460213 
16.1499999999757, -1.0731559837044469 
16.15999999997568, -1.0746132267915205 
16.169999999975655, -1.0754130518337226 
16.17999999997563, -1.0755836628220652 
16.18999999997561, -1.0752729348245984 
16.199999999975585, -1.0747214967141574 
16.20999999997556, -1.0742343066991666 
16.21999999997554, -1.0741061025438394 
16.229999999975515, -1.0744944562404248 
16.239999999975492, -1.0753552756658418 
16.24999999997547, -1.0765262407014276 
16.259999999975445, -1.0778580819728816 
16.269999999975422, -1.0792589970414679 
16.2799999999754, -1.08065652749887 
16.289999999975375, -1.0819643010837239 
16.299999999975352, -1.0830972708155913 
16.30999999997533, -1.0840072146269728 
16.319999999975305, -1.0846970149729782 
16.329999999975282, -1.0852010723645917 
16.33999999997526, -1.0855461661293258 
16.349999999975235, -1.0857190539389439 
16.359999999975212, -1.0856632492908445 
16.36999999997519, -1.0853105130629122 
16.379999999975166, -1.0846293661902098 
16.389999999975142, -1.0836606951359067 
16.39999999997512, -1.0825209461972856 
16.409999999975096, -1.0813675583729832 
16.419999999975072, -1.0803359952152842 
16.42999999997505, -1.0794929569057248 
16.439999999975026, -1.0788561714045273 
16.449999999975002, -1.0784540183339721 
16.45999999997498, -1.0783358589048926 
16.469999999974956, -1.0785038140597982 
16.479999999974932, -1.0788481061292379 
16.48999999997491, -1.0791697806194824 
16.499999999974886, -1.0792629819606563 
16.509999999974863, -1.0789826595605638 
16.51999999997484, -1.0782757595255155 
16.529999999974816, -1.0771814619775282 
16.539999999974793, -1.0757962223059223 
16.54999999997477, -1.0742152648222971 
16.559999999974746, -1.0724878652447771 
16.569999999974723, -1.0706122409181158 
16.5799999999747, -1.0685641281791445 
16.589999999974676, -1.0663344577965064 
16.599999999974653, -1.063950276142196 
16.60999999997463, -1.0614679544829242 
16.619999999974606, -1.0589563980134313 
16.629999999974583, -1.056506541864306 
16.63999999997456, -1.054272518354295 
16.649999999974536, -1.0524802614711928 
16.659999999974513, -1.0513274822593457 
16.66999999997449, -1.05082290542423 
16.679999999974466, -1.050736635906124 
16.689999999974443, -1.0507170477473637 
16.69999999997442, -1.050430396362629 
16.709999999974396, -1.0496184845452738 
16.719999999974373, -1.048115611839611 
16.72999999997435, -1.0458820082402238 
16.739999999974327, -1.0430267767254229 
16.749999999974303, -1.0397578311062616 
16.75999999997428, -1.0362755584530206 
16.769999999974257, -1.032696555030268 
16.779999999974233, -1.0290494683681284 
16.78999999997421, -1.0253156831730061 
16.799999999974187, -1.0214735167171392 
16.809999999974163, -1.0175250377271077 
16.81999999997414, -1.0135119265726729 
16.829999999974117, -1.0095434225847646 
16.839999999974093, -1.0058384245715568 
16.84999999997407, -1.002724703101155 
16.859999999974047, -1.0005159662493441 
16.869999999974024, -0.9993038525078213 
16.879999999974, -0.9988627164221688 
16.889999999973977, -0.9987747654932274 
16.899999999973954, -0.9986215238818994 
16.90999999997393, -0.9980716968661518 
16.919999999973907, -0.9968816213930177 
16.929999999973884, -0.9949056153897219 
16.93999999997386, -0.9921475212769915 
16.949999999973837, -0.9887839665885594 
16.959999999973814, -0.9850866073212915 
16.96999999997379, -0.9812911000255762 
16.979999999973767, -0.9775218131221584 
16.989999999973744, -0.9738024876073424 
16.99999999997372, -0.970108652873607 
17.009999999973697, -0.9664169731032437 
17.019999999973674, -0.962732642740779 
17.02999999997365, -0.9590991538713546 
17.039999999973627, -0.9556083175841055 
17.049999999973604, -0.9524177627546251 
17.05999999997358, -0.9497477780760024 
17.069999999973557, -0.9478118125166617 
17.079999999973534, -0.9466904001118632 
17.08999999997351, -0.9462506134566804 
17.099999999973488, -0.946196061431162 
17.109999999973464, -0.9461936835430871 
17.11999999997344, -0.9459665480709001 
17.129999999973418, -0.9453259912117229 
17.139999999973394, -0.9441862088358455 
17.14999999997337, -0.942581216433728 
17.159999999973348, -0.9406516071290122 
17.169999999973324, -0.938577284901603 
17.1799999999733, -0.93649581977131 
17.189999999973278, -0.9344630936693067 
17.199999999973254, -0.9324666939523967 
17.20999999997323, -0.9304677943668436 
17.219999999973208, -0.9284449090175648 
17.229999999973185, -0.9264196916935589 
17.23999999997316, -0.9244553409148916 
17.249999999973138, -0.9226341379257332 
17.259999999973115, -0.9210345551776701 
17.26999999997309, -0.9197258711014378 
17.279999999973068, -0.9187744339427708 
17.289999999973045, -0.918235047047632 
17.29999999997302, -0.9181155639017897 
17.309999999972998, -0.9183426070964857 
17.319999999972975, -0.9187682640587953 
17.32999999997295, -0.9192194270756093 
17.339999999972928, -0.9195550316567733 
17.349999999972905, -0.9197033932228376 
17.35999999997288, -0.9196721437024724 
17.36999999997286, -0.9195284255768922 
17.379999999972835, -0.9193541875037493 
17.38999999997281, -0.9191977789192741 
17.39999999997279, -0.919046255146481 
17.409999999972765, -0.9188304397847717 
17.41999999997274, -0.9184615189600575 
17.42999999997272, -0.9178827083156401 
17.439999999972695, -0.9171088679182342 
17.449999999972672, -0.9162376204178619 
17.45999999997265, -0.9154323220234909 
17.469999999972625, -0.9148787703205927 
17.479999999972602, -0.91472350728637 
17.48999999997258, -0.9150259728419041 
17.499999999972555, -0.9157594903569137 
17.509999999972532, -0.9168525821051363 
17.51999999997251, -0.918226738560362 
17.529999999972485, -0.9198058995440114 
17.539999999972462, -0.9215125744508448 
17.54999999997244, -0.9232750055419968 
17.559999999972415, -0.925047729361129 
17.569999999972392, -0.926827283794686 
17.57999999997237, -0.9286452705656997 
17.589999999972346, -0.9305355004574907 
17.599999999972322, -0.9324866715357354 
17.6099999999723, -0.9344027824965165 
17.619999999972276, -0.9361031941659801 
17.629999999972252, -0.9373852204719387 
17.63999999997223, -0.9381192939768838 
17.649999999972206, -0.9383049238484213 
17.659999999972182, -0.9380639260675417 
17.66999999997216, -0.9376173557777256 
17.679999999972136, -0.9372781629113154 
17.689999999972112, -0.9374239834227108 
17.69999999997209, -0.9383937538255557 
17.709999999972066, -0.9403381287982351 
17.719999999972043, -0.9431565060998631 
17.72999999997202, -0.9465895220769198 
17.739999999971996, -0.9503702989325546 
17.749999999971973, -0.9543125997382333 
17.75999999997195, -0.9583193204677553 
17.769999999971926, -0.9623599664278327 
17.779999999971903, -0.9664496279373227 
17.78999999997188, -0.9706255016011373 
17.799999999971856, -0.9749044575845145 
17.809999999971833, -0.9792186399445801 
17.81999999997181, -0.9833578402973993 
17.829999999971786, -0.9869849957583019 
17.839999999971763, -0.9897694630554221 
17.84999999997174, -0.9915538776876822 
17.859999999971716, -0.9924032981711381 
17.869999999971693, -0.9925303729379417 
17.87999999997167, -0.992224988440763 
17.889999999971646, -0.9918622548636143 
17.899999999971623, -0.9919346870820837 
17.9099999999716, -0.9929751763271811 
17.919999999971576, -0.9953158121590914 
17.929999999971553, -0.9988810085898996 
17.93999999997153, -1.0032665045286695 
17.949999999971507, -1.0080164777235356 
17.959999999971483, -1.0128186361413112 
17.96999999997146, -1.0175277092198745 
17.979999999971437, -1.0221086849675576 
17.989999999971413, -1.0265828144013045 
17.99999999997139, -1.0309879951077296 
18.009999999971367, -1.0353329497404133 
18.019999999971343, -1.0395390434987928 
18.02999999997132, -1.0434005362413112 
18.039999999971297, -1.0466226479499112 
18.049999999971273, -1.0489549083142378 
18.05999999997125, -1.0503219759461473 
18.069999999971227, -1.0508383361401277 
18.079999999971204, -1.0507385497986195 
18.08999999997118, -1.0503334356822511 
18.099999999971157, -1.0500163150597623 
18.109999999971134, -1.0502269312176202 
18.11999999997111, -1.0512865902608841 
18.129999999971087, -1.0532133391693672 
18.139999999971064, -1.0557438488815625 
18.14999999997104, -1.05854555883935 
18.159999999971017, -1.0613828359631607 
18.169999999970994, -1.0641342599157313 
18.17999999997097, -1.0667412465061636 
18.189999999970947, -1.069175396332994 
18.199999999970924, -1.0714350378490534 
18.2099999999709, -1.0735393803767577 
18.219999999970877, -1.0755013762856858 
18.229999999970854, -1.0772896308998132 
18.23999999997083, -1.0788078227424138 
18.249999999970807, -1.0799191328499802 
18.259999999970784, -1.0805131810433857 
18.26999999997076, -1.0805701022248362 
18.279999999970737, -1.080181113296346 
18.289999999970714, -1.0795346693629957 
18.29999999997069, -1.078884950497563 
18.309999999970668, -1.078482446906432 
18.319999999970644, -1.0784699215839229 
18.32999999997062, -1.0788330130371306 
18.339999999970598, -1.0794680263812368 
18.349999999970574, -1.0802834545660138 
18.35999999997055, -1.0812239333132283 
18.369999999970528, -1.082224163278046 
18.379999999970504, -1.083178481066095 
18.38999999997048, -1.0839677854754786 
18.399999999970458, -1.0845093946477626 
18.409999999970434, -1.0847843123994687 
18.41999999997041, -1.084827112442078 
18.429999999970388, -1.0846880137259838 
18.439999999970365, -1.08439139631672 
18.44999999997034, -1.083916820190586 
18.459999999970318, -1.083214274049389 
18.469999999970295, -1.082244428812118 
18.47999999997027, -1.081018755865831 
18.489999999970248, -1.0796142317697408 
18.499999999970225, -1.0781508660957138 
18.5099999999702, -1.0767421633232304 
18.519999999970178, -1.0754598423296644 
18.529999999970155, -1.074354161438978 
18.53999999997013, -1.0735028132214992 
18.549999999970108, -1.0730045380672506 
18.559999999970085, -1.0728905194051774 
18.56999999997006, -1.0730462987643532 
18.57999999997004, -1.0732407081611424 
18.589999999970015, -1.0732242547277924 
18.59999999996999, -1.0728053161613487 
18.60999999996997, -1.0718858926250923 
18.619999999969945, -1.0704758964714418 
18.62999999996992, -1.0686756123003736 
18.6399999999699, -1.0666165153181844 
18.649999999969875, -1.064395303940002 
18.659999999969852, -1.0620459883542328 
18.66999999996983, -1.0595569904448179 
18.679999999969805, -1.056909210208478 
18.689999999969782, -1.054106284490997 
18.69999999996976, -1.0511814213602224 
18.709999999969735, -1.0481916072178548 
18.719999999969712, -1.0452307347354328 
18.72999999996969, -1.0424710659489542 
18.739999999969665, -1.0401759962604136 
18.749999999969642, -1.0386000077669633 
18.75999999996962, -1.037804994698376 
18.769999999969595, -1.0375770747864805 
18.779999999969572, -1.0375397810681664 
18.78999999996955, -1.0373193141586952 
18.799999999969526, -1.0366178712738452 
18.809999999969502, -1.0352230000607423 
18.81999999996948, -1.0330349888380868 
18.829999999969456, -1.0301126386985744 
18.839999999969432, -1.0266596038254527 
18.84999999996941, -1.022921324089396 
18.859999999969386, -1.0190745222871898 
18.869999999969362, -1.0151905208828782 
18.87999999996934, -1.0112661305998498 
18.889999999969316, -1.007274491627507 
18.899999999969292, -1.0032031013171139 
18.90999999996927, -0.9990745405501478 
18.919999999969246, -0.9949677065068409 
18.929999999969223, -0.9910536442554927 
18.9399999999692, -0.9876161112309235 
18.949999999969176, -0.9849828615808379 
18.959999999969153, -0.983346106687393 
18.96999999996913, -0.9826078481308775 
18.979999999969106, -0.9824172851027587 
18.989999999969083, -0.982350776504014 
18.99999999996906, -0.9820474603610577 
19.009999999969036, -0.9812390125022661 
19.019999999969013, -0.9797486402433089 
19.02999999996899, -0.9775235033126709 
19.039999999968966, -0.9746723050825785 
19.049999999968943, -0.9714290483133491 
19.05999999996892, -0.968039000892265 
19.069999999968896, -0.9646602649339547 
19.079999999968873, -0.9613447591124586 
19.08999999996885, -0.9580779833259567 
19.099999999968826, -0.9548314741430934 
19.109999999968803, -0.9515991072472749 
19.11999999996878, -0.9484093306035607 
19.129999999968756, -0.9453238022274555 
19.139999999968733, -0.942440791462545 
19.14999999996871, -0.9399048592842222 
19.159999999968687, -0.9378929217604227 
19.169999999968663, -0.9365454676198256 
19.17999999996864, -0.935870316457607 
19.189999999968617, -0.9357047673288121 
19.199999999968593, -0.9357779611127144 
19.20999999996857, -0.9358129830984444 
19.219999999968547, -0.935594916927033 
19.229999999968523, -0.9349991924193027 
19.2399999999685, -0.934006167420417 
19.249999999968477, -0.9326985261031926 
19.259999999968453, -0.9312188369821748 
19.26999999996843, -0.9296991508245803 
19.279999999968407, -0.9282085325005275 
19.289999999968384, -0.9267453089014108 
19.29999999996836, -0.9252658744781254 
19.309999999968337, -0.923728960054518 
19.319999999968314, -0.9221336808621977 
19.32999999996829, -0.9205340021585707 
19.339999999968267, -0.919024098413663 
19.349999999968244, -0.9177046617510929 
19.35999999996822, -0.9166529644449032 
19.369999999968197, -0.9159165668903793 
19.379999999968174, -0.9155251543225538 
19.38999999996815, -0.9154932098291766 
19.399999999968127, -0.9157998426250552 
19.409999999968104, -0.916367268352573 
19.41999999996808, -0.9170693174213808 
19.429999999968057, -0.9177718678474458 
19.439999999968034, -0.9183788325025611 
19.44999999996801, -0.9188592682522124 
19.459999999967987, -0.9192452057142635 
19.469999999967964, -0.9196008230418553 
19.47999999996794, -0.9199764830449796 
19.489999999967917, -0.920369734675495 
19.499999999967894, -0.9207122397947538 
19.50999999996787, -0.920893176377888 
19.519999999967848, -0.9208130921911268 
19.529999999967824, -0.9204386789687593 
19.5399999999678, -0.9198293245612336 
19.549999999967778, -0.9191341308319807 
19.559999999967754, -0.918567907957412 
19.56999999996773, -0.918359601420795 
19.579999999967708, -0.918675291449718 
19.589999999967684, -0.9195594545174094 
19.59999999996766, -0.9209432615574406 
19.609999999967638, -0.9227065101203247 
19.619999999967614, -0.9247336755816985 
19.62999999996759, -0.9269322209999256 
19.639999999967568, -0.9292298189144089 
19.649999999967545, -0.9315768812919802 
19.65999999996752, -0.9339573441413102 
19.669999999967498, -0.9363908960289831 
19.679999999967475, -0.9389118218900855 
19.68999999996745, -0.9415244451732245 
19.699999999967428, -0.9441510782736288 
19.709999999967405, -0.9466063057518218 
19.71999999996738, -0.9486401392856145 
19.729999999967358, -0.950048071182325 
19.739999999967335, -0.9507660380144525 
19.74999999996731, -0.9508800850858338 
19.759999999967288, -0.9505862529171472 
19.769999999967265, -0.9501728148093024 
19.77999999996724, -0.9500268396620394 
19.78999999996722, -0.9505895919188241 
19.799999999967195, -0.9522027274892764 
19.80999999996717, -0.9549336436520365 
19.81999999996715, -0.9585601317084063 
19.829999999967125, -0.9627349223956017 
19.8399999999671, -0.9671621016048328 
19.84999999996708, -0.9716660104880651 
19.859999999967055, -0.9761753678269285 
19.869999999967032, -0.9806871102579144 
19.87999999996701, -0.9852350755979365 
19.889999999966985, -0.9898518411891031 
19.899999999966962, -0.9945097189125519 
19.90999999996694, -0.9990527422222326 
19.919999999966915, -1.0031744705702597 
19.929999999966892, -1.006511022548509 
19.93999999996687, -1.0088212904875118 
19.949999999966845, -1.0100968969573725 
19.959999999966822, -1.010518293758335 
19.9699999999668, -1.0103604991972974 
19.979999999966775, -1.0099676454098092 
19.989999999966752, -1.0097890906726403 
19.99999999996673, -1.0103567390455719 
20.009999999966706, -1.0120917792172697 
20.019999999966682, -1.0150522227956849 
20.02999999996666, -1.0189128692112204 
20.039999999966636, -1.0232145842907552 
20.049999999966612, -1.027605171011703 
20.05999999996659, -1.0319028661410166 
20.069999999966566, -1.0360471020845679 
20.079999999966542, -1.0400408180657714 
20.08999999996652, -1.0439147931649704 
20.099999999966496, -1.0476943919966322 
20.109999999966472, -1.051352690294316 
20.11999999996645, -1.0547644694033118 
20.129999999966426, -1.0577058963936508 
20.139999999966403, -1.0599372467684054 
20.14999999996638, -1.061327103483999 
20.159999999966356, -1.0619131734219693 
20.169999999966333, -1.061870757396561 
20.17999999996631, -1.0614660213706402 
20.189999999966286, -1.061043484195757 
20.199999999966263, -1.06099200568543 
20.20999999996624, -1.0616121581616174 
20.219999999966216, -1.0629567544064678 
20.229999999966193, -1.0648331157223105 
20.23999999996617, -1.0669744592870367 
20.249999999966146, -1.0691849741120576 
20.259999999966123, -1.0713561421114748 
20.2699999999661, -1.0734199542596685 
20.279999999966076, -1.0753241043034836 
20.289999999966053, -1.0770413588093635 
20.29999999996603, -1.0785781453121133 
20.309999999966006, -1.0799578109744714 
20.319999999965983, -1.0811844638806125 
20.32999999996596, -1.082212143238407 
20.339999999965936, -1.082945726768359 
20.349999999965913, -1.083283197646361 
20.35999999996589, -1.083175954380348 
20.369999999965867, -1.0826676096169487 
20.379999999965843, -1.0818967695118604 
20.38999999996582, -1.081070049003178 
20.399999999965797, -1.0803993780364 
20.409999999965773, -1.080015571168762 
20.41999999996575, -1.0799296554708389 
20.429999999965727, -1.0800882811087045 
20.439999999965703, -1.0804520634617418 
20.44999999996568, -1.0810014807279575 
20.459999999965657, -1.0816803988701134 
20.469999999965633, -1.082365300323135 
20.47999999996561, -1.0829023549761283 
20.489999999965587, -1.0831703909665236 
20.499999999965564, -1.0831201610536085 
20.50999999996554, -1.0827757291934237 
20.519999999965517, -1.0822021841302114 
20.529999999965494, -1.0814576222068963 
20.53999999996547, -1.0805588058568112 
20.549999999965447, -1.0794803638327177 
20.559999999965424, -1.07818493678885 
20.5699999999654, -1.0766635923181949 
20.579999999965377, -1.0749599336365758 
20.589999999965354, -1.0731608195426339 
20.59999999996533, -1.07136031922379 
20.609999999965307, -1.0696336811387137 
20.619999999965284, -1.068057897640157 
20.62999999996526, -1.066754285285061 
20.639999999965237, -1.0658713468993128 
20.649999999965214, -1.0654770410843315 
20.65999999996519, -1.065461505375041 
20.669999999965167, -1.0655665597836268 
20.679999999965144, -1.0655010015237258 
20.68999999996512, -1.065027128935751 
20.699999999965097, -1.063997048548496 
20.709999999965074, -1.0623760391349992 
20.71999999996505, -1.0602480837788728 
20.729999999965028, -1.057769579311469 
20.739999999965004, -1.05508727632439 
20.74999999996498, -1.052281582914746 
20.759999999964958, -1.0493654273128525 
20.769999999964934, -1.0463195235874199 
20.77999999996491, -1.0431306178804605 
20.789999999964888, -1.039811162487178 
20.799999999964864, -1.0364034292622815 
20.80999999996484, -1.03299419855577 
20.819999999964818, -1.0297552576602866 
20.829999999964794, -1.0269659666233601 
20.83999999996477, -1.0249298670406146 
20.849999999964748, -1.0237816890908074 
20.859999999964725, -1.023358032786451 
20.8699999999647, -1.0232806093317068 
20.879999999964678, -1.0231416656825458 
20.889999999964655, -1.0226072969150752 
20.89999999996463, -1.0214283886752256 
20.909999999964608, -1.0194528012093302 
20.919999999964585, -1.0166760436518145 
20.92999999996456, -1.0132648425721924 
20.939999999964538, -1.0094815301063613 
20.949999999964515, -1.005555300055939 
20.95999999996449, -1.0016075652402086 
20.969999999964468, -0.997661811543504 
20.979999999964445, -0.9936945819545022 
20.98999999996442, -0.9896831845692573 
20.9999999999644, -0.9856332425521483 
21.009999999964375, -0.9815947961536937 
21.01999999996435, -0.9776861779095851 
21.02999999996433, -0.9741221231295624 
21.039999999964305, -0.9711957311267895 
21.04999999996428, -0.9691601535688905 
21.05999999996426, -0.9680595523727197 
21.069999999964235, -0.9676683065864282 
21.079999999964212, -0.9676048587764357 
21.08999999996419, -0.9674917498416417 
21.099999999964165, -0.9670335835162511 
21.109999999964142, -0.966027052152608 
21.11999999996412, -0.9643750507008024 
21.129999999964095, -0.9621197455650131 
21.139999999964072, -0.9594372550375223 
21.14999999996405, -0.9565556931259277 
21.159999999964025, -0.9536519633201743 
21.169999999964002, -0.9508048948903118 
21.17999999996398, -0.9480143477418495 
21.189999999963955, -0.9452495738045628 
21.199999999963932, -0.942493225632794 
21.20999999996391, -0.9397631411635888 
21.219999999963886, -0.9371102972501777 
21.229999999963862, -0.9346076897686022 
21.23999999996384, -0.932348453963239 
21.249999999963816, -0.9304512131550744 
21.259999999963792, -0.9290441028350781 
21.26999999996377, -0.9282068815434037 
21.279999999963746, -0.9279028930148089 
21.289999999963722, -0.9279662713835396 
21.2999999999637, -0.9281620551163968 
21.309999999963676, -0.9282672726992963 
21.319999999963652, -0.9281248767906671 
21.32999999996363, -0.9276687343866599 
21.339999999963606, -0.9269284632239542 
21.349999999963583, -0.9260049571527149 
21.35999999996356, -0.9250152720679088 
21.369999999963536, -0.9240360711435469 
21.379999999963513, -0.9230777793912042 
21.38999999996349, -0.9220964884743916 
21.399999999963466, -0.9210321871119562 
21.409999999963443, -0.9198540851909394 
21.41999999996342, -0.9185913104474357 
21.429999999963396, -0.9173351973732331 
21.439999999963373, -0.9162125401701846 
21.44999999996335, -0.9153416200144736 
21.459999999963326, -0.9147959663757759 
21.469999999963303, -0.9145991520826472 
21.47999999996328, -0.91474491652227 
21.489999999963256, -0.9152118356071437 
21.499999999963233, -0.9159556409390447 
21.50999999996321, -0.9168965926089518 
21.519999999963186, -0.9179286748352785 
21.529999999963163, -0.9189527997741542 
21.53999999996314, -0.9199121192363038 
21.549999999963116, -0.9208071249309508 
21.559999999963093, -0.9216813164731421 
21.56999999996307, -0.922583089067127 
21.579999999963047, -0.9235211892707834 
21.589999999963023, -0.9244349745109339 
21.599999999963, -0.9251995111382671 
21.609999999962977, -0.9256743127575507 
21.619999999962953, -0.9257723611401516 
21.62999999996293, -0.92550498984763 
21.639999999962907, -0.9249875400034288 
21.649999999962883, -0.92442615164156 
21.65999999996286, -0.9240915543164234 
21.669999999962837, -0.9242563487003247 
21.679999999962813, -0.9250968616889714 
21.68999999996279, -0.9266253829043025 
21.699999999962767, -0.928715986146214 
21.709999999962744, -0.9311946337143938 
21.71999999996272, -0.9339122326295184 
21.729999999962697, -0.936766077493649 
21.739999999962674, -0.9396937717428543 
21.74999999996265, -0.9426691131015961 
21.759999999962627, -0.9457018557484036 
21.769999999962604, -0.9488249736339697 
21.77999999996258, -0.9520576055885274 
21.789999999962557, -0.9553485543502521 
21.799999999962534, -0.9585280940740638 
21.80999999996251, -0.9613203338331052 
21.819999999962487, -0.9634488379653657 
21.829999999962464, -0.9647710359991514 
21.83999999996244, -0.9653263798053329 
21.849999999962417, -0.9652898466420613 
21.859999999962394, -0.9649253367768378 
21.86999999996237, -0.9645923509850615 
21.879999999962347, -0.9647544554767444 
21.889999999962324, -0.9658832424252815 
21.8999999999623, -0.9682432913199917 
21.909999999962277, -0.9717421621574095 
21.919999999962254, -0.9760211969542754 
21.92999999996223, -0.9806869869150325 
21.939999999962208, -0.9854670619565822 
21.949999999962184, -0.9902303249004236 
21.95999999996216, -0.9949443345829156 
21.969999999962138, -0.9996316031722751 
21.979999999962114, -1.004331449733786 
21.98999999996209, -1.0090494460555344 
21.999999999962068, -1.0136908500233266 
22.009999999962044, -1.018013322192677 
22.01999999996202, -1.021669329424919 
22.029999999961998, -1.0243618189924544 
22.039999999961974, -1.0259970179574545 
22.04999999996195, -1.0266969100201917 
22.059999999961928, -1.0267094734776485 
22.069999999961905, -1.0263516433706925 
22.07999999996188, -1.0260276537693216 
22.089999999961858, -1.0262337281565999 
22.099999999961835, -1.0274191529593115 
22.10999999996181, -1.0297385233435008 
22.119999999961788, -1.032962083932405 
22.129999999961765, -1.0366705292806615 
22.13999999996174, -1.040507130543615 
22.149999999961718, -1.0442719506925433 
22.159999999961695, -1.0478850266914255 
22.16999999996167, -1.051329483055074 
22.179999999961648, -1.0546209170274858 
22.189999999961625, -1.0577865046948247 
22.1999999999616, -1.0608308598099694 
22.20999999996158, -1.0636920889205348 
22.219999999961555, -1.0662194213666383 
22.22999999996153, -1.0682115539750432 
22.23999999996151, -1.0695128692186602 
22.249999999961485, -1.0700960641608037 
22.25999999996146, -1.0700716085470696 
22.26999999996144, -1.0696546449213846 
22.279999999961415, -1.0691413191912544 
22.289999999961392, -1.0688716898899728 
22.29999999996137, -1.0691202447618404 
22.309999999961345, -1.0699617359008067 
22.319999999961322, -1.071263380781232 
22.3299999999613, -1.0728213538194697 
22.339999999961275, -1.0744826478085598 
22.349999999961252, -1.0761562333471146 
22.35999999996123, -1.0777679573292258 
22.369999999961205, -1.0792419299252118 
22.379999999961182, -1.0805218287272782 
22.38999999996116, -1.0815937435165406 
22.399999999961135, -1.08248062450155 
22.409999999961112, -1.0832097334592197 
22.41999999996109, -1.0837753867631545 
22.429999999961066, -1.0841232213149696 
22.439999999961042, -1.0841711621657573 
22.44999999996102, -1.0838585477159075 
22.459999999960996, -1.083192791769638 
22.469999999960972, -1.0822674611201246 
22.47999999996095, -1.0812450986599258 
22.489999999960926, -1.0803036667747692 
22.499999999960902, -1.079564212522862 
22.50999999996088, -1.0790594198325967 
22.519999999960856, -1.0787792524188078 
22.529999999960832, -1.0787320007307064 
22.53999999996081, -1.0789347923879196 
22.549999999960786, -1.0793444296071149 
22.559999999960763, -1.079822555561937 
22.56999999996074, -1.0801812397921258 
22.579999999960716, -1.0802582298130299 
22.589999999960693, -1.079966420748685 
22.59999999996067, -1.079307326733797 
22.609999999960646, -1.0783499099818696 
22.619999999960623, -1.077181227068017 
22.6299999999606, -1.0758570003252026 
22.639999999960576, -1.0743828173726562 
22.649999999960553, -1.072732222550211 
22.65999999996053, -1.0708846175613997 
22.669999999960506, -1.0688565077795633 
22.679999999960483, -1.0667052329476072 
22.68999999996046, -1.0645062848036357 
22.699999999960436, -1.0623351440583784 
22.709999999960413, -1.0602879345036105 
22.71999999996039, -1.0585215638361978 
22.729999999960366, -1.0572330845617324 
22.739999999960343, -1.0565369960471818 
22.74999999996032, -1.0563426656614772 
22.759999999960296, -1.0563744107518116 
22.769999999960273, -1.0563027494200437 
22.77999999996025, -1.055846468219157 
22.789999999960227, -1.0548085814646573 
22.799999999960203, -1.0531002674116865 
22.80999999996018, -1.0507673584201846 
22.819999999960157, -1.0479705620082993 
22.829999999960133, -1.0449011766229022 
22.83999999996011, -1.0416942197641512 
22.849999999960087, -1.038400011854377 
22.859999999960063, -1.0350106189141597 
22.86999999996004, -1.0315036768498669 
22.879999999960017, -1.0278740106120399 
22.889999999959993, -1.0241472418779929 
22.89999999995997, -1.0203946169334333 
22.909999999959947, -1.0167694708386874 
22.919999999959924, -1.0135400989621388 
22.9299999999599, -1.0110373360441895 
22.939999999959877, -1.009475969977708 
22.949999999959854, -1.0087807399109965 
22.95999999995983, -1.0086085685502195 
22.969999999959807, -1.008532163791573 
22.979999999959784, -1.0081829960942827 
22.98999999995976, -1.0072816047123518 
22.999999999959737, -1.0056363763529874 
23.009999999959714, -1.0031816620159075 
23.01999999995969, -1.0000240968311322 
23.029999999959667, -0.9964081808410701 
23.039999999959644, -0.9925944403467092 
23.04999999995962, -0.98875276695399 
23.059999999959597, -0.9849415035667546 
23.069999999959574, -0.9811491471760692 
23.07999999995955, -0.9773479585042144 
23.089999999959527, -0.9735302686278068 
23.099999999959504, -0.9697244951971099 
23.10999999995948, -0.9660067592378668 
23.119999999959457, -0.962521858706191 
23.129999999959434, -0.9594942348721096 
23.13999999995941, -0.9571766769467571 
23.149999999959388, -0.9557195101518199 
23.159999999959364, -0.9550508263102598 
23.16999999995934, -0.9548902303627367 
23.179999999959318, -0.9548797033641764 
23.189999999959294, -0.9547022931880245 
23.19999999995927, -0.9541268025709708 
23.209999999959248, -0.9530195208139695 
23.219999999959224, -0.9513653504631113 
23.2299999999592, -0.9492768243372087 
23.239999999959178, -0.9469452668032691 
23.249999999959154, -0.9445493637847203 
23.25999999995913, -0.9421895019124363 
23.269999999959108, -0.9398826874687376 
23.279999999959085, -0.9375992941095254 
23.28999999995906, -0.9353098224048862 
23.299999999959038, -0.9330182195146536 
23.309999999959015, -0.9307694560404881 
23.31999999995899, -0.9286345955581007 
23.329999999958968, -0.9266917843409349 
23.339999999958945, -0.9250214202237126 
23.34999999995892, -0.9237111414337693 
23.359999999958898, -0.9228434646456767 
23.369999999958875, -0.9224515231918096 
23.37999999995885, -0.9224729951655319 
23.389999999958828, -0.9227509599678697 
23.399999999958805, -0.923087677829114 
23.40999999995878, -0.9233102257020155 
23.41999999995876, -0.9233145025603747 
23.429999999958735, -0.923082676417555 
23.43999999995871, -0.9226732441829404 
23.44999999995869, -0.9221814006627929 
23.459999999958665, -0.9216853688474675 
23.46999999995864, -0.9212077431758683 
23.47999999995862, -0.9207094173972772 
23.489999999958595, -0.920116172768872 
23.499999999958572, -0.919365368291819 
23.50999999995855, -0.9184496473139679 
23.519999999958525, -0.9174368606082519 
23.529999999958502, -0.9164599758509073 
23.53999999995848, -0.9156796391578166 
23.549999999958455, -0.9152300916456907 
23.559999999958432, -0.91517690325679 
23.56999999995841, -0.915515351569079 
23.579999999958385, -0.9162019875303541 
23.589999999958362, -0.9171819451568265 
23.59999999995834, -0.9183913221839528 
23.609999999958315, -0.9197504761228193 
23.619999999958292, -0.9211729284361599 
23.62999999995827, -0.9225917570286608 
23.639999999958246, -0.9239837282109358 
23.649999999958222, -0.9253713529554638 
23.6599999999582, -0.9267972529854054 
23.669999999958176, -0.9282805670445656 
23.679999999958152, -0.9297746894051364 
23.68999999995813, -0.9311513873112517 
23.699999999958106, -0.932235183822488 
23.709999999958082, -0.9328814853612071 
23.71999999995806, -0.9330459379821203 
23.729999999958036, -0.9328025152014596 
23.739999999958012, -0.9323288063609139 
23.74999999995799, -0.9318921823796696 
23.759999999957966, -0.9318227925603569 
23.769999999957943, -0.932430368396003 
23.77999999995792, -0.9338789037647921 
23.789999999957896, -0.9361202858066893 
23.799999999957873, -0.9389551760953824 
23.80999999995785, -0.9421568641890875 
23.819999999957826, -0.9455537043067119 
23.829999999957803, -0.9490443870381281 
23.83999999995778, -0.9525837152280076 
23.849999999957756, -0.9561700263945712 
23.859999999957733, -0.9598325170387954 
23.86999999995771, -0.9636018408873552 
23.879999999957686, -0.967456489134799 
23.889999999957663, -0.9712607280273626 
23.89999999995764, -0.9747432756288209 
23.909999999957616, -0.9775761871833751 
23.919999999957593, -0.9795314271799664 
23.92999999995757, -0.9805826795282719 
23.939999999957546, -0.980877652241355 
23.949999999957523, -0.980663758991148 
23.9599999999575, -0.9802686745497582 
23.969999999957476, -0.9801296898033401 
23.979999999957453, -0.9807654623169368 
23.98999999995743, -0.9825937211690224 
23.999999999957407, -0.9856943442098085 
24.009999999957383, -0.9897765539568653 
24.01999999995736, -0.9943978840363676 
24.029999999957337, -0.9991976168993 
24.039999999957313, -1.0039770227327731 
24.04999999995729, -1.0086660046040148 
24.059999999957267, -1.0132685352411985 
24.069999999957243, -1.0178210717147782 
24.07999999995722, -1.0223502563586382 
24.089999999957197, -1.0268151957875145 
24.099999999957173, -1.0310503141803078 
24.10999999995715, -1.0347645593251067 
24.119999999957127, -1.037648206281924 
24.129999999957104, -1.0395329935772655 
24.13999999995708, -1.0404630380077105 
24.149999999957057, -1.0406392294137183 
24.159999999957034, -1.0403468547645391 
24.16999999995701, -1.039948152335434 
24.179999999956987, -1.039892056478418 
24.189999999956964, -1.0406182121293954 
24.19999999995694, -1.0423388510608003 
24.209999999956917, -1.0449133841406986 
24.219999999956894, -1.047985447108256 
24.22999999995687, -1.0512207555596205 
24.239999999956847, -1.0544184325928168 
24.249999999956824, -1.0574868118895273 
24.2599999999568, -1.060390123499973 
24.269999999956777, -1.063123794951867 
24.279999999956754, -1.0657056823954578 
24.28999999995673, -1.0681548295658203 
24.299999999956707, -1.0704532866444452 
24.309999999956684, -1.0725131922725502 
24.31999999995666, -1.0741833745674252 
24.329999999956637, -1.075311720718882 
24.339999999956614, -1.0758270884069319 
24.34999999995659, -1.0757795798803356 
24.359999999956568, -1.0753303345817742 
24.369999999956544, -1.0747270392921284 
24.37999999995652, -1.0742642184455315 
24.389999999956498, -1.074190221488175 
24.399999999956474, -1.074594446305102 
24.40999999995645, -1.0753940026023703 
24.419999999956428, -1.0764418505029267 
24.429999999956404, -1.0776272446964184 
24.43999999995638, -1.0788796509591034 
24.449999999956358, -1.0801221808174746 
24.459999999956334, -1.0812566413280709 
24.46999999995631, -1.0821952996708768 
24.479999999956288, -1.0828974680028653 
24.489999999956265, -1.0833762028394853 
24.49999999995624, -1.0836717440627521 
24.509999999956218, -1.083810457683043 
24.519999999956195, -1.0837761281099585 
24.52999999995617, -1.083513028609727 
24.539999999956148, -1.0829612946541896 
24.549999999956125, -1.0821036758791156 
24.5599999999561, -1.0809950596991027 
24.569999999956078, -1.0797576230644732 
24.579999999956055, -1.0785386737576244 
24.58999999995603, -1.0774504191164738 
24.599999999956008, -1.0765433837595129 
24.609999999955985, -1.0758444676268322 
24.61999999995596, -1.0754059222762316 
24.62999999995594, -1.0752836313584557 
24.639999999955915, -1.0754533347085236 
24.64999999995589, -1.0757670463112996 
24.65999999995587, -1.0760049371183829 
24.669999999955845, -1.0759629424192414 
24.67999999995582, -1.075510622408437 
24.6899999999558, -1.0746148327344314 
24.699999999955775, -1.0733339966019408 
24.709999999955752, -1.071775744596637 
24.71999999995573, -1.0700354849016058 
24.729999999955705, -1.06815656229042 
24.739999999955682, -1.0661326860612896 
24.74999999995566, -1.0639406490381478 
24.759999999955635, -1.0615765659626775 
24.769999999955612, -1.0590717129501062 
24.77999999995559, -1.0564829082289318 
24.789999999955565, -1.0538813492147776 
24.799999999955542, -1.051372855079314 
24.80999999995552, -1.0491382618979177 
24.819999999955495, -1.0474175134047754 
24.829999999955472, -1.0463806827935769 
24.83999999995545, -1.0459763328437037 
24.849999999955426, -1.0459272908100115 
24.859999999955402, -1.0458717169074354 
24.86999999995538, -1.0454879097706367 
24.879999999955356, -1.0445347593332834 
24.889999999955332, -1.0428687325614237 
24.89999999995531, -1.0404807939094818 
24.909999999955286, -1.0375091803139072 
24.919999999955262, -1.034172571023174 
24.92999999995524, -1.0306614720735452 
24.939999999955216, -1.0270749900027967 
24.949999999955192, -1.023429183710953 
24.95999999995517, -1.0197018472174302 
24.969999999955146, -1.0158746169862969 
24.979999999955123, -1.0119563712500739 
24.9899999999551, -1.0079982994658798 
24.999999999955076, -1.0041229963980476 
