t, s[1].omega / s[0].omega 
0, -0.9199918451668191 
0.009999999999999995, -0.9191913596410093 
0.019999999999999934, -0.9184011625241979 
0.029999999999999874, -0.9175625874327562 
0.04000000000000012, -0.9166139828507578 
0.050000000000000405, -0.9155353079029409 
0.06000000000000069, -0.9143734629228544 
0.07000000000000098, -0.9132379711918868 
0.08000000000000126, -0.9122687257945836 
0.09000000000000155, -0.9115881762075029 
0.10000000000000184, -0.9112642217622622 
0.11000000000000212, -0.9113076703919027 
0.12000000000000241, -0.9116965082105715 
0.130000000000002, -0.9123944411362646 
0.1400000000000009, -0.913347228614769 
0.1499999999999998, -0.9144739282231138 
0.1599999999999987, -0.9156774265395098 
0.1699999999999976, -0.916875002755372 
0.1799999999999965, -0.9180280408762934 
0.1899999999999954, -0.9191502357358192 
0.1999999999999943, -0.9202871244368944 
0.2099999999999932, -0.921474945648192 
0.2199999999999921, -0.922696971013923 
0.229999999999991, -0.923859448263831 
0.2399999999999899, -0.9248094350569476 
0.2499999999999888, -0.9253985271866751 
0.2599999999999877, -0.9255553355286008 
0.2699999999999866, -0.9253192828687826 
0.2799999999999855, -0.9248352496619304 
0.2899999999999844, -0.9243389967259443 
0.2999999999999833, -0.9241323924037943 
0.3099999999999822, -0.9245141232669468 
0.3199999999999811, -0.925667822704763 
0.32999999999998, -0.9275878689369493 
0.3399999999999789, -0.9301151731676438 
0.3499999999999778, -0.9330441873097227 
0.35999999999997667, -0.9362065829326532 
0.36999999999997557, -0.9394947906247028 
0.37999999999997447, -0.9428533186684724 
0.38999999999997337, -0.946269465183567 
0.39999999999997227, -0.9497656183442217 
0.40999999999997117, -0.953377330292984 
0.41999999999997006, -0.9571065654824007 
0.42999999999996896, -0.9608586531768093 
0.43999999999996786, -0.9644015615830481 
0.44999999999996676, -0.9674102741516885 
0.45999999999996566, -0.9696093633105836 
0.46999999999996456, -0.9709056890951357 
0.47999999999996346, -0.9713982298455675 
0.48999999999996235, -0.9713056806835507 
0.49999999999996125, -0.9709259325857215 
0.5099999999999602, -0.9706595539837352 
0.519999999999959, -0.971017506155385 
0.529999999999958, -0.9724936424749482 
0.5399999999999568, -0.9753159012144452 
0.5499999999999557, -0.9793115548835567 
0.5599999999999546, -0.9840523098418004 
0.5699999999999535, -0.9891168376454547 
0.5799999999999524, -0.9942372490846447 
0.5899999999999513, -0.999299397527602 
0.5999999999999502, -1.0042881225328988 
0.6099999999999491, -1.009237220465034 
0.619999999999948, -1.0141841827432319 
0.6299999999999469, -1.0191115124924488 
0.6399999999999458, -1.023878930165243 
0.6499999999999447, -1.0281957279909109 
0.6599999999999436, -1.0317040086221965 
0.6699999999999425, -1.0341565577684793 
0.6799999999999414, -1.0355371749538542 
0.6899999999999403, -1.03602556813493 
0.6999999999999392, -1.035900378457226 
0.7099999999999381, -1.035505855731873 
0.719999999999937, -1.0352808736944779 
0.7299999999999359, -1.035729913749292 
0.7399999999999348, -1.0372304595016932 
0.7499999999999337, -1.0398025856321607 
0.7599999999999326, -1.043121173956275 
0.7699999999999315, -1.046768269052993 
0.7799999999999304, -1.0504437128066832 
0.7899999999999293, -1.0539994896186335 
0.7999999999999282, -1.0573827228767014 
0.8099999999999271, -1.06058718575165 
0.819999999999926, -1.063632092006792 
0.8299999999999249, -1.0665415208201758 
0.8399999999999238, -1.0693077816225152 
0.8499999999999227, -1.0718517774230387 
0.8599999999999216, -1.0740156747234928 
0.8699999999999205, -1.0756175913192556 
0.8799999999999194, -1.0765452448669366 
0.8899999999999183, -1.0768158412689117 
0.8999999999999172, -1.0765704660370787 
0.9099999999999161, -1.0760453376857815 
0.919999999999915, -1.0755462591751337 
0.9299999999999139, -1.075383123484543 
0.9399999999999128, -1.0757423370670964 
0.9499999999999117, -1.0766023233454818 
0.9599999999999106, -1.0778007683467286 
0.9699999999999095, -1.0791740808950838 
0.9799999999999084, -1.0806196726207875 
0.9899999999999073, -1.082064506457909 
0.9999999999999062, -1.0834258677984487 
1.0099999999999052, -1.084619313775447 
1.019999999999904, -1.0855929916042575 
1.029999999999903, -1.0863451133959448 
1.039999999999902, -1.0869077320095555 
1.0499999999999008, -1.0873087466452254 
1.0599999999998997, -1.087537948599333 
1.0699999999998986, -1.0875406702443704 
1.0799999999998975, -1.0872467551156166 
1.0899999999998964, -1.086619079382316 
1.0999999999998953, -1.0856915516972696 
1.1099999999998942, -1.084575667303613 
1.119999999999893, -1.0834294191222544 
1.129999999999892, -1.0823951709593393 
1.1399999999998909, -1.0815472701505526 
1.1499999999998898, -1.0809042847101975 
1.1599999999998887, -1.0804895702036077 
1.1699999999998876, -1.0803512708675451 
1.1799999999998865, -1.0805002002039474 
1.1899999999998854, -1.0808390916772141 
1.1999999999998843, -1.0811751185150082 
1.2099999999998832, -1.0812997351254308 
1.219999999999882, -1.0810600108416444 
1.229999999999881, -1.0803932432922703 
1.2399999999998799, -1.0793303276214896 
1.2499999999998788, -1.0779642499035547 
1.2599999999998777, -1.076392487715477 
1.2699999999998766, -1.074669441967049 
1.2799999999998755, -1.0727973818027656 
1.2899999999998744, -1.0707527033991426 
1.2999999999998733, -1.0685237932433727 
1.3099999999998722, -1.0661340735586968 
1.319999999999871, -1.0636373956396947 
1.32999999999987, -1.0611012064890193 
1.3399999999998689, -1.0586139057960102 
1.3499999999998678, -1.0563260577421805 
1.3599999999998666, -1.0544648765884137 
1.3699999999998655, -1.0532406845081008 
1.3799999999998644, -1.0526815689538025 
1.3899999999998633, -1.0525696866139673 
1.3999999999998622, -1.0525521371013222 
1.4099999999998611, -1.0522867290973457 
1.41999999999986, -1.0515051911207531 
1.429999999999859, -1.0500293943301597 
1.4399999999998578, -1.047804189529702 
1.4499999999998567, -1.0449263926670764 
1.4599999999998556, -1.0416027222774813 
1.4699999999998545, -1.038043104260344 
1.4799999999998534, -1.034376407712482 
1.4899999999998523, -1.030639494521967 
1.4999999999998512, -1.0268160541342763 
1.5099999999998501, -1.0228822358066467 
1.519999999999849, -1.018835961210248 
1.529999999999848, -1.0147148471934169 
1.5399999999998468, -1.0106255487540683 
1.5499999999998457, -1.0067880818438233 
1.5599999999998446, -1.0035389326339734 
1.5699999999998435, -1.00120943829035 
1.5799999999998424, -0.9999098639037831 
1.5899999999998413, -0.9994216437644265 
1.5999999999998402, -0.9993200186289208 
1.6099999999998391, -0.9991741299029808 
1.619999999999838, -0.9986416697441701 
1.629999999999837, -0.9974682021945508 
1.6399999999998358, -0.9954933910122831 
1.6499999999998347, -0.9927040177030833 
1.6599999999998336, -0.9892671964279076 
1.6699999999998325, -0.9854605099069701 
1.6799999999998314, -0.9815361627069231 
1.6899999999998303, -0.9776345515896325 
1.6999999999998292, -0.9737885402262277 
1.709999999999828, -0.969975649919778 
1.719999999999827, -0.9661698965792496 
1.729999999999826, -0.96237214995143 
1.7399999999998248, -0.9586223078991447 
1.7499999999998237, -0.9550107339317492 
1.7599999999998226, -0.9516966827569737 
1.7699999999998215, -0.9489062905049362 
1.7799999999998204, -0.9468633033691992 
1.7899999999998193, -0.9456595755140184 
1.7999999999998182, -0.9451681918706395 
1.809999999999817, -0.9450903301483489 
1.819999999999816, -0.9450850663245023 
1.8299999999998149, -0.9448665249317706 
1.8399999999998138, -0.944237026559788 
1.8499999999998127, -0.943100676517467 
1.8599999999998116, -0.9414818549327233 
1.8699999999998105, -0.9395170381320262 
1.8799999999998094, -0.9373905733922078 
1.8899999999998083, -0.9352498764792527 
1.8999999999998072, -0.9331603294244852 
1.909999999999806, -0.9311150756719032 
1.919999999999805, -0.9290760357094662 
1.9299999999998039, -0.9270185827428932 
1.9399999999998028, -0.9249594760265515 
1.9499999999998017, -0.9229577578352599 
1.9599999999998006, -0.9210938981230632 
1.9699999999997995, -0.9194467832523404 
1.9799999999997984, -0.9180870522762381 
1.9899999999997973, -0.9170827780344879 
1.9999999999997962, -0.9164918590379096 
2.0099999999998173, -0.9163274565562668 
2.0199999999998384, -0.9165220883752605 
2.0299999999998595, -0.9169310556172701 
2.0399999999998806, -0.917380013010817 
2.0499999999999017, -0.9177229770182894 
2.059999999999923, -0.9178815672365067 
2.069999999999944, -0.9178572247820439 
2.079999999999965, -0.9177139354606304 
2.089999999999986, -0.9175349847179579 
2.100000000000007, -0.917373698687738 
2.1100000000000283, -0.9172231535655294 
2.1200000000000494, -0.9170181008487741 
2.1300000000000705, -0.916669071148559 
2.1400000000000916, -0.9161137847850076 
2.1500000000001127, -0.91535898540277 
2.160000000000134, -0.9144944853370613 
2.170000000000155, -0.9136788674278465 
2.180000000000176, -0.9130989489607954 
2.190000000000197, -0.9129089721747754 
2.2000000000002182, -0.9131790275860492 
2.2100000000002393, -0.9138898989414337 
2.2200000000002604, -0.9149718394745108 
2.2300000000002815, -0.9163450211421147 
2.2400000000003026, -0.9179326023325649 
2.2500000000003237, -0.9196574297212365 
2.260000000000345, -0.9214473503386037 
2.270000000000366, -0.9232545228093942 
2.280000000000387, -0.9250721071248476 
2.290000000000408, -0.9269297578816735 
2.3000000000004293, -0.9288628655081966 
2.3100000000004504, -0.9308655068806855 
2.3200000000004715, -0.9328482813563213 
2.3300000000004926, -0.9346329218706921 
2.3400000000005137, -0.9360101926828994 
2.3500000000005348, -0.936836950979585 
2.360000000000556, -0.9370991399269382 
2.370000000000577, -0.9369086128379497 
2.380000000000598, -0.9364781143284386 
2.390000000000619, -0.9361137394655545 
2.4000000000006403, -0.9361957231576505 
2.4100000000006614, -0.9370855586766187 
2.4200000000006825, -0.938971958069138 
2.4300000000007036, -0.9417847008918768 
2.4400000000007247, -0.9452694568998409 
2.450000000000746, -0.949144342106871 
2.460000000000767, -0.9532042363310079 
2.470000000000788, -0.957339045937317 
2.480000000000809, -0.9615117948170294 
2.49000000000083, -0.9657351162890644 
2.5000000000008513, -0.9700468908690816 
2.5100000000008724, -0.9744686213815555 
2.5200000000008935, -0.9789407190251203 
2.5300000000009146, -0.9832599759664673 
2.5400000000009357, -0.9870854935865209 
2.550000000000957, -0.9900671472769439 
2.560000000000978, -0.9920227055462577 
2.570000000000999, -0.9930021820164543 
2.58000000000102, -0.9932147122081254 
2.5900000000010412, -0.9929480692674891 
2.6000000000010624, -0.9925695878172298 
2.6100000000010835, -0.9925664004986177 
2.6200000000011046, -0.9934910518074809 
2.6300000000011257, -0.9957296869247564 
2.6400000000011468, -0.999262500545313 
2.650000000001168, -1.0037005584412233 
2.660000000001189, -1.0085633948845967 
2.67000000000121, -1.0135045503724933 
2.680000000001231, -1.0183557556124505 
2.6900000000012523, -1.0230719579506666 
2.7000000000012734, -1.027671854687086 
2.7100000000012945, -1.0321948450291156 
2.7200000000013156, -1.0366549352756835 
2.7300000000013367, -1.0409820573944706 
2.740000000001358, -1.0449778914193386 
2.750000000001379, -1.048345921534637 
2.7600000000014, -1.050821605121204 
2.770000000001421, -1.0523117762987533 
2.780000000001442, -1.0529200121898827 
2.7900000000014633, -1.0528768289720394 
2.8000000000014844, -1.0524889497779315 
2.8100000000015055, -1.0521444997548148 
2.8200000000015266, -1.0522880488824706 
2.8300000000015477, -1.053266592470972 
2.840000000001569, -1.055132255031849 
2.85000000000159, -1.0576376919449073 
2.860000000001611, -1.0604427112343315 
2.870000000001632, -1.0632965680863908 
2.8800000000016532, -1.0660681550641524 
2.8900000000016743, -1.0686952405166728 
2.9000000000016954, -1.0711474086008377 
2.9100000000017165, -1.0734206710033138 
2.9200000000017377, -1.07553313152666 
2.9300000000017588, -1.0774999477253762 
2.94000000000178, -1.0792954196331612 
2.950000000001801, -1.080829700159732 
2.960000000001822, -1.081968607209471 
2.970000000001843, -1.0825977583954582 
2.9800000000018643, -1.0826886799323463 
2.9900000000018854, -1.0823234620715532 
3.0000000000019065, -1.0816829689100043 
3.0100000000019276, -1.0810168262734607 
3.0200000000019487, -1.0805773878291816 
3.03000000000197, -1.0805165806733386 
3.040000000001991, -1.0808302613420295 
3.050000000002012, -1.081419470831908 
3.060000000002033, -1.082193259904365 
3.070000000002054, -1.083097636542464 
3.0800000000020753, -1.084070249180526 
3.0900000000020964, -1.0850063701386854 
3.1000000000021175, -1.085783475226483 
3.1100000000021386, -1.0863124669103776 
3.1200000000021597, -1.0865681541184382 
3.130000000002181, -1.0865821895660885 
3.140000000002202, -1.0864065468650381 
3.150000000002223, -1.0860708845118843 
3.160000000002244, -1.08556057343966 
3.1700000000022652, -1.0848287585485434 
3.1800000000022863, -1.0838348726441591 
3.1900000000023074, -1.0825854065432483 
3.2000000000023285, -1.0811510180619794 
3.2100000000023496, -1.0796468198390914 
3.2200000000023707, -1.0781847430505918 
3.230000000002392, -1.076838183690928 
3.240000000002413, -1.0756609775242554 
3.250000000002434, -1.0747362473815336 
3.260000000002455, -1.074170999915165 
3.2700000000024763, -1.0740054534044947 
3.2800000000024974, -1.0741294381255069 
3.2900000000025185, -1.074308602116194 
3.3000000000025396, -1.0742853227923057 
3.3100000000025607, -1.0738577985715203 
3.3200000000025818, -1.072916921360045 
3.330000000002603, -1.0714631441440345 
3.340000000002624, -1.0695937049861335 
3.350000000002645, -1.067445367482143 
3.360000000002666, -1.065124653157271 
3.3700000000026873, -1.0626742468154107 
3.3800000000027084, -1.060086715935717 
3.3900000000027295, -1.0573421175007187 
3.4000000000027506, -1.054439847821082 
3.4100000000027717, -1.0514081092610903 
3.420000000002793, -1.0483006544637383 
3.430000000002814, -1.045211711897836 
3.440000000002835, -1.0423189820598369 
3.450000000002856, -1.0398976595466622 
3.460000000002877, -1.0382181932340333 
3.4700000000028983, -1.0373543423739915 
3.4800000000029194, -1.0370922663286228 
3.4900000000029405, -1.0370457907623196 
3.5000000000029616, -1.0368294204976274 
3.5100000000029827, -1.0361348334586924 
3.520000000003004, -1.034737453683762 
3.530000000003025, -1.0325218192875245 
3.540000000003046, -1.029532877273113 
3.550000000003067, -1.0259724049016035 
3.5600000000030882, -1.0220980767974397 
3.5700000000031094, -1.0181040063618307 
3.5800000000031305, -1.0140745347330564 
3.5900000000031516, -1.0100118903286712 
3.6000000000031727, -1.0058884639635077 
3.6100000000031938, -1.0016878510043128 
3.620000000003215, -0.9974284454034279 
3.630000000003236, -0.9931864979896552 
3.640000000003257, -0.9891330386762801 
3.650000000003278, -0.9855561766360201 
3.6600000000032993, -0.9827944027997967 
3.6700000000033204, -0.9810550200346568 
3.6800000000033415, -0.9802510819177608 
3.6900000000033626, -0.9800318544347952 
3.7000000000033837, -0.9799653906587386 
3.710000000003405, -0.979681285044691 
3.720000000003426, -0.9789031308826519 
3.730000000003447, -0.9774448510558255 
3.740000000003468, -0.9752409486949969 
3.750000000003489, -0.9723884971777996 
3.7600000000035103, -0.9691191665468792 
3.7700000000035314, -0.9656868380361651 
3.7800000000035525, -0.9622621846390714 
3.7900000000035736, -0.9589064504284224 
3.8000000000035947, -0.9556087234315143 
3.810000000003616, -0.9523393901878331 
3.820000000003637, -0.9490888341771873 
3.830000000003658, -0.9458818783718069 
3.840000000003679, -0.9427769834227092 
3.8500000000037002, -0.9398684676975041 
3.8600000000037213, -0.9372957641181546 
3.8700000000037424, -0.9352328584001635 
3.8800000000037635, -0.933825277015776 
3.8900000000037847, -0.933094857988331 
3.9000000000038058, -0.9328942424401753 
3.910000000003827, -0.9329604396817865 
3.920000000003848, -0.9330156956723725 
3.930000000003869, -0.932839547850134 
3.94000000000389, -0.932299832495796 
3.9500000000039113, -0.9313678585473595 
3.9600000000039324, -0.9301178339193761 
3.9700000000039535, -0.9286882097184515 
3.9800000000039746, -0.9272127387056223 
3.9900000000039957, -0.9257654070988188 
4.000000000004016, -0.9243487082210328 
4.010000000003993, -0.9229197152235737 
4.02000000000397, -0.9214338000042689 
4.030000000003946, -0.9198844168455522 
4.040000000003923, -0.9183207544698787 
4.0500000000039, -0.9168360632869748 
4.0600000000038765, -0.915534585582962 
4.070000000003853, -0.9144985505769816 
4.08000000000383, -0.9137773583228188 
4.090000000003807, -0.9133985011970737 
4.100000000003783, -0.9133746843699091 
4.11000000000376, -0.9136887287869009 
4.120000000003737, -0.9142717113061126 
4.130000000003713, -0.9150059068091227 
4.14000000000369, -0.9157603206502619 
4.150000000003667, -0.9164361246555208 
4.1600000000036434, -0.9169962814879966 
4.17000000000362, -0.9174667596835301 
4.180000000003597, -0.9179086100225631 
4.1900000000035735, -0.9183730070117926 
4.20000000000355, -0.9188605960150171 
4.210000000003527, -0.9193048153635335 
4.220000000003504, -0.9195917605283851 
4.23000000000348, -0.9196133970912037 
4.240000000003457, -0.9193253243267359 
4.250000000003434, -0.9187768623661665 
4.26000000000341, -0.9181103172107697 
4.270000000003387, -0.9175405322887438 
4.280000000003364, -0.9173087455570348 
4.2900000000033405, -0.9176055956875547 
4.300000000003317, -0.9185007027927858 
4.310000000003294, -0.9199363615516264 
4.320000000003271, -0.9217869194364237 
4.330000000003247, -0.9239246484668421 
4.340000000003224, -0.9262480892074108 
4.350000000003201, -0.9286816232844413 
4.360000000003177, -0.9311747745280108 
4.370000000003154, -0.9337101038142201 
4.380000000003131, -0.9363057241413142 
4.390000000003107, -0.9389962373034928 
4.400000000003084, -0.9417892062178501 
4.410000000003061, -0.9446108430365985 
4.4200000000030375, -0.947274339877195 
4.430000000003014, -0.9495174778769202 
4.440000000002991, -0.9511154474152368 
4.450000000002968, -0.9519866331027268 
4.460000000002944, -0.9522085263820598 
4.470000000002921, -0.9519731117709058 
4.480000000002898, -0.9515630063459604 
4.490000000002874, -0.9513626856537405 
4.500000000002851, -0.9518314686408917 
4.510000000002828, -0.9533606513303884 
4.520000000002804, -0.956076427822764 
4.530000000002781, -0.9597837837044688 
4.540000000002758, -0.964119237980586 
4.5500000000027345, -0.9687509785938883 
4.560000000002711, -0.9734733435064425 
4.570000000002688, -0.9781990408634582 
4.580000000002665, -0.9829192154479477 
4.590000000002641, -0.9876672719356995 
4.600000000002618, -0.9924790815873452 
4.610000000002595, -0.9973337784234035 
4.620000000002571, -1.0020830182832516 
4.630000000002548, -1.0064211926767883 
4.640000000002525, -1.0099712049644363 
4.6500000000025015, -1.0124694562857781 
4.660000000002478, -1.0138909347909297 
4.670000000002455, -1.0144122105524418 
4.6800000000024315, -1.0143096425381333 
4.690000000002408, -1.0139242245062274 
4.700000000002385, -1.0136986025398784 
4.710000000002362, -1.0141700911109326 
4.720000000002338, -1.0157923058366933 
4.730000000002315, -1.018667893077042 
4.740000000002292, -1.0224935923286682 
4.750000000002268, -1.0267998828528957 
4.760000000002245, -1.031211869033756 
4.770000000002222, -1.0355307930889686 
4.7800000000021985, -1.0396878498190334 
4.790000000002175, -1.0436825569102741 
4.800000000002152, -1.0475446880447623 
4.810000000002129, -1.0513019147861704 
4.820000000002105, -1.0549347089317898 
4.830000000002082, -1.0583297102693048 
4.840000000002059, -1.061273910845638 
4.850000000002035, -1.0635293849087053 
4.860000000002012, -1.0649556332221377 
4.870000000001989, -1.0655775406271653 
4.880000000001965, -1.0655604992979413 
4.890000000001942, -1.065163340795849 
4.900000000001919, -1.064723149768258 
4.9100000000018955, -1.0646230778973598 
4.920000000001872, -1.0651655283384023 
4.930000000001849, -1.0664137480843316 
4.940000000001826, -1.0681872277658144 
4.950000000001802, -1.0702272274251288 
4.960000000001779, -1.0723419169141057 
4.970000000001756, -1.0744241916101864 
4.980000000001732, -1.0764047070638443 
4.990000000001709, -1.0782269242256626 
5.000000000001686, -1.0798581963286629 
5.0100000000016625, -1.0813012903816088 
5.020000000001639, -1.0825801036397222 
5.030000000001616, -1.0837042751602755 
5.0400000000015925, -1.084636892084628 
5.050000000001569, -1.0852916061394116 
5.060000000001546, -1.085570229366107 
5.070000000001523, -1.0854210595723517 
5.080000000001499, -1.0848799171947754 
5.090000000001476, -1.0840761451187446 
5.100000000001453, -1.0832070350641323 
5.110000000001429, -1.0824763794268843 
5.120000000001406, -1.082011273457401 
5.130000000001383, -1.0818264669090545 
5.1400000000013595, -1.0818788895464029 
5.150000000001336, -1.0821415296039978 
5.160000000001313, -1.08260392892397 
5.17000000000129, -1.0832117808943218 
5.180000000001266, -1.0838361589657721 
5.190000000001243, -1.0843140048375 
5.20000000000122, -1.084514461828166 
5.210000000001196, -1.0843804393564915 
5.220000000001173, -1.083932513334943 
5.23000000000115, -1.08323844237964 
5.240000000001126, -1.0823640448620542 
5.250000000001103, -1.0813353351583774 
5.26000000000108, -1.0801340680749816 
5.2700000000010565, -1.078725466805634 
5.280000000001033, -1.0770980306031737 
5.29000000000101, -1.0752888222380539 
5.300000000000987, -1.0733765442462833 
5.310000000000963, -1.0714489426695857 
5.32000000000094, -1.0695810767900613 
5.330000000000917, -1.0678588523071337 
5.340000000000893, -1.0664202212648755 
5.35000000000087, -1.06543070047075 
5.360000000000847, -1.0649652900148834 
5.3700000000008234, -1.0649071336991411 
5.3800000000008, -1.0649836042874736 
5.390000000000777, -1.0648895588434932 
5.4000000000007535, -1.0643749782869423 
5.41000000000073, -1.0632789842621917 
5.420000000000707, -1.0615547828671494 
5.430000000000684, -1.0592819583852222 
5.44000000000066, -1.056624638360747 
5.450000000000637, -1.053745120709053 
5.460000000000614, -1.0507385635749844 
5.47000000000059, -1.0476264571611602 
5.480000000000567, -1.0443910607854199 
5.490000000000544, -1.0410153913268918 
5.5000000000005205, -1.0375060177956508 
5.510000000000497, -1.0339011633016182 
5.520000000000474, -1.0302893756625155 
5.5300000000004506, -1.0268525660864756 
5.540000000000427, -1.0238876301608435 
5.550000000000404, -1.021716372877817 
5.560000000000381, -1.0204820335597768 
5.570000000000357, -1.0200150523888978 
5.580000000000334, -1.019922556541127 
5.590000000000311, -1.019783088220257 
5.600000000000287, -1.019252776049074 
5.610000000000264, -1.0180728560714978 
5.620000000000241, -1.016078056202725 
5.6300000000002175, -1.0132497052405882 
5.640000000000194, -1.0097488686143712 
5.650000000000171, -1.005846896691297 
5.660000000000148, -1.0017907668768322 
5.670000000000124, -0.9977177243348467 
5.680000000000101, -0.9936596781301347 
5.690000000000078, -0.9895945991355761 
5.700000000000054, -0.9854970469736293 
5.710000000000031, -0.9813685672841578 
5.720000000000008, -0.9772551408133839 
5.729999999999984, -0.9732704830601152 
5.739999999999961, -0.9696238576026021 
5.749999999999938, -0.9666056449063747 
5.7599999999999145, -0.9644756536080541 
5.769999999999891, -0.9632947958921878 
5.779999999999868, -0.9628539308737123 
5.789999999999845, -0.9627774697569988 
5.799999999999821, -0.9626845833735882 
5.809999999999798, -0.9622740828755287 
5.819999999999775, -0.9613371370246455 
5.829999999999751, -0.9597689942198852 
5.839999999999728, -0.957600853880677 
5.849999999999705, -0.954999178105447 
5.8599999999996815, -0.9521896119633853 
5.869999999999658, -0.9493535051600113 
5.879999999999635, -0.9465758688461353 
5.8899999999996115, -0.9438601038936545 
5.899999999999588, -0.9411750818572813 
5.909999999999565, -0.9385004794500471 
5.919999999999542, -0.9358511076819738 
5.929999999999518, -0.9332763219874984 
5.939999999999495, -0.930847181341995 
5.949999999999472, -0.9286507341381945 
5.959999999999448, -0.9267946613215601 
5.969999999999425, -0.9253982400488594 
5.979999999999402, -0.9245451642292151 
5.9899999999993785, -0.924218122234647 
5.999999999999355, -0.924275206810376 
6.009999999999332, -0.9244969166188793 
6.019999999999309, -0.924663940828875 
6.029999999999285, -0.9246152411422252 
6.039999999999262, -0.9242766984817591 
6.049999999999239, -0.9236678124455121 
6.059999999999215, -0.9228801714656086 
6.069999999999192, -0.9220257764218788 
6.079999999999169, -0.921180983824954 
6.089999999999145, -0.9203576770728799 
6.099999999999122, -0.9195113080530259 
6.109999999999099, -0.918577058761968 
6.1199999999990755, -0.9175161662276553 
6.129999999999052, -0.9163500515813416 
6.139999999999029, -0.9151669501307789 
6.149999999999006, -0.9140988165003815 
6.159999999998982, -0.9132770473984596 
6.169999999998959, -0.912789160232436 
6.179999999998936, -0.9126642169156953 
6.189999999998912, -0.9128910073683516 
6.199999999998889, -0.9134407346378467 
6.209999999998866, -0.9142687252833447 
6.2199999999988425, -0.9153031320897325 
6.229999999998819, -0.9164475112554186 
6.239999999998796, -0.9176073037006255 
6.2499999999987725, -0.9187236942232129 
6.259999999998749, -0.9197915721520351 
6.269999999998726, -0.9208492362880134 
6.279999999998703, -0.9219429272094943 
6.289999999998679, -0.9230817957041566 
6.299999999998656, -0.9242044050441709 
6.309999999998633, -0.9251791186259937 
6.319999999998609, -0.9258516831067691 
6.329999999998586, -0.9261189464973038 
6.339999999998563, -0.9259794497542926 
6.3499999999985395, -0.9255402263257393 
6.359999999998516, -0.9250036504895626 
6.369999999998493, -0.9246478315785518 
6.37999999999847, -0.9247744108722177 
6.389999999998446, -0.9256077052946882 
6.399999999998423, -0.9272019642520662 
6.4099999999984, -0.9294420521476615 
6.419999999998376, -0.9321347282973548 
6.429999999998353, -0.9351028370375406 
6.43999999999833, -0.9382239872419639 
6.449999999998306, -0.9414274947743853 
6.459999999998283, -0.9446850502225113 
6.46999999999826, -0.9480060105941556 
6.4799999999982365, -0.9514240404712874 
6.489999999998213, -0.9549608190083647 
6.49999999999819, -0.9585679068052724 
6.509999999998167, -0.9620726678569781 
6.519999999998143, -0.9651837640420193 
6.52999999999812, -0.9675984590941795 
6.539999999998097, -0.9691508697179969 
6.549999999998073, -0.9698716304964389 
6.55999999999805, -0.9699373888760103 
6.569999999998027, -0.9696124681592482 
6.5799999999980034, -0.96925218850136 
6.58999999999798, -0.9693256328360448 
6.599999999997957, -0.9703424908424756 
6.6099999999979335, -0.9726351285381398 
6.61999999999791, -0.9761640856725661 
6.629999999997887, -0.9805714612819603 
6.639999999997864, -0.9854252710961452 
6.64999999999784, -0.9904111374813885 
6.659999999997817, -0.9953721730888851 
6.669999999997794, -1.0002653525870389 
6.67999999999777, -1.0051106898139974 
6.689999999997747, -1.0099491107165588 
6.699999999997724, -1.0147916919695081 
6.7099999999977005, -1.019553082634268 
6.719999999997677, -1.0240004024837652 
6.729999999997654, -1.0277875850535014 
6.7399999999976306, -1.0306068773887191 
6.749999999997607, -1.0323493567244275 
6.759999999997584, -1.0331281719930812 
6.769999999997561, -1.0331893937747507 
6.779999999997537, -1.0328480316329196 
6.789999999997514, -1.0325022703265494 
6.799999999997491, -1.0326430279188803 
6.809999999997467, -1.03372510076665 
6.819999999997444, -1.0359202159734753 
6.829999999997421, -1.0390147027544594 
6.8399999999973975, -1.0425953992907333 
6.849999999997374, -1.0463050172456183 
6.859999999997351, -1.0499416695300836 
6.869999999997328, -1.0534230044401136 
6.879999999997304, -1.0567285440479144 
6.889999999997281, -1.0598700182231766 
6.899999999997258, -1.0628733396239567 
6.909999999997234, -1.0657475996822057 
6.919999999997211, -1.0684427209107241 
6.929999999997188, -1.070824771634926 
6.939999999997164, -1.0727065579448452 
6.949999999997141, -1.0739354128158276 
6.959999999997118, -1.0744755271441389 
6.9699999999970945, -1.074424770545451 
6.979999999997071, -1.0739870331038714 
6.989999999997048, -1.0734474347577252 
6.999999999997025, -1.0731316115534613 
7.009999999997001, -1.0732979659437631 
7.019999999996978, -1.074013489156085 
7.029999999996955, -1.0751538785359838 
7.039999999996931, -1.0765351214007695 
7.049999999996908, -1.0780230214326691 
7.059999999996885, -1.0795356169619819 
7.0699999999968615, -1.0809969255440826 
7.079999999996838, -1.082322783385029 
7.089999999996815, -1.083447796510536 
7.0999999999967915, -1.0843521614453202 
7.109999999996768, -1.0850582787476002 
7.119999999996745, -1.0855987425572011 
7.129999999996722, -1.0859778737795582 
7.139999999996698, -1.0861530595638942 
7.149999999996675, -1.086051362236673 
7.159999999996652, -1.0856148139124069 
7.169999999996628, -1.0848465933308726 
7.179999999996605, -1.0838312361047149 
7.189999999996582, -1.0827187872559292 
7.1999999999965585, -1.0816724440997336 
7.209999999996535, -1.0808020914539165 
7.219999999996512, -1.0801420349305575 
7.229999999996489, -1.0796991166508962 
7.239999999996465, -1.0795044126873918 
7.249999999996442, -1.0795890385295845 
7.259999999996419, -1.0799067776593463 
7.269999999996395, -1.0803041748957398 
7.279999999996372, -1.0805765299516865 
7.289999999996349, -1.0805479987286062 
7.299999999996325, -1.0801212735583405 
7.309999999996302, -1.0792928242920579 
7.319999999996279, -1.0781347823868712 
7.3299999999962555, -1.0767450355051733 
7.339999999996232, -1.0751929449029032 
7.349999999996209, -1.073495419242724 
7.359999999996186, -1.0716320682272138 
7.369999999996162, -1.069582093919909 
7.379999999996139, -1.0673560167902085 
7.389999999996116, -1.0650015466762093 
7.399999999996092, -1.062585623364771 
7.409999999996069, -1.0601837198066753 
7.419999999996046, -1.0579067616849112 
7.4299999999960225, -1.0559392108679027 
7.439999999995999, -1.0545040263772814 
7.449999999995976, -1.0537211913173445 
7.4599999999959525, -1.053481533516564 
7.469999999995929, -1.0534829250034707 
7.479999999995906, -1.0533760020832352 
7.489999999995883, -1.0528658825594748 
7.499999999995859, -1.0517417192237493 
7.509999999995836, -1.049899843961585 
7.519999999995813, -1.0473781275940435 
7.529999999995789, -1.0443445728711889 
7.539999999995766, -1.0410105807294585 
7.549999999995743, -1.0375327416108515 
7.5599999999957195, -1.0339756152331925 
7.569999999995696, -1.0303362932698295 
7.579999999995673, -1.0265903474514653 
7.58999999999565, -1.0227270391133954 
7.599999999995626, -1.0187673107352821 
7.609999999995603, -1.0147829726884132 
7.61999999999558, -1.0109357616435921 
7.629999999995556, -1.0075091373667815 
7.639999999995533, -1.004850118573807 
7.64999999999551, -1.0031823485983717 
7.659999999995486, -1.0024274910144622 
7.669999999995463, -1.002230989493381 
7.67999999999544, -1.002153176738371 
7.6899999999954165, -1.0018166165723579 
7.699999999995393, -1.0009354135829462 
7.70999999999537, -0.9993101366430279 
7.719999999995347, -0.9968642229197788 
7.729999999995323, -0.9936952261931932 
7.7399999999953, -0.9900482827180548 
7.749999999995277, -0.9861948246550993 
7.759999999995253, -0.9823182927586703 
7.76999999999523, -0.9784863164069207 
7.779999999995207, -0.9746906309347125 
7.789999999995183, -0.9709022947098838 
7.79999999999516, -0.9671105003080603 
7.809999999995137, -0.9633397826478725 
7.8199999999951135, -0.9596598275927695 
7.82999999999509, -0.9562031270122372 
7.839999999995067, -0.9531771786958843 
7.849999999995044, -0.9508241499770154 
7.85999999999502, -0.9493039611940276 
7.869999999994997, -0.9485734553417435 
7.879999999994974, -0.9483810430756968 
7.88999999999495, -0.948382391613214 
7.899999999994927, -0.9482613796315498 
7.909999999994904, -0.9477835463995461 
7.9199999999948805, -0.9468105896202674 
7.929999999994857, -0.945318767978371 
7.939999999994834, -0.9434076400599188 
7.9499999999948106, -0.9412567669482785 
7.959999999994787, -0.9390394899742234 
7.969999999994764, -0.9368564991542538 
7.979999999994741, -0.9347262862234091 
7.989999999994717, -0.9326183603372014 
7.999999999994694, -0.9304995641047258 
8.00999999999467, -0.9283698603139143 
8.019999999994647, -0.9262732081609414 
8.029999999994624, -0.9242832924684221 
8.0399999999946, -0.9224800775208146 
8.049999999994577, -0.9209382607519693 
8.059999999994554, -0.9197315137074391 
8.06999999999453, -0.9189303802079717 
8.079999999994508, -0.9185720708463576 
8.089999999994484, -0.9186171520181968 
8.099999999994461, -0.9189373223264802 
8.109999999994438, -0.9193540339571473 
8.119999999994414, -0.9196998706177902 
8.129999999994391, -0.9198664773246984 
8.139999999994368, -0.9198263595581999 
8.149999999994344, -0.9196264261094947 
8.159999999994321, -0.9193523321119196 
8.169999999994298, -0.919077329401268 
8.179999999994275, -0.9188222025505638 
8.189999999994251, -0.9185449936741534 
8.199999999994228, -0.9181641877007044 
8.209999999994205, -0.917605688831799 
8.219999999994181, -0.9168501486471635 
8.229999999994158, -0.9159574054513403 
8.239999999994135, -0.915061355068239 
8.249999999994111, -0.9143375263248259 
8.259999999994088, -0.9139479166183904 
8.269999999994065, -0.9139856826783955 
8.279999999994041, -0.9144569845072275 
8.289999999994018, -0.9153094316462835 
8.299999999993995, -0.9164724299737881 
8.309999999993972, -0.917874316571929 
8.319999999993948, -0.9194390099564625 
8.329999999993925, -0.9210877310110822 
8.339999999993902, -0.9227575574351384 
8.349999999993878, -0.924423604155004 
8.359999999993855, -0.9261040498206112 
8.369999999993832, -0.9278382450066479 
8.379999999993808, -0.9296440394050982 
8.389999999993785, -0.9314720535555304 
8.399999999993762, -0.9331837569140167 
8.409999999993738, -0.9345832735247637 
8.419999999993715, -0.9355019254218435 
8.429999999993692, -0.9358780070878632 
8.439999999993669, -0.9357775977521039 
8.449999999993645, -0.9353746382658681 
8.459999999993622, -0.9349368647296006 
8.469999999993599, -0.9348126172164497 
8.479999999993575, -0.9353636551930442 
8.489999999993552, -0.9368281469633128 
8.499999999993529, -0.9392102276661923 
8.509999999993505, -0.9423093453590893 
8.519999999993482, -0.945857969255164 
8.529999999993459, -0.9496393572305941 
8.539999999993436, -0.9535239950900415 
8.549999999993412, -0.9574556158087196 
8.559999999993389, -0.9614304274947398 
8.569999999993366, -0.9654786875295395 
8.579999999993342, -0.9696337379525841 
8.589999999993319, -0.9738771615508777 
8.599999999993296, -0.9780720958794837 
8.609999999993272, -0.9819345944601329 
8.619999999993249, -0.9851108252017106 
8.629999999993226, -0.9873458388391002 
8.639999999993202, -0.9886014732958927 
8.64999999999318, -0.9890296000558164 
8.659999999993156, -0.9888848544845757 
8.669999999993133, -0.9884950910497178 
8.67999999999311, -0.9882958582953947 
8.689999999993086, -0.9888227399026445 
8.699999999993063, -0.9905421608996636 
8.70999999999304, -0.9935891521113982 
8.719999999993016, -0.9976915080798646 
8.729999999992993, -1.0023829095094576 
8.73999999999297, -1.0072661266416292 
8.749999999992946, -1.012116899046159 
8.759999999992923, -1.0168534807590237 
8.7699999999929, -1.0214758037152716 
8.779999999992876, -1.0260196634123178 
8.789999999992853, -1.030514756151953 
8.79999999999283, -1.0349293698918598 
8.809999999992806, -1.0391137790240579 
8.819999999992783, -1.0427940049827216 
8.82999999999276, -1.0456682807681699 
8.839999999992736, -1.0475626137100489 
8.849999999992713, -1.0485089652100648 
8.85999999999269, -1.0486985798151558 
8.869999999992666, -1.048410733043974 
8.879999999992643, -1.0480008243992047 
8.88999999999262, -1.0479056296054938 
8.899999999992596, -1.0485475466780179 
8.909999999992573, -1.05012499054981 
8.91999999999255, -1.0524986054375791 
8.929999999992527, -1.055329666035408 
8.939999999992503, -1.0583067677600635 
8.94999999999248, -1.0612452132519323 
8.959999999992457, -1.0640582649060988 
8.969999999992433, -1.0667062439862283 
8.97999999999241, -1.069177488184166 
8.989999999992387, -1.071485046466377 
8.999999999992363, -1.0736492448306822 
9.00999999999234, -1.0756616461991497 
9.019999999992317, -1.0774518433291962 
9.029999999992294, -1.0788889281490963 
9.03999999999227, -1.0798341983890234 
9.049999999992247, -1.0802165369745915 
9.059999999992224, -1.0800758556118122 
9.0699999999922, -1.0795602268497022 
9.079999999992177, -1.0789028406219385 
9.089999999992154, -1.078377014134033 
9.09999999999213, -1.0782029042864993 
9.109999999992107, -1.0784501259740145 
9.119999999992084, -1.0790419874717299 
9.12999999999206, -1.0798599869045657 
9.139999999992037, -1.080822988879231 
9.149999999992014, -1.081873580083521 
9.15999999999199, -1.082929377216974 
9.169999999991967, -1.0838776340675287 
9.179999999991944, -1.0846168927743662 
9.18999999999192, -1.0850981485602351 
9.199999999991897, -1.0853330509248793 
9.209999999991874, -1.0853675264552287 
9.21999999999185, -1.0852391393061978 
9.229999999991827, -1.0849453871758055 
9.239999999991804, -1.084443017978973 
9.24999999999178, -1.0836794688365945 
9.259999999991757, -1.0826373237196023 
9.269999999991734, -1.0813640563271616 
9.27999999999171, -1.0799679781178815 
9.289999999991688, -1.078577973961645 
9.299999999991664, -1.0772915527664069 
9.309999999991641, -1.0761616822754685 
9.319999999991618, -1.075239764476449 
9.329999999991594, -1.0746112407109583 
9.339999999991571, -1.0743500455408368 
9.349999999991548, -1.0744217785826957 
9.359999999991524, -1.0746509167133378 
9.369999999991501, -1.0747917452326967 
9.379999999991478, -1.0746222805458625 
9.389999999991455, -1.0739988971457166 
9.399999999991431, -1.0728801959533552 
9.409999999991408, -1.0713264604433497 
9.419999999991385, -1.0694589836547395 
9.429999999991361, -1.0673925840868916 
9.439999999991338, -1.0651876345214795 
9.449999999991315, -1.062848035882554 
9.459999999991291, -1.060352956949525 
9.469999999991268, -1.057693698752059 
9.479999999991245, -1.0548917580013826 
9.489999999991221, -1.0519946142960648 
9.499999999991198, -1.0490738003031344 
9.509999999991175, -1.0462537940912096 
9.519999999991152, -1.043751012902796 
9.529999999991128, -1.0418395960106235 
9.539999999991105, -1.0406965862002187 
9.549999999991082, -1.0402443275946682 
9.559999999991058, -1.0401688693069866 
9.569999999991035, -1.0400827067990572 
9.579999999991012, -1.0396499149856613 
9.589999999990988, -1.0386168559501214 
9.599999999990965, -1.0368247593876727 
9.609999999990942, -1.0342528777112021 
9.619999999990918, -1.031042443753716 
9.629999999990895, -1.0274321316523876 
9.639999999990872, -1.0236384749496332 
9.649999999990849, -1.01978035603575 
9.659999999990825, -1.0158830761969868 
9.669999999990802, -1.0119250080597195 
9.679999999990779, -1.007883558210458 
9.689999999990755, -1.00376272743607 
9.699999999990732, -0.9996116370602172 
9.709999999990709, -0.9955549194123732 
9.719999999990685, -0.9918292551801393 
9.729999999990662, -0.9887650130451796 
9.739999999990639, -0.9866479015198119 
9.749999999990616, -0.9855228908739292 
9.759999999990592, -0.9851325384572117 
9.769999999990569, -0.9850574113466989 
9.779999999990546, -0.9848943685631033 
9.789999999990522, -0.98433004759735 
9.799999999990499, -0.9831404396032258 
9.809999999990476, -0.9812053143125465 
9.819999999990452, -0.9785550520765515 
9.829999999990429, -0.9753787401648817 
9.839999999990406, -0.9719376364198273 
9.849999999990382, -0.9684434620126077 
9.85999999999036, -0.9649985944169301 
9.869999999990336, -0.9616143291008136 
9.879999999990313, -0.9582631024183778 
9.88999999999029, -0.9549249419197021 
9.899999999990266, -0.951611028696256 
9.909999999990243, -0.9483675673847343 
9.91999999999022, -0.9452773202836646 
9.929999999990196, -0.9424700274586808 
9.939999999990173, -0.9401229886224236 
9.94999999999015, -0.9384128928188936 
9.959999999990126, -0.9374170128727769 
9.969999999990103, -0.9370377020931295 
9.97999999999008, -0.937027924585785 
9.989999999990056, -0.9370929714436519 
9.999999999990033, -0.9369797416683607 
10.00999999999001, -0.9365176605478963 
10.019999999989986, -0.9356364938045412 
10.029999999989963, -0.9343756385797579 
10.03999999998994, -0.93286238043778 
10.049999999989916, -0.9312481998095878 
10.059999999989893, -0.9296401922800583 
10.06999999998987, -0.9280710977436414 
10.079999999989846, -0.9265140310099337 
10.089999999989823, -0.9249228214152778 
10.0999999999898, -0.9232753418860659 
10.109999999989776, -0.9215998342360028 
10.119999999989753, -0.9199729171417536 
10.12999999998973, -0.9184928519811555 
10.139999999989707, -0.9172467260083316 
10.149999999989683, -0.9162948416071088 
10.15999999998966, -0.9156776369238433 
10.169999999989637, -0.9154231377755213 
10.179999999989613, -0.9155322113484938 
10.18999999998959, -0.915951257691596 
10.199999999989567, -0.9165664415886455 
10.209999999989543, -0.9172353809153467 
10.21999999998952, -0.9178363423141885 
10.229999999989497, -0.9183060483597467 
10.239999999989474, -0.9186508800011275 
10.24999999998945, -0.9189277633712036 
10.259999999989427, -0.9192020306562207 
10.269999999989404, -0.9195021668981245 
10.27999999998938, -0.9197932061565703 
10.289999999989357, -0.9199829027206243 
10.299999999989334, -0.9199630643247609 
10.30999999998931, -0.9196671308614743 
10.319999999989287, -0.9191112337306544 
10.329999999989264, -0.9184037275738746 
10.33999999998924, -0.9177301982188805 
10.349999999989217, -0.9173145050118892 
10.359999999989194, -0.9173510664500011 
10.36999999998917, -0.9179345947162799 
10.379999999989147, -0.9190400415086367 
10.389999999989124, -0.9205669011155964 
10.3999999999891, -0.9224005356021857 
10.409999999989077, -0.9244432174933588 
10.419999999989054, -0.9266155008059869 
10.42999999998903, -0.9288554483608751 
10.439999999989007, -0.9311289453731211 
10.449999999988984, -0.9334394475597245 
10.45999999998896, -0.9358188894961591 
10.469999999988937, -0.9382930814310939 
10.479999999988914, -0.9408307307021977 
10.48999999998889, -0.943300860593828 
10.499999999988868, -0.9454792662971858 
10.509999999988844, -0.9471305714439117 
10.519999999988821, -0.9481202398066715 
10.529999999988798, -0.9484663179939709 
10.539999999988774, -0.948315155924657 
10.549999999988751, -0.9479090959770659 
10.559999999988728, -0.9475866890464568 
10.569999999988704, -0.947770694401956 
10.579999999988681, -0.9488641522556532 
10.589999999988658, -0.9510682035459954 
10.599999999988635, -0.9542816738301942 
10.609999999988611, -0.9581963234743391 
10.619999999988588, -0.9624853373828062 
10.629999999988565, -0.9669218537095009 
10.639999999988541, -0.9713931717979196 
10.649999999988518, -0.9758692038664067 
10.659999999988495, -0.9803703849172299 
10.669999999988471, -0.9849358900332652 
10.679999999988448, -0.9895751657039973 
10.689999999988425, -0.9941998577176546 
10.699999999988401, -0.9985700270275515 
10.709999999988378, -1.0023269565614787 
10.719999999988355, -1.0051468357201625 
10.729999999988332, -1.006906092688554 
10.739999999988308, -1.0077074975163882 
10.749999999988285, -1.0077898970762498 
10.759999999988262, -1.0074617214627155 
10.769999999988238, -1.0071178646971555 
10.779999999988215, -1.007266043544344 
10.789999999988192, -1.0084220580627277 
10.799999999988168, -1.0108511040084467 
10.809999999988145, -1.0143985556612045 
10.819999999988122, -1.0186285218504265 
10.829999999988098, -1.0231092686662597 
10.839999999988075, -1.0275714032935654 
10.849999999988052, -1.0319006545876985 
10.859999999988029, -1.0360748737724896 
10.869999999988005, -1.0401164987162121 
10.879999999987982, -1.044059415277935 
10.889999999987959, -1.0479073905698741 
10.899999999987935, -1.0515822796500847 
10.909999999987912, -1.0548947840830103 
10.919999999987889, -1.0575885746981253 
10.929999999987865, -1.0594609933202612 
10.939999999987842, -1.0604684807671236 
10.949999999987819, -1.0607318308148597 
10.959999999987796, -1.060481484726473 
10.969999999987772, -1.0600283004456161 
10.979999999987749, -1.059755510357732 
10.989999999987726, -1.0600412855757897 
10.999999999987702, -1.0610865204244244 
11.009999999987679, -1.062808569966585 
11.019999999987656, -1.0649438888279488 
11.029999999987632, -1.0672384992605686 
11.039999999987609, -1.0695361137574013 
11.049999999987586, -1.0717519960760618 
11.059999999987562, -1.0738286101937473 
11.06999999998754, -1.075727694341313 
11.079999999987516, -1.0774417141053814 
11.089999999987493, -1.0789897536572433 
11.09999999998747, -1.0803883420111626 
11.109999999987446, -1.08161457182093 
11.119999999987423, -1.0825894735603239 
11.1299999999874, -1.0832025084587333 
11.139999999987376, -1.0833700068717858 
11.149999999987353, -1.0830891182345888 
11.15999999998733, -1.0824566597466592 
11.169999999987306, -1.0816556964290807 
11.179999999987283, -1.0809123199412274 
11.18999999998726, -1.0804147522651317 
11.199999999987236, -1.0802359075202288 
11.209999999987213, -1.0803398810409521 
11.21999999998719, -1.0806653313430887 
11.229999999987166, -1.0811800601002295 
11.239999999987143, -1.0818512858699874 
11.24999999998712, -1.0825913184995766 
11.259999999987096, -1.0832587289393782 
11.269999999987073, -1.0837135408742298 
11.27999999998705, -1.0838713002628477 
11.289999999987026, -1.0837230904798776 
11.299999999987003, -1.0833182862510589 
11.30999999998698, -1.082721259444355 
11.319999999986956, -1.0819677427074168 
11.329999999986933, -1.0810475769935377 
11.33999999998691, -1.079922199231127 
11.349999999986887, -1.0785638248255445 
11.359999999986863, -1.0769907033101291 
11.36999999998684, -1.0752748241422923 
11.379999999986817, -1.0735152540226398 
11.389999999986793, -1.0717992312542728 
11.39999999998677, -1.0701955514534045 
11.409999999986747, -1.068794148248624 
11.419999999986723, -1.0677315476649718 
11.4299999999867, -1.067128176798558 
11.439999999986677, -1.066969565647041 
11.449999999986654, -1.0670644642515783 
11.45999999998663, -1.0671287530421378 
11.469999999986607, -1.066895272946976 
11.479999999986584, -1.0661720033465667 
11.48999999998656, -1.064868859767673 
11.499999999986537, -1.0630149389263666 
11.509999999986514, -1.0607386807355192 
11.51999999998649, -1.0581973618859872 
11.529999999986467, -1.0555029206132718 
11.539999999986444, -1.0526952991508978 
11.54999999998642, -1.0497645301560994 
11.559999999986397, -1.046691000488401 
11.569999999986374, -1.0434748429502085 
11.57999999998635, -1.0401445328064314 
11.589999999986327, -1.0367617820211308 
11.599999999986304, -1.033450150367962 
11.60999999998628, -1.0304367704688224 
11.619999999986257, -1.0280310220258775 
11.629999999986234, -1.0264740488126063 
11.63999999998621, -1.0257501787755632 
11.649999999986187, -1.02556363023281 
11.659999999986164, -1.025501266398663 
11.66999999998614, -1.0251891232870152 
11.679999999986117, -1.0243380895393572 
11.689999999986094, -1.0227449792038936 
11.69999999998607, -1.0203277101829495 
11.709999999986048, -1.0171742435813458 
11.719999999986024, -1.0135168582157847 
11.729999999986001, -1.0096149560077563 
11.739999999985978, -1.0056442598076716 
11.749999999985954, -1.0016693846024929 
11.759999999985931, -0.9976821562888055 
11.769999999985908, -0.9936546981195533 
11.779999999985884, -0.9895768217282601 
11.789999999985861, -0.9854757299642746 
11.799999999985838, -0.9814357454702082 
11.809999999985815, -0.9776293554702509 
11.819999999985791, -0.9743290415157262 
11.829999999985768, -0.9718342668732898 
11.839999999985745, -0.9703044454321409 
11.849999999985721, -0.9696270948597719 
11.859999999985698, -0.9694622376329246 
11.869999999985675, -0.9694083683285148 
11.879999999985651, -0.9691254059730694 
11.889999999985628, -0.9683648608337242 
11.899999999985605, -0.9669739038751313 
11.909999999985581, -0.9649248964855784 
11.919999999985558, -0.9623389614686813 
11.929999999985535, -0.9594386334045645 
11.939999999985512, -0.95644067842547 
11.949999999985488, -0.9534746343211923 
11.959999999985465, -0.9505740403510856 
11.969999999985442, -0.947716903194501 
11.979999999985418, -0.9448753972261061 
11.989999999985395, -0.9420493149859179 
11.999999999985372, -0.9392744156193954 
12.009999999985348, -0.9366140751195415 
12.019999999985325, -0.9341535023802248 
12.029999999985302, -0.9320050085503226 
12.039999999985278, -0.9303041753738212 
12.049999999985255, -0.9291662565414912 
12.059999999985232, -0.9286112422209545 
12.069999999985209, -0.9285200947186034 
12.079999999985185, -0.928669996297414 
12.089999999985162, -0.9288177109060237 
12.099999999985139, -0.9287686204376625 
12.109999999985115, -0.928411902179155 
12.119999999985092, -0.9277344667507921 
12.129999999985069, -0.9268120510014995 
12.139999999985045, -0.9257659124557478 
12.149999999985022, -0.9247007830051228 
12.159999999984999, -0.9236614325591083 
12.169999999984976, -0.9226279270414409 
12.179999999984952, -0.9215440298538805 
12.189999999984929, -0.9203618508592613 
12.199999999984906, -0.919081278759483 
12.209999999984882, -0.9177657184736191 
12.219999999984859, -0.916527632073806 
12.229999999984836, -0.9154904924638266 
12.239999999984812, -0.9147472433055883 
12.249999999984789, -0.9143418876410878 
12.259999999984766, -0.9142816814044229 
12.269999999984742, -0.9145559120528614 
12.27999999998472, -0.9151349327580375 
12.289999999984696, -0.9159546167334556 
12.299999999984673, -0.9169145954069915 
12.30999999998465, -0.917904467921403 
12.319999999984626, -0.9188426986525264 
12.329999999984603, -0.9197031193102647 
12.33999999998458, -0.9205139034024894 
12.349999999984556, -0.9213283655887062 
12.359999999984533, -0.922180616219704 
12.36999999998451, -0.9230466216411933 
12.379999999984486, -0.9238312773622515 
12.389999999984463, -0.9243969508932164 
12.39999999998444, -0.924626898204593 
12.409999999984416, -0.9244850908315898 
12.419999999984393, -0.9240391841081573 
12.42999999998437, -0.9234538663268866 
12.439999999984346, -0.9229716811976054 
12.449999999984323, -0.9228686748995205 
12.4599999999843, -0.923368765798181 
12.469999999984276, -0.9245555858444607 
12.479999999984253, -0.9263568766844112 
12.48999999998423, -0.9286141854444347 
12.499999999984206, -0.9311681164781831 
12.509999999984183, -0.9338993163703238 
12.51999999998416, -0.9367295476051343 
12.529999999984136, -0.9396157018594564 
12.539999999984113, -0.9425506584506742 
12.54999999998409, -0.9455593160975603 
12.559999999984067, -0.9486736875556208 
12.569999999984043, -0.9518839277945572 
12.57999999998402, -0.9550815673602686 
12.589999999983997, -0.9580364948700275 
12.599999999983973, -0.9604585205187754 
12.60999999998395, -0.9621309313546718 
12.619999999983927, -0.9630086407605203 
12.629999999983903, -0.9632088337569774 
12.63999999998388, -0.9629539540009608 
12.649999999983857, -0.9625539635379597 
12.659999999983834, -0.9624252050348471 
12.66999999998381, -0.9630539951053821 
12.679999999983787, -0.9648270995438883 
12.689999999983764, -0.9678229968657348 
12.69999999998374, -0.9717846648182427 
12.709999999983717, -0.976311106402755 
12.719999999983694, -0.981065960956254 
12.72999999998367, -0.9858562879362432 
12.739999999983647, -0.9906095771214438 
12.749999999983624, -0.9953273760897524 
12.7599999999836, -1.0000465347174514 
12.769999999983577, -1.0047962528139391 
12.779999999983554, -1.0095367734266953 
12.78999999998353, -1.0140947589632476 
12.799999999983507, -1.0181543122959154 
12.809999999983484, -1.0213660923576593 
12.81999999998346, -1.0235257680744956 
12.829999999983437, -1.0246617291653912 
12.839999999983414, -1.0249758986524053 
12.84999999998339, -1.0247554413383984 
12.859999999983367, -1.0243591407326837 
12.869999999983344, -1.0242481456369508 
12.87999999998332, -1.0249303282021658 
12.889999999983297, -1.0267409426818659 
12.899999999983274, -1.029633103047805 
12.90999999998325, -1.0332400511493218 
12.919999999983228, -1.0371417247055554 
12.929999999983204, -1.0410529329426372 
12.939999999983181, -1.0448394372836443 
12.949999999983158, -1.0484591002346033 
12.959999999983134, -1.0519158602197176 
12.969999999983111, -1.05523584999222 
12.979999999983088, -1.0584398267179478 
12.989999999983064, -1.061500652100223 
12.999999999983041, -1.0643049489576166 
13.009999999983018, -1.066659717448094 
13.019999999982995, -1.0683690227779419 
13.029999999982971, -1.0693370212382507 
13.039999999982948, -1.069613921800729 
13.049999999982925, -1.0693723732405866 
13.059999999982901, -1.0688751530114953 
13.069999999982878, -1.0684543268837468 
13.079999999982855, -1.0684429193473712 
13.089999999982831, -1.0690338670464308 
13.099999999982808, -1.070187548319902 
13.109999999982785, -1.071708527065277 
13.119999999982761, -1.0734011996227015 
13.129999999982738, -1.0751422074367376 
13.139999999982715, -1.0768529252859238 
13.149999999982692, -1.0784595801548829 
13.159999999982668, -1.0798954912638181 
13.169999999982645, -1.0811268120742255 
13.179999999982622, -1.0821618981279983 
13.189999999982598, -1.0830299126759089 
13.199999999982575, -1.0837426504562708 
13.209999999982552, -1.0842659271041295 
13.219999999982528, -1.0845230030583313 
13.229999999982505, -1.084434103420737 
13.239999999982482, -1.083969301635974 
13.249999999982458, -1.08318206312113 
13.259999999982435, -1.0822088700429495 
13.269999999982412, -1.0812332279846104 
13.279999999982389, -1.0804166397538344 
13.289999999982365, -1.0798358719231087 
13.299999999982342, -1.079490094441806 
13.309999999982319, -1.0793682693743405 
13.319999999982295, -1.0794845218734948 
13.329999999982272, -1.0798325190157074 
13.339999999982249, -1.0803220499181576 
13.349999999982225, -1.08078420629002 
13.359999999982202, -1.081039293414708 
13.369999999982179, -1.080962243241013 
13.379999999982156, -1.0805132909615354 
13.389999999982132, -1.0797331988720515 
13.399999999982109, -1.0787053117051735 
13.409999999982086, -1.0775023797658831 
13.419999999982062, -1.0761513955551425 
13.429999999982039, -1.0746355464922273 
13.439999999982016, -1.0729259210206414 
13.449999999981992, -1.0710193355427486 
13.459999999981969, -1.0689566995872428 
13.469999999981946, -1.0668103241598095 
13.479999999981922, -1.0646570467305962 
13.4899999999819, -1.0625765713330029 
13.499999999981876, -1.0606892732444562 
13.509999999981853, -1.0591776158848654 
13.51999999998183, -1.0582128282855345 
13.529999999981806, -1.0578130657546523 
13.539999999981783, -1.057783105105272 
13.54999999998176, -1.0578056993879008 
13.559999999981736, -1.0575708629853104 
13.569999999981713, -1.0568402132302759 
13.57999999998169, -1.05547070657719 
13.589999999981666, -1.0534429124168603 
13.599999999981643, -1.0508691806117383 
13.60999999998162, -1.0479365908649376 
13.619999999981596, -1.0448120814013229 
13.629999999981573, -1.0415836463220558 
13.63999999998155, -1.0382648768724647 
13.649999999981526, -1.0348350841994833 
13.659999999981503, -1.0312787013781672 
13.66999999998148, -1.0276060093033055 
13.679999999981456, -1.0238637099395718 
13.689999999981433, -1.0201605812290953 
13.69999999998141, -1.0167101553880356 
13.709999999981386, -1.013830226763786 
13.719999999981363, -1.0118188576781193 
13.72999999998134, -1.010749613570052 
13.739999999981316, -1.010386756759363 
13.749999999981293, -1.0103164814622745 
13.75999999998127, -1.010131777429896 
13.769999999981247, -1.0095111464514372 
13.779999999981223, -1.0082185999349136 
13.7899999999812, -1.006120532190435 
13.799999999981177, -1.0032395036536872 
13.809999999981153, -0.9997675739279778 
13.81999999998113, -0.995976695876496 
13.829999999981107, -0.9920894004113776 
13.839999999981083, -0.9882148946335931 
13.84999999998106, -0.984367922681934 
13.859999999981037, -0.9805224078775243 
13.869999999981014, -0.9766579230894594 
13.87999999998099, -0.9727844783893602 
13.889999999980967, -0.9689546299645422 
13.899999999980944, -0.9652813630519445 
13.90999999998092, -0.9619596455826454 
13.919999999980897, -0.959248525585485 
13.929999999980874, -0.957368133236262 
13.93999999998085, -0.9563537585180735 
13.949999999980827, -0.956000985814037 
13.959999999980804, -0.9559614571029226 
13.96999999998078, -0.955885099220238 
13.979999999980757, -0.9554970314307877 
13.989999999980734, -0.9546149011878893 
13.99999999998071, -0.9531641707011907 
14.009999999980687, -0.9512005689239353 
14.019999999980664, -0.9488921657294297 
14.02999999998064, -0.9464392954166296 
14.039999999980617, -0.9439868406009744 
14.049999999980594, -0.9415900425101775 
14.05999999998057, -0.9392362478908902 
14.069999999980547, -0.9368910356828447 
14.079999999980524, -0.9345401241720172 
14.0899999999805, -0.9322094192274777 
14.099999999980477, -0.9299591933639348 
14.109999999980454, -0.9278651499913748 
14.11999999998043, -0.9260072630083499 
14.129999999980408, -0.9244732142953682 
14.139999999980384, -0.923355967105614 
14.149999999980361, -0.9227200946771393 
14.159999999980338, -0.922548160534318 
14.169999999980314, -0.922716908984358 
14.179999999980291, -0.9230332642049394 
14.189999999980268, -0.9233023203919591 
14.199999999980244, -0.9233831159764639 
14.209999999980221, -0.9232173812216804 
14.219999999980198, -0.9228326555211576 
14.229999999980175, -0.9223157290962796 
14.239999999980151, -0.921761486295838 
14.249999999980128, -0.9212233980634738 
14.259999999980105, -0.9206914060854052 
14.269999999980081, -0.9201044140433818 
14.279999999980058, -0.9193898952188844 
14.289999999980035, -0.9185117372544411 
14.299999999980011, -0.9175025393635133 
14.309999999979988, -0.9164670732115082 
14.319999999979965, -0.9155565196361918 
14.329999999979941, -0.9149199550463143 
14.339999999979918, -0.9146538721425277 
14.349999999979895, -0.9147821811469452 
14.359999999979872, -0.9152767412688136 
14.369999999979848, -0.9160894039008488 
14.379999999979825, -0.9171634417797018 
14.389999999979802, -0.9184265463391595 
14.399999999979778, -0.9197913210777451 
14.409999999979755, -0.92117654648957 
14.419999999979732, -0.9225360818169193 
14.429999999979708, -0.9238728842142176 
14.439999999979685, -0.925225569076557 
14.449999999979662, -0.9266310207877204 
14.459999999979638, -0.928078906854689 
14.469999999979615, -0.9294804786241416 
14.479999999979592, -0.9306774907013885 
14.489999999979569, -0.9315030662191666 
14.499999999979545, -0.9318618110909375 
14.509999999979522, -0.9317731597545397 
14.519999999979499, -0.9313675917160014 
14.529999999979475, -0.9308709153081447 
14.539999999979452, -0.930587612939443 
14.549999999979429, -0.9308464336169016 
14.559999999979405, -0.9318872379265578 
14.569999999979382, -0.9337564584903605 
14.579999999979359, -0.9363115173038791 
14.589999999979335, -0.9393284870067212 
14.599999999979312, -0.9426095239022831 
14.609999999979289, -0.9460246474197966 
14.619999999979266, -0.9495055782338501 
14.629999999979242, -0.9530316321232709 
14.639999999979219, -0.9566197334734967 
14.649999999979196, -0.9603051169540056 
14.659999999979172, -0.9640989046843386 
14.669999999979149, -0.9679261917593006 
14.679999999979126, -0.9715774938152867 
14.689999999979102, -0.9747355162650582 
14.69999999997908, -0.9771062733156253 
14.709999999979056, -0.9785641915015713 
14.719999999979033, -0.9791836700271139 
14.72999999997901, -0.9791712330377769 
14.739999999978986, -0.9788137334224285 
14.749999999978963, -0.9784932582647505 
14.75999999997894, -0.9787027519516812 
14.769999999978916, -0.9799403740821703 
14.779999999978893, -0.9824697266560832 
14.78999999997887, -0.9861617979736377 
14.799999999978846, -0.9906115566064312 
14.809999999978823, -0.9953978934988355 
14.8199999999788, -1.0002432596877615 
14.829999999978776, -1.0050226916319542 
14.839999999978753, -1.0097109697692739 
14.84999999997873, -1.014334354097444 
14.859999999978706, -1.0189306787627914 
14.869999999978683, -1.0234984772339148 
14.87999999997866, -1.0279339973425423 
14.889999999978636, -1.0319946448457298 
14.899999999978613, -1.0353542945054743 
14.90999999997859, -1.0377568655781695 
14.919999999978566, -1.0391468347682942 
14.929999999978543, -1.0396645575874126 
14.93999999997852, -1.0395631127350409 
14.949999999978496, -1.0391669735485982 
14.959999999978473, -1.0388887521544539 
14.96999999997845, -1.0392005748957938 
14.979999999978427, -1.0404608457021818 
14.989999999978403, -1.0427035593647862 
14.99999999997838, -1.0456435632144205 
15.009999999978357, -1.0489032942089993 
15.019999999978333, -1.0522069382379253 
15.02999999997831, -1.055413603334544 
15.039999999978287, -1.0584654425594104 
15.049999999978263, -1.0613455697094498 
15.05999999997824, -1.0640638930875879 
15.069999999978217, -1.0666433015145844 
15.079999999978194, -1.0690877296206445 
15.08999999997817, -1.0713424908107956 
15.099999999978147, -1.0732782638571574 
15.109999999978124, -1.0747291627014781 
15.1199999999781, -1.0755751202790955 
15.129999999978077, -1.0758082553184412 
15.139999999978054, -1.0755419548865597 
15.14999999997803, -1.0749882555140955 
15.159999999978007, -1.0744302738670855 
15.169999999977984, -1.07415896703716 
15.17999999997796, -1.0743561923122291 
15.189999999977937, -1.075015825383609 
15.199999999977914, -1.0760014189196085 
15.20999999997789, -1.0771719911534157 
15.219999999977867, -1.0784383296682531 
15.229999999977844, -1.0797310538519564 
15.23999999997782, -1.080962248821223 
15.249999999977797, -1.0820360589865536 
15.259999999977774, -1.0828877661317633 
15.26999999997775, -1.0835067640968417 
15.279999999977727, -1.0839246262739397 
15.289999999977704, -1.084177942279545 
15.29999999997768, -1.0842708142806567 
15.309999999977657, -1.0841617762426234 
15.319999999977634, -1.0837856932242798 
15.32999999997761, -1.0830991963529413 
15.339999999977588, -1.0821216542543368 
15.349999999977564, -1.0809477390009674 
15.359999999977541, -1.0797224133568875 
15.369999999977518, -1.0785840467633698 
15.379999999977494, -1.0776128747168177 
15.389999999977471, -1.076837830002052 
15.399999999977448, -1.0762923244336018 
15.409999999977424, -1.0760355148262168 
15.419999999977401, -1.076091422590694 
15.429999999977378, -1.0763725261306551 
15.439999999977355, -1.0766854391428404 
15.449999999977331, -1.0768110942443418 
15.459999999977308, -1.0765806814815995 
15.469999999977285, -1.075914345378116 
15.479999999977261, -1.0748299710916234 
15.489999999977238, -1.073418096026699 
15.499999999977215, -1.0717853154423742 
15.509999999977191, -1.0700002332054852 
15.519999999977168, -1.0680761096384677 
15.529999999977145, -1.0659922850630494 
15.539999999977121, -1.0637322429660554 
15.549999999977098, -1.061311152386653 
15.559999999977075, -1.0587767920697835 
15.569999999977052, -1.0561939572605479 
15.579999999977028, -1.0536465183209578 
15.589999999977005, -1.0512742656454512 
15.599999999976982, -1.0492961500378677 
15.609999999976958, -1.0479360273532405 
15.619999999976935, -1.0472607398927976 
15.629999999976912, -1.047089961782142 
15.639999999976888, -1.0470831471264608 
15.649999999976865, -1.0468906607314445 
15.659999999976842, -1.0462319465551526 
15.669999999976818, -1.0449141577787189 
15.679999999976795, -1.042860048043171 
15.689999999976772, -1.040141267348788 
15.699999999976749, -1.0369510707676375 
15.709999999976725, -1.0335047012837937 
15.719999999976702, -1.0299465320973633 
15.729999999976679, -1.0263268859155303 
15.739999999976655, -1.0226353548401756 
15.749999999976632, -1.018847655365241 
15.759999999976609, -1.0149579619296376 
15.769999999976585, -1.0109953043813542 
15.779999999976562, -1.007044485612633 
15.789999999976539, -1.0032848121104057 
15.799999999976515, -1.0000098552348256 
15.809999999976492, -0.9975478497721815 
15.819999999976469, -0.9960704275220372 
15.829999999976446, -0.995446335112591 
15.839999999976422, -0.9953028460497242 
15.849999999976399, -0.995214731284159 
15.859999999976376, -0.994828258781264 
15.869999999976352, -0.9938802265501627 
15.879999999976329, -0.9921990636893504 
15.889999999976306, -0.9897453441662387 
15.899999999976282, -0.9866489416975359 
15.90999999997626, -0.9831603808810453 
15.919999999976236, -0.9795275577397538 
15.929999999976213, -0.9759013310344097 
15.93999999997619, -0.9723258756358171 
15.949999999976166, -0.9687838249457725 
15.959999999976143, -0.965248476726629 
15.96999999997612, -0.9617170089478652 
15.979999999976096, -0.9582219812213022 
15.989999999976073, -0.954836186818947 
15.99999999997605, -0.9516859831603333 
16.009999999976028, -0.9489603059197854 
16.019999999976005, -0.9468722320617113 
16.02999999997598, -0.9455538411217986 
16.039999999975958, -0.9449517688115888 
16.049999999975935, -0.9448270213921424 
16.05999999997591, -0.9448600055408743 
16.069999999975888, -0.9447593587045592 
16.079999999975865, -0.9443131372822176 
16.08999999997584, -0.9434066189613419 
16.099999999975818, -0.9420385125359301 
16.109999999975795, -0.9403184471258758 
16.11999999997577, -0.9384149720052642 
16.129999999975748, -0.9364752425889178 
16.139999999975725, -0.9345727832589935 
16.1499999999757, -0.9327074584571795 
16.15999999997568, -0.9308410880250901 
16.169999999975655, -0.9289426091181765 
16.17999999997563, -0.9270209599006348 
16.18999999997561, -0.9251318548959316 
16.199999999975585, -0.923358934998004 
16.20999999997556, -0.9217859770461416 
16.21999999997554, -0.9204825372646196 
16.229999999975515, -0.9195087390812502 
16.239999999975492, -0.91891794334824 
16.24999999997547, -0.9187342066897315 
16.259999999975445, -0.9189154647825859 
16.269999999975422, -0.9193421228057745 
16.2799999999754, -0.9198510382032812 
16.289999999975375, -0.9202917643604023 
16.299999999975352, -0.9205716353520248 
16.30999999997533, -0.9206749123529038 
16.319999999975305, -0.9206522693392492 
16.329999999975282, -0.9205826121817925 
16.33999999997526, -0.9205238937098889 
16.349999999975235, -0.920477798577366 
16.359999999975212, -0.9203846242500522 
16.36999999997519, -0.9201519596584932 
16.379999999975166, -0.9197056863945219 
16.389999999975142, -0.9190364768435089 
16.39999999997512, -0.9182197476243978 
16.409999999975096, -0.9174067954614376 
16.419999999975072, -0.9167898379107786 
16.42999999997505, -0.9165426696391814 
16.439999999975026, -0.9167601690803803 
16.449999999975002, -0.917438944104552 
16.45999999997498, -0.9185107154780002 
16.469999999974956, -0.91988986845958 
16.479999999974932, -0.9214956200819777 
16.48999999997491, -0.9232504061661938 
16.499999999974886, -0.925080750039276 
16.509999999974863, -0.9269331417354941 
16.51999999997484, -0.9287923177797911 
16.529999999974816, -0.9306818509529642 
16.539999999974793, -0.932638284672267 
16.54999999997477, -0.9346659282373391 
16.559999999974746, -0.9366916212511545 
16.569999999974723, -0.9385500521436752 
16.5799999999747, -0.9400302854151814 
16.589999999974676, -0.9409710574531533 
16.599999999974653, -0.9413347767044626 
16.60999999997463, -0.9412141095090224 
16.619999999974606, -0.9408061039351384 
16.629999999974583, -0.9404012138583241 
16.63999999997456, -0.9403700028927007 
16.649999999974536, -0.9410843748216198 
16.659999999974513, -0.9427669726738005 
16.66999999997449, -0.9453854889950385 
16.679999999974466, -0.9487045883611527 
16.689999999974443, -0.9524398620710086 
16.69999999997442, -0.9563741428851122 
16.709999999974396, -0.9603851233621269 
16.719999999974373, -0.9644254329619202 
16.72999999997435, -0.9684991097560811 
16.739999999974327, -0.9726399727365607 
16.749999999974303, -0.9768757507472017 
16.75999999997428, -0.9811690550725476 
16.769999999974257, -0.985353484695441 
16.779999999974233, -0.9891221751575715 
16.78999999997421, -0.9921295513743541 
16.799999999974187, -0.9941628060716885 
16.809999999974163, -0.9952314267164072 
16.81999999997414, -0.9955167484698617 
16.829999999974117, -0.9952897189921964 
16.839999999974093, -0.99489814129234 
16.84999999997407, -0.9948013598598517 
16.859999999974047, -0.9955305871861043 
16.869999999974024, -0.9974824063752534 
16.879999999974, -1.000680875261276 
16.889999999973977, -1.0047835379155958 
16.899999999973954, -1.0093335954054554 
16.90999999997393, -1.013986692844228 
16.919999999973907, -1.0185668265888075 
16.929999999973884, -1.023018697630468 
16.93999999997386, -1.0273517547094708 
16.949999999973837, -1.031601534298501 
16.959999999973814, -1.035789770661149 
16.96999999997379, -1.0398704060264685 
16.979999999973767, -1.0436812419681925 
16.989999999973744, -1.0469544247333835 
16.99999999997372, -1.0494229702064704 
17.009999999973697, -1.0509603119821866 
17.019999999973674, -1.0516305061627667 
17.02999999997365, -1.051635871136992 
17.039999999973627, -1.0512624874347334 
17.049999999973604, -1.0508765118831918 
17.05999999997358, -1.0509047592379956 
17.069999999973557, -1.0517006371985576 
17.079999999973534, -1.0533523603899762 
17.08999999997351, -1.0556529332426934 
17.099999999973488, -1.0582821559363835 
17.109999999973464, -1.0609903609119946 
17.11999999997344, -1.0636409663520092 
17.129999999973418, -1.066165384228999 
17.139999999973394, -1.0685256483303056 
17.14999999997337, -1.0707099252744148 
17.159999999973348, -1.072732279477279 
17.169999999973324, -1.0746118059297156 
17.1799999999733, -1.0763352968215556 
17.189999999973278, -1.0778287227855403 
17.199999999973254, -1.0789667748965301 
17.20999999997323, -1.0796288021558147 
17.219999999973208, -1.0797672433483438 
17.229999999973185, -1.079441669287443 
17.23999999997316, -1.0788131494636268 
17.249999999973138, -1.0781177523618521 
17.259999999973115, -1.0776080571797402 
17.26999999997309, -1.0774545403882905 
17.279999999973068, -1.0776778051413447 
17.289999999973045, -1.0781917015311613 
17.29999999997302, -1.0789049182413364 
17.309999999972998, -1.079762674845171 
17.319999999972975, -1.0807080890407494 
17.32999999997295, -1.0816420095682198 
17.339999999972928, -1.0824397227953473 
17.349999999972905, -1.0830021269727514 
17.35999999997288, -1.0832919557375 
17.36999999997286, -1.0833331949951464 
17.379999999972835, -1.083178320827941 
17.38999999997281, -1.0828644029804522 
17.39999999997279, -1.082385547335661 
17.409999999972765, -1.0816984671021896 
17.41999999997274, -1.0807575364727362 
17.42999999997272, -1.0795574483095742 
17.439999999972695, -1.0781565843861927 
17.449999999972672, -1.0766648349371073 
17.45999999997265, -1.0751994067424486 
17.469999999972625, -1.0738424223303946 
17.479999999972602, -1.0726470288090464 
17.48999999997258, -1.071685279747658 
17.499999999972555, -1.071060463236622 
17.509999999972532, -1.0708327054016613 
17.51999999997251, -1.0709254134623403 
17.529999999972485, -1.0711261218339667 
17.539999999972462, -1.0711783274751416 
17.54999999997244, -1.0708688596991887 
17.559999999972415, -1.0700716315606373 
17.569999999972392, -1.0687673273958438 
17.57999999997237, -1.067037148990993 
17.589999999972346, -1.0650132365039848 
17.599999999972322, -1.0628085584505478 
17.6099999999723, -1.0604754456651129 
17.619999999972276, -1.0580118765755837 
17.629999999972252, -1.055396988266829 
17.63999999997223, -1.052626115830877 
17.649999999972206, -1.0497245920666516 
17.659999999972182, -1.046742927469105 
17.66999999997216, -1.0437615239980826 
17.679999999972136, -1.0409260554186175 
17.689999999972112, -1.0384767698837305 
17.69999999997209, -1.0366853606209825 
17.709999999972066, -1.0356828313553126 
17.719999999972043, -1.0353300512560406 
17.72999999997202, -1.0352806576943845 
17.739999999971996, -1.0351503791504688 
17.749999999971973, -1.034620128581227 
17.75999999997195, -1.0334548614056616 
17.769999999971926, -1.0315210834379975 
17.779999999971903, -1.0288321899128134 
17.78999999997188, -1.025557772868997 
17.799999999971856, -1.0219415825733074 
17.809999999971833, -1.0181838765584754 
17.81999999997181, -1.0143823895266033 
17.829999999971786, -1.0105489610479113 
17.839999999971763, -1.0066589263768562 
17.84999999997174, -1.0026940081253841 
17.859999999971716, -0.9986659288898606 
17.869999999971693, -0.9946331723650245 
17.87999999997167, -0.9907305275500512 
17.889999999971646, -0.9871998310496348 
17.899999999971623, -0.9843587060400794 
17.9099999999716, -0.9824553854938662 
17.919999999971576, -0.9814902972764539 
17.929999999971553, -0.981184562969647 
17.93999999997153, -0.9811279265824011 
17.949999999971507, -0.9809398019409177 
17.959999999971483, -0.9803288718697785 
17.96999999997146, -0.9790943169080231 
17.979999999971437, -0.9771463460759955 
17.989999999971413, -0.9745468693908421 
17.99999999997139, -0.9714982938968706 
18.009999999971367, -0.9682470483738305 
18.019999999971343, -0.9649745660281817 
18.02999999997132, -0.9617566006242855 
18.039999999971297, -0.9585905952842376 
18.049999999971273, -0.9554474242901364 
18.05999999997125, -0.9523133703026696 
18.069999999971227, -0.9492083097007622 
18.079999999971204, -0.9461849584181691 
18.08999999997118, -0.9433273842676864 
18.099999999971157, -0.9407595133330732 
18.109999999971134, -0.9386444745751932 
18.11999999997111, -0.9371381805445657 
18.129999999971087, -0.9362984758986761 
18.139999999971064, -0.936020300380991 
18.14999999997104, -0.9360646523482326 
18.159999999971017, -0.936154013632942 
18.169999999970994, -0.9360544810673002 
18.17999999997097, -0.9356149857255568 
18.189999999970947, -0.9347849522640134 
18.199999999970924, -0.9336182988901232 
18.2099999999709, -0.932243311243 
18.219999999970877, -0.9307974953079684 
18.229999999970854, -0.9293670590295495 
18.23999999997083, -0.9279663957947843 
18.249999999970807, -0.9265580494220791 
18.259999999970784, -0.9250945835669337 
18.26999999997076, -0.9235606570670608 
18.279999999970737, -0.9219957295630692 
18.289999999970714, -0.9204875313921589 
18.29999999997069, -0.9191413972344703 
18.309999999970668, -0.9180451921890868 
18.319999999970644, -0.9172538685077394 
18.32999999997062, -0.9167984514223217 
18.339999999970598, -0.9166960761762653 
18.349999999970574, -0.916938017559757 
18.35999999997055, -0.9174655502053705 
18.369999999970528, -0.9181664748672249 
18.379999999970504, -0.9189065476561128 
18.38999999997048, -0.919576189393719 
18.399999999970458, -0.9201247967551648 
18.409999999970434, -0.9205677100280777 
18.41999999997041, -0.9209631111235828 
18.429999999970388, -0.9213685490993356 
18.439999999970365, -0.9217978188611626 
18.44999999997034, -0.9221989450146817 
18.459999999970318, -0.9224669691658048 
18.469999999970295, -0.9224917614109579 
18.47999999997027, -0.9222167279775112 
18.489999999970248, -0.9216747478973926 
18.499999999970225, -0.9209921217439913 
18.5099999999702, -0.9203705565849167 
18.519999999970178, -0.9200446301610592 
18.529999999970155, -0.9202088708468933 
18.53999999997013, -0.9209461926313341 
18.549999999970108, -0.9222142685592996 
18.559999999970085, -0.9238983720338341 
18.56999999997006, -0.9258761201123902 
18.57999999997004, -0.9280472928226 
18.589999999970015, -0.9303337874065877 
18.59999999996999, -0.9326786140144578 
18.60999999996997, -0.9350552226691311 
18.619999999969945, -0.9374740012023937 
18.62999999996992, -0.9399684398134684 
18.6399999999699, -0.9425562892675041 
18.649999999969875, -0.945187202488119 
18.659999999969852, -0.9477054821671969 
18.66999999996983, -0.9498711459879265 
18.679999999969805, -0.9514564024523 
18.689999999969782, -0.9523545069355576 
18.69999999996976, -0.9526138979511037 
18.709999999969735, -0.952404018253404 
18.719999999969712, -0.951987348576739 
18.72999999996969, -0.9517238592260095 
18.739999999969665, -0.9520479824961365 
18.749999999969642, -0.9533425337785875 
18.75999999996962, -0.9557536718063468 
18.769999999969595, -0.9591238057102448 
18.779999999969572, -0.9631214867464882 
18.78999999996955, -0.9674301343842779 
18.799999999969526, -0.9718452145923564 
18.809999999969502, -0.9762727948803775 
18.81999999996948, -0.9806945224980342 
18.829999999969456, -0.9851363391136087 
18.839999999969432, -0.9896352981990125 
18.84999999996941, -0.9941878411416987 
18.859999999969386, -0.9986822254866091 
18.869999999969362, -1.0028568897981185 
18.87999999996934, -1.0063562587632293 
18.889999999969316, -1.0088945695384164 
18.899999999969292, -1.0103981811665002 
18.90999999996927, -1.0110018747976182 
18.919999999969246, -1.0109571583728463 
18.929999999969223, -1.0105845736147594 
18.9399999999692, -1.010299485464981 
18.949999999969176, -1.010615369429623 
18.959999999969153, -1.0119957955356276 
18.96999999996913, -1.0145976553145333 
18.979999999969106, -1.0181789643995234 
18.989999999969083, -1.0222980007490514 
18.99999999996906, -1.0265744677182957 
19.009999999969036, -1.0307928330966365 
19.019999999969013, -1.0348697416927966 
19.02999999996899, -1.038794716972568 
19.039999999968966, -1.0425923295413557 
19.049999999968943, -1.0462926331851454 
19.05999999996892, -1.0498891339670988 
19.069999999968896, -1.053289865312874 
19.079999999968873, -1.0562990864020845 
19.08999999996885, -1.058674693149777 
19.099999999968826, -1.0602475511135634 
19.109999999968803, -1.0610072453193433 
19.11999999996878, -1.0610931592154373 
19.129999999968756, -1.0607456953454475 
19.139999999968733, -1.0602856430613259 
19.14999999996871, -1.0600933750198693 
19.159999999968687, -1.0605035255774906 
19.169999999968663, -1.0616385482440769 
19.17999999996864, -1.063359627234791 
19.189999999968617, -1.0654074517935856 
19.199999999968593, -1.067567326177203 
19.20999999996857, -1.0697148143228503 
19.219999999968547, -1.0717755306949226 
19.229999999968523, -1.0736916418991305 
19.2399999999685, -1.0754262316910868 
19.249999999968477, -1.076976416841227 
19.259999999968453, -1.0783642134800726 
19.26999999996843, -1.0796035982197412 
19.279999999968407, -1.080665215336983 
19.289999999968384, -1.0814662020205001 
19.29999999996836, -1.081901349067681 
19.309999999968337, -1.0819020099642223 
19.319999999968314, -1.0814839072841498 
19.32999999996829, -1.0807597402620481 
19.339999999968267, -1.079920475207277 
19.349999999968244, -1.079183415213277 
19.35999999996822, -1.0787079739755072 
19.369999999968197, -1.0785362631630828 
19.379999999968174, -1.078624766931385 
19.38999999996815, -1.0789270062685117 
19.399999999968127, -1.079423009553104 
19.409999999968104, -1.0800724114725637 
19.41999999996808, -1.0807689186611404 
19.429999999968057, -1.0813605351645048 
19.439999999968034, -1.0817115913546063 
19.44999999996801, -1.0817512464258006 
19.459999999967987, -1.0814853449653419 
19.469999999967964, -1.0809723650526013 
19.47999999996794, -1.080276992945489 
19.489999999967917, -1.0794291290379883 
19.499999999967894, -1.0784129970509473 
19.50999999996787, -1.0771901472063425 
19.519999999967848, -1.075739786838327 
19.529999999967824, -1.0740900413664654 
19.5399999999678, -1.0723188547480675 
19.549999999967778, -1.0705229816636819 
19.559999999967754, -1.0687837392460542 
19.56999999996773, -1.0671722650307722 
19.579999999967708, -1.065792446901672 
19.589999999967684, -1.064789757131923 
19.59999999996766, -1.0642670674454529 
19.609999999967638, -1.064170325412555 
19.619999999967614, -1.0642766660369538 
19.62999999996759, -1.0642957226913043 
19.639999999967568, -1.0639714357613488 
19.649999999967545, -1.0631297233577386 
19.65999999996752, -1.0617031696932067 
19.669999999967498, -1.0597443901953745 
19.679999999967475, -1.0573955315605612 
19.68999999996745, -1.0548115109058176 
19.699999999967428, -1.0520918078209647 
19.709999999967405, -1.0492645228415483 
19.71999999996738, -1.046314795044641 
19.729999999967358, -1.0432251120278382 
19.739999999967335, -1.0400010084667866 
19.74999999996731, -1.0366768386145364 
19.759999999967288, -1.0333225225962466 
19.769999999967265, -1.030075711897236 
19.77999999996724, -1.0271780685439036 
19.78999999996722, -1.024934427927258 
19.799999999967195, -1.0235479010972004 
19.80999999996717, -1.0229506743772807 
19.81999999996715, -1.022818468550035 
19.829999999967125, -1.0227427161877993 
19.8399999999671, -1.0223678592337033 
19.84999999996708, -1.0214235916334204 
19.859999999967055, -1.0197296139604712 
19.869999999967032, -1.0172362637553585 
19.87999999996701, -1.0140630181365298 
19.889999999966985, -1.0104522902287105 
19.899999999966962, -1.006647497607539 
19.90999999996694, -1.0027981741958159 
19.919999999966915, -0.9989491553683145 
19.929999999966892, -0.9950845951228373 
19.93999999996687, -0.991178739010979 
19.949999999966845, -0.9872284534069319 
19.959999999966822, -0.9832692158904889 
19.9699999999668, -0.9793934500895372 
19.979999999966775, -0.9757794845928203 
19.989999999966752, -0.9726961154640031 
19.99999999996673, -0.9704205042873669 
20.009999999966706, -0.9690748983393686 
20.019999999966682, -0.9685169006986051 
20.02999999996666, -0.96840200180299 
20.039999999966636, -0.9683442674081755 
20.049999999966612, -0.9680240252747876 
20.05999999996659, -0.9672125427803181 
20.069999999966566, -0.9657803918890598 
20.079999999966542, -0.9637275489866093 
20.08999999996652, -0.9611948087314659 
20.099999999966496, -0.9584026180048804 
20.109999999966472, -0.955546504462038 
20.11999999996645, -0.9527310605792552 
20.129999999966426, -0.9499731499750581 
20.139999999966403, -0.9472454686402321 
20.14999999996638, -0.9445239071408082 
20.159999999966356, -0.9418163789590521 
20.169999999966333, -0.9391663882352808 
20.17999999996631, -0.9366418209619074 
20.189999999966286, -0.9343288235913372 
20.199999999966263, -0.932337228697922 
20.20999999996624, -0.9307950978546294 
20.219999999966216, -0.9298035460185556 
20.229999999966193, -0.9293654262972246 
20.23999999996617, -0.9293504497755581 
20.249999999966146, -0.9295364168839125 
20.259999999966123, -0.9296906153825549 
20.2699999999661, -0.929633828850468 
20.279999999966076, -0.9292725179126778 
20.289999999966053, -0.9286097284866681 
20.29999999996603, -0.9277302227231248 
20.309999999966006, -0.9267523718634324 
20.319999999965983, -0.9257681807024861 
20.32999999996596, -0.9248069060149714 
20.339999999965936, -0.9238369664342067 
20.349999999965913, -0.9227984460287967 
20.35999999996589, -0.9216486425949432 
20.369999999965867, -0.9203987120817663 
20.379999999965843, -0.9191243737725395 
20.38999999996582, -0.9179464609053761 
20.399999999965797, -0.9169896575296294 
20.409999999965773, -0.9163413782392608 
20.41999999996575, -0.916037427346509 
20.429999999965727, -0.9160780149738095 
20.439999999965703, -0.916446680485287 
20.44999999996568, -0.917107659514922 
20.459999999965657, -0.91799105227844 
20.469999999965633, -0.9189945076292328 
20.47999999996561, -0.9200119053212127 
20.489999999965587, -0.9209711512750735 
20.499999999965564, -0.9218565991837997 
20.50999999996554, -0.9227029193538963 
20.519999999965517, -0.9235621396454763 
20.529999999965494, -0.9244587833626877 
20.53999999996547, -0.9253540944693717 
20.549999999965447, -0.9261399034076178 
20.559999999965424, -0.9266755958063941 
20.5699999999654, -0.9268550577657606 
20.579999999965377, -0.926661303247131 
20.589999999965354, -0.9261819383208794 
20.59999999996533, -0.9255992139692892 
20.609999999965307, -0.9251681628888996 
20.619999999965284, -0.9251648122161727 
20.62999999996526, -0.9257941859631742 
20.639999999965237, -0.9271091896382666 
20.649999999965214, -0.9290129748655145 
20.65999999996519, -0.9313392805106548 
20.669999999965167, -0.9339332966330423 
20.679999999965144, -0.936683338364741 
20.68999999996512, -0.9395177329539754 
20.699999999965097, -0.9423995855966124 
20.709999999965074, -0.9453280144725011 
20.71999999996505, -0.9483313589624816 
20.729999999965028, -0.9514376829593575 
20.739999999965004, -0.9546228286032404 
20.74999999996498, -0.9577567036868931 
20.759999999964958, -0.9605934097377318 
20.769999999964934, -0.9628499195151793 
20.77999999996491, -0.964340717023258 
20.789999999964888, -0.9650560147098541 
20.799999999964864, -0.9651365009249957 
20.80999999996484, -0.9648204130148332 
20.819999999964818, -0.9644364335754941 
20.829999999964794, -0.9644181508134386 
20.83999999996477, -0.9652408212173367 
20.849999999964748, -0.9672303118024852 
20.859999999964725, -0.9703817825633987 
20.8699999999647, -0.974390751552874 
20.879999999964678, -0.978865265472149 
20.889999999964655, -0.9835065294252734 
20.89999999996463, -0.9881558554678476 
20.909999999964608, -0.9927609401227844 
20.919999999964585, -0.9973323460415153 
20.92999999996456, -1.0019078388366205 
20.939999999964538, -1.0065084199687768 
20.949999999964515, -1.0110759306177584 
20.95999999996449, -1.015415087220717 
20.969999999964468, -1.0192031955353327 
20.979999999964445, -1.0221160145884283 
20.98999999996442, -1.0239953468881267 
20.9999999999644, -1.0249061917375628 
21.009999999964375, -1.0250655151287378 
21.01999999996435, -1.024768284961455 
21.02999999996433, -1.0243884843115334 
21.039999999964305, -1.0243990891104153 
21.04999999996428, -1.0252790243426062 
21.05999999996426, -1.0272785066795183 
21.069999999964235, -1.0302638892955165 
21.079999999964212, -1.0338454405050004 
21.08999999996419, -1.0376387553671456 
21.099999999964165, -1.0414050537500508 
21.109999999964142, -1.0450387620981156 
21.11999999996412, -1.048509361743132 
21.129999999964095, -1.0518247739701514 
21.139999999964072, -1.0550112804307032 
21.14999999996405, -1.0580841387196882 
21.159999999964025, -1.0610040993862824 
21.169999999964002, -1.0636444378526337 
21.17999999996398, -1.0658093066948817 
21.189999999963955, -1.0673184359188894 
21.199999999963932, -1.0681028661367569 
21.20999999996391, -1.0682361584910045 
21.219999999963886, -1.0679065156809022 
21.229999999963862, -1.0673887771278285 
21.23999999996384, -1.0670184980692565 
21.249999999963816, -1.0671061565419389 
21.259999999963792, -1.0677952955289023 
21.26999999996377, -1.0690042003963671 
21.279999999963746, -1.0705317221344708 
21.289999999963722, -1.0722013829707011 
21.2999999999637, -1.0739061453602727 
21.309999999963676, -1.0755706393843023 
21.319999999963652, -1.0771195461778853 
21.32999999996363, -1.078489198237574 
21.339999999963606, -1.0796534955305865 
21.349999999963583, -1.0806274043143533 
21.35999999996356, -1.0814404416928955 
21.369999999963536, -1.0820980168691623 
21.379999999963513, -1.082557349930027 
21.38999999996349, -1.082737926806479 
21.399999999963466, -1.0825656979183713 
21.409999999963443, -1.0820244455104229 
21.41999999996342, -1.0811835263301732 
21.429999999963396, -1.080191127429904 
21.439999999963373, -1.0792315230546627 
21.44999999996335, -1.0784530478636674 
21.459999999963326, -1.077914834593321 
21.469999999963303, -1.077609203161146 
21.47999999996328, -1.077529946987798 
21.489999999963256, -1.0776925364328185 
21.499999999963233, -1.0780781951179914 
21.50999999996321, -1.0785791673877307 
21.519999999963186, -1.0790192519206225 
21.529999999963163, -1.0792256617975011 
21.53999999996314, -1.0790886425507298 
21.549999999963116, -1.0785852684329233 
21.559999999963093, -1.0777680170584891 
21.56999999996307, -1.07672187342318 
21.579999999963047, -1.0755121577130229 
21.589999999963023, -1.0741558149753725 
21.599999999963, -1.0726302224841473 
21.609999999962977, -1.0709081809459764 
21.619999999962953, -1.0689941088578927 
21.62999999996293, -1.066937139629197 
21.639999999962907, -1.0648135370191236 
21.649999999962883, -1.062700329566108 
21.65999999996286, -1.0606796545750092 
21.669999999962837, -1.0588786822791056 
21.679999999962813, -1.0574804213041686 
21.68999999996279, -1.0566361807586107 
21.699999999962767, -1.0563290971783919 
21.709999999962744, -1.0563390571809557 
21.71999999996272, -1.0563476252546267 
21.729999999962697, -1.0560584365889496 
21.739999999962674, -1.0552515428348108 
21.74999999996265, -1.0538068457741518 
21.759999999962627, -1.051731007231317 
21.769999999962604, -1.0491542581048297 
21.77999999996258, -1.0462625140254114 
21.789999999962557, -1.043206314237303 
21.799999999962534, -1.0400552933555411 
21.80999999996251, -1.0368123152003632 
21.819999999962487, -1.0334554647095904 
21.829999999962464, -1.029974267627297 
21.83999999996244, -1.0263862042182945 
21.849999999962417, -1.022745776811276 
21.859999999962394, -1.0191713650422745 
21.86999999996237, -1.0158853860609942 
21.879999999962347, -1.0132015062449315 
21.889999999962324, -1.0113880512826872 
21.8999999999623, -1.010473619851545 
21.909999999962277, -1.0101935917479736 
21.919999999962254, -1.0101359795134712 
21.92999999996223, -1.009911928881691 
21.939999999962208, -1.0092186462857566 
21.949999999962184, -1.00783961851621 
21.95999999996216, -1.0056689073748086 
21.969999999962138, -1.00276128103118 
21.979999999962114, -0.9993265808892806 
21.98999999996209, -0.9956275645113408 
21.999999999962068, -0.9918607456993922 
22.009999999962044, -0.9881111487999442 
22.01999999996202, -0.9843809021990719 
22.029999999961998, -0.9806426988666734 
22.039999999961974, -0.9768817041332849 
22.04999999996195, -0.973115684586275 
22.059999999961928, -0.9694050627571041 
22.069999999961905, -0.9658709245742296 
22.07999999996188, -0.9627141660375447 
22.089999999961858, -0.9601889801974407 
22.099999999961835, -0.9584919680573287 
22.10999999996181, -0.9576238077613539 
22.119999999961788, -0.9573560468906083 
22.129999999961765, -0.9573389731008071 
22.13999999996174, -0.9572361628359726 
22.149999999961718, -0.9567898770910512 
22.159999999961695, -0.9558362358291163 
22.16999999996167, -0.9543230892607042 
22.179999999961648, -0.9523281195090331 
22.189999999961625, -0.950028882383314 
22.1999999999616, -0.9476171457301084 
22.20999999996158, -0.9452192600069098 
22.219999999961555, -0.9428739312518667 
22.22999999996153, -0.94056051097936 
22.23999999996151, -0.9382457683373746 
22.249999999961485, -0.9359226370984215 
22.25999999996146, -0.9336252403167705 
22.26999999996144, -0.931418966556935 
22.279999999961415, -0.9293809941651736 
22.289999999961392, -0.9275917917562186 
22.29999999996137, -0.926140026080585 
22.309999999961345, -0.9251165818742215 
22.319999999961322, -0.9245754490394695 
22.3299999999613, -0.9244811266643946 
22.339999999961275, -0.924694327660957 
22.349999999961252, -0.9250168155471605 
22.35999999996123, -0.9252600129610382 
22.369999999961205, -0.9252963303124391 
22.379999999961182, -0.9250834000052517 
22.38999999996116, -0.924662261733874 
22.399999999961135, -0.9241252817514815 
22.409999999961112, -0.9235629045111293 
22.41999999996109, -0.9230176916072278 
22.429999999961066, -0.9224686200317267 
22.439999999961042, -0.9218495656783576 
22.44999999996102, -0.9210921546457209 
22.459999999960996, -0.9201722284814113 
22.469999999960972, -0.9191370471850935 
22.47999999996095, -0.9181027617448206 
22.489999999960926, -0.9172232361664548 
22.499999999960902, -0.9166389477592691 
22.50999999996088, -0.9164307764671552 
22.519999999960856, -0.9166095686397492 
22.529999999960832, -0.9171423723126513 
22.53999999996081, -0.9179812318216006 
22.549999999960786, -0.9190681895362488 
22.559999999960763, -0.9203268828155335 
22.56999999996074, -0.9216673370029318 
22.579999999960716, -0.9230113175667466 
22.589999999960693, -0.9243206602209014 
22.59999999996067, -0.925606683082084 
22.609999999960646, -0.9269113514473485 
22.619999999960623, -0.9282668672452375 
22.6299999999606, -0.9296513743301491 
22.639999999960576, -0.9309639103926395 
22.649999999960553, -0.9320430640659669 
22.65999999996053, -0.9327340180531154 
22.669999999960506, -0.932963839971561 
22.679999999960483, -0.9327745523886696 
22.68999999996046, -0.9323152182104367 
22.699999999960436, -0.9318268744282949 
22.709999999960413, -0.9316199265264196 
22.71999999996039, -0.9320054333846974 
22.729999999960366, -0.9331778539816492 
22.739999999960343, -0.9351332697425441 
22.74999999996032, -0.9377044871008445 
22.759999999960296, -0.9406748350041587 
22.769999999960273, -0.9438680738569518 
22.77999999996025, -0.9471730570409538 
22.789999999960227, -0.9505330133395198 
22.799999999960203, -0.9539342741630643 
22.80999999996018, -0.9573978274576964 
22.819999999960157, -0.9609575576774922 
22.829999999960133, -0.9646143230893502 
22.83999999996011, -0.9682747323789274 
22.849999999960087, -0.9717129467822903 
22.859999999960063, -0.9746156600003563 
22.86999999996004, -0.9767204312888038 
22.879999999960017, -0.9779421808475449 
22.889999999959993, -0.9783816452814571 
22.89999999995997, -0.9782571232533467 
22.909999999959947, -0.9778677990881419 
22.919999999959924, -0.9776143295746802 
22.9299999999599, -0.9779935225721654 
22.939999999959877, -0.9794576584740069 
22.949999999959854, -0.9821782703072591 
22.95999999995983, -0.9859507889918774 
22.969999999959807, -0.9903609882510812 
22.979999999959784, -0.9950279662354349 
22.98999999995976, -0.9997200856272567 
22.999999999959737, -1.0043416412449169 
23.009999999959714, -1.0088808641141143 
23.01999999995969, -1.0133679766554722 
23.029999999959667, -1.017836920994573 
23.039999999959644, -1.022272669064324 
23.04999999995962, -1.0265499214763503 
23.059999999959597, -1.0304087365538446 
23.069999999959574, -1.0335288196871961 
23.07999999995955, -1.0356869986588717 
23.089999999959527, -1.0368657168206292 
23.099999999959504, -1.0372274607116418 
23.10999999995948, -1.0370350667245414 
23.119999999959457, -1.0366248854650877 
23.129999999959434, -1.0364234490786035 
23.13999999995941, -1.03689390019613 
23.149999999959388, -1.0383411237144877 
23.159999999959364, -1.0407288754221276 
23.16999999995934, -1.0437389644362813 
23.179999999959318, -1.0470081361371242 
23.189999999959294, -1.050290502734124 
23.19999999995927, -1.053465828855495 
23.209999999959248, -1.0564857163896408 
23.219999999959224, -1.059338562864917 
23.2299999999592, -1.0620381022260799 
23.239999999959178, -1.0646066362968791 
23.249999999959154, -1.0670397993666023 
23.25999999995913, -1.0692681900422607 
23.269999999959108, -1.0711493985566074 
23.279999999959085, -1.0725170409574398 
23.28999999995906, -1.0732662772732948 
23.299999999959038, -1.0734113372269145 
23.309999999959015, -1.0730852598651595 
23.31999999995899, -1.0725156206469189 
23.329999999958968, -1.0719949414944947 
23.339999999958945, -1.0718079824432176 
23.34999999995892, -1.0721109405561176 
23.359999999958898, -1.0728691799061314 
23.369999999958875, -1.0739343784996234 
23.37999999995885, -1.0751683877291143 
23.389999999958828, -1.076485187825525 
23.399999999958805, -1.0778132889296077 
23.40999999995878, -1.079063356923212 
23.41999999995876, -1.0801447956523993 
23.429999999958735, -1.0810034403065738 
23.43999999995871, -1.081638411290231 
23.44999999995869, -1.082084458999982 
23.459999999958665, -1.0823729439563023 
23.46999999995864, -1.0824973835190674 
23.47999999995862, -1.0824067296194553 
23.489999999958595, -1.0820335599158268 
23.499999999958572, -1.081341699478846 
23.50999999995855, -1.0803639223317794 
23.519999999958525, -1.0792085308865431 
23.529999999958502, -1.0780282519892324 
23.53999999995848, -1.0769596261506256 
23.549999999958455, -1.0760745203080522 
23.559999999958432, -1.0753947777060613 
23.56999999995841, -1.074949855797096 
23.579999999958385, -1.0747911881046335 
23.589999999958362, -1.074927633138897 
23.59999999995834, -1.0752575873214019 
23.609999999958315, -1.0755855053392978 
23.619999999958292, -1.0757026757352297 
23.62999999995827, -1.075457419405439 
23.639999999958246, -1.0747887925087618 
23.649999999958222, -1.0737294701815043 
23.6599999999582, -1.0723737604037775 
23.669999999958176, -1.0708197217581072 
23.679999999958152, -1.0691216856552346 
23.68999999995813, -1.0672814354807452 
23.699999999958106, -1.0652747022194937 
23.709999999958082, -1.0630894349284494 
23.71999999995806, -1.0607495133610858 
23.729999999958036, -1.0583104906644443 
23.739999999958012, -1.0558413217947096 
23.74999999995799, -1.0534277350533228 
23.759999999957966, -1.051209809187582 
23.769999999957943, -1.0493993628000136 
23.77999999995792, -1.04819816946585 
23.789999999957896, -1.0476425422910287 
23.799999999957873, -1.0475337724927172 
23.80999999995785, -1.047534964886731 
23.819999999957826, -1.0473125748727412 
23.829999999957803, -1.0466047358624662 
23.83999999995778, -1.045240795172091 
23.849999999957756, -1.043171020038646 
23.859999999957733, -1.0404900503784087 
23.86999999995771, -1.0373943362226228 
23.879999999957686, -1.0340812905845282 
23.889999999957663, -1.0306707956680476 
23.89999999995764, -1.0271957364157436 
23.909999999957616, -1.0236397572064808 
23.919999999957593, -1.0199816740901055 
23.92999999995757, -1.0162229279510977 
23.939999999957546, -1.012400428258473 
23.949999999957523, -1.008607055683077 
23.9599999999575, -1.0050298744416193 
23.969999999957476, -1.0019627798349744 
23.979999999957453, -0.9997147710365075 
23.98999999995743, -0.9984190394170401 
23.999999999957407, -0.9979101980170336 
24.009999999957383, -0.9978077211418002 
24.01999999995736, -0.997700109937161 
24.029999999957337, -0.9972517359977523 
24.039999999957313, -0.9962159227599277 
24.04999999995729, -0.9944422122480632 
24.059999999957267, -0.9919199465833302 
24.069999999957243, -0.9888031590462953 
24.07999999995722, -0.9853449034841228 
24.089999999957197, -0.98177426443606 
24.099999999957173, -0.978217949362854 
24.10999999995715, -0.9747039287092074 
24.119999999957127, -0.9712099253997246 
24.129999999957104, -0.9677126378422308 
24.13999999995708, -0.9642161040325009 
24.149999999957057, -0.9607600967526967 
24.159999999957034, -0.9574256757409421 
24.16999999995701, -0.9543503365705132 
24.179999999956987, -0.9517330090417028 
24.189999999956964, -0.9497833840401553 
24.19999999995694, -0.9486080277677967 
24.209999999956917, -0.9481166454937726 
24.219999999956894, -0.948045027908333 
24.22999999995687, -0.9480703156291034 
24.239999999956847, -0.9479118294613545 
24.249999999956824, -0.9473728065964326 
24.2599999999568, -0.9463567079849413 
24.269999999956777, -0.9448832580258998 
24.279999999956754, -0.9430789317118382 
24.28999999995673, -0.9411160538869628 
24.299999999956707, -0.939132683353417 
24.309999999956684, -0.9371890653349662 
24.31999999995666, -0.9352760902545411 
24.329999999956637, -0.933354779139518 
24.339999999956614, -0.9314005853030217 
24.34999999995659, -0.9294317299880985 
24.359999999956568, -0.927510246886543 
24.369999999956544, -0.9257200417185905 
24.37999999995652, -0.9241415375919061 
24.389999999956498, -0.9228432855747822 
24.399999999956474, -0.9218889245137103 
24.40999999995645, -0.9213335893738449 
24.419999999956428, -0.9211925518487363 
24.429999999956404, -0.9214044051516801 
24.43999999995638, -0.9218305120352449 
24.449999999956358, -0.9222996511619407 
24.459999999956334, -0.9226659850846206 
24.46999999995631, -0.922849578289784 
24.479999999956288, -0.9228496510243105 
24.489999999956265, -0.9227280029935857 
24.49999999995624, -0.9225663050869534 
24.509999999956218, -0.9224170307581364 
24.519999999956195, -0.9222730270009126 
24.52999999995617, -0.9220693059383416 
24.539999999956148, -0.9217171566215695 
24.549999999956125, -0.9211555130038797 
24.5599999999561, -0.9203925570563797 
24.569999999956078, -0.9195193785680396 
24.579999999956055, -0.918695005542361 
24.58999999995603, -0.9181048536917865 
24.599999999956008, -0.9178994855689858 
24.609999999955985, -0.9181445699294102 
24.61999999995596, -0.9188185773339065 
24.62999999995594, -0.91985286572513 
24.639999999955915, -0.921170471956725 
24.64999999995589, -0.9226963431078261 
24.65999999995587, -0.9243526482557172 
24.669999999955845, -0.9260648468127004 
24.67999999995582, -0.9277825662734405 
24.6899999999558, -0.9294972627774716 
24.699999999955775, -0.9312378801428881 
24.709999999955752, -0.9330401153766127 
24.71999999995573, -0.9349001122003082 
24.729999999955705, -0.9367339569252812 
24.739999999955682, -0.9383732782852723 
24.74999999995566, -0.939620828522019 
24.759999999955635, -0.9403424495635846 
24.769999999955612, -0.9405272753146189 
24.77999999995559, -0.9402867566692988 
24.789999999955565, -0.9398327018650671 
24.799999999955542, -0.9394675295856743 
24.80999999995552, -0.9395560952564196 
24.819999999955495, -0.9404261921932863 
24.829999999955472, -0.942225650941749 
24.83999999995545, -0.9448619196371342 
24.849999999955426, -0.948089797469674 
24.859999999955402, -0.9516553601915463 
24.86999999995538, -0.955379676542977 
24.879999999955356, -0.959166626446434 
24.889999999955332, -0.9629820933224155 
24.89999999995531, -0.9668359950760083 
24.909999999955286, -0.9707626781955071 
24.919999999955262, -0.9747829232954027 
24.92999999995524, -0.9788437642444743 
24.939999999955216, -0.9827610519169699 
24.949999999955192, -0.9862247443191139 
24.95999999995517, -0.9889144323709802 
24.969999999955146, -0.9906595651845931 
24.979999999955123, -0.9915014536413667 
24.9899999999551, -0.9916332502601295 
24.999999999955076, -0.9913318832858341 
