t, s[1].omega / s[0].omega 
0, -0.3201450384975978 
0.009999999999999995, -0.33880749831261764 
0.019999999999999934, -0.3681616072916239 
0.029999999999999874, -0.40952990506660825 
0.04000000000000012, -0.4561431798796064 
0.050000000000000405, -0.49512534803920627 
0.06000000000000069, -0.5200855212028946 
0.07000000000000098, -0.5336556919149518 
0.08000000000000126, -0.54048136714082 
0.09000000000000155, -0.5436666069324032 
0.10000000000000184, -0.5447585995863073 
0.11000000000000212, -0.5443361622036778 
0.12000000000000241, -0.5423083289002837 
0.130000000000002, -0.5378380109705406 
0.1400000000000009, -0.5288182350708339 
0.1499999999999998, -0.5108562650194737 
0.1599999999999987, -0.47699411286953336 
0.1699999999999976, -0.42331703453658653 
0.1799999999999965, -0.36070330191989863 
0.1899999999999954, -0.30863200380600675 
0.1999999999999943, -0.27438350968948044 
0.2099999999999932, -0.25390642870267455 
0.2199999999999921, -0.24173343175305112 
0.229999999999991, -0.23427182220957432 
0.2399999999999899, -0.2295193125269846 
0.2499999999999888, -0.2263821834256373 
0.2599999999999877, -0.22424689865932573 
0.2699999999999866, -0.2227632427518241 
0.2799999999999855, -0.22174283447738063 
0.2899999999999844, -0.22111543292769192 
0.2999999999999833, -0.2209197112489376 
0.3099999999999822, -0.2213295196265424 
0.3199999999999811, -0.22274056470044745 
0.32999999999998, -0.22598807650555935 
0.3399999999999789, -0.2328908812414193 
0.3499999999999778, -0.24770578813056657 
0.35999999999997667, -0.28139081574900965 
0.36999999999997557, -0.36501588541090835 
0.37999999999997447, -0.5859214672196233 
0.38999999999997337, -1.063544731774604 
0.39999999999997227, -1.5508869851066922 
0.40999999999997117, -1.7815733862237928 
0.41999999999997006, -1.87174552554532 
0.42999999999996896, -1.9095714837171893 
0.43999999999996786, -1.9262837093461556 
0.44999999999996676, -1.93355512073616 
0.45999999999996566, -1.9363614548135577 
0.46999999999996456, -1.9369604826836764 
0.47999999999996346, -1.936438824175281 
0.48999999999996235, -1.935381256805616 
0.49999999999996125, -1.933903616251716 
0.5099999999999602, -1.931741585676093 
0.519999999999959, -1.9292095755510494 
0.529999999999958, -1.9276815437124721 
0.5399999999999568, -1.9274764066537806 
0.5499999999999557, -1.9271267921008175 
0.5599999999999546, -1.9248922508326913 
0.5699999999999535, -1.9167005173601512 
0.5799999999999524, -1.8822739646830935 
0.5899999999999513, -1.6688098562776426 
0.5999999999999502, -0.1892338990754704 
0.6099999999999491, 0.9602528844684984 
0.619999999999948, 1.0649146324379553 
0.6299999999999469, 1.0813590320854338 
0.6399999999999458, 1.0853575704699725 
0.6499999999999447, 1.0859103915263097 
0.6599999999999436, 1.0844092121908722 
0.6699999999999425, 1.0800953524242882 
0.6799999999999414, 1.070359131325913 
0.6899999999999403, 1.0520276588709414 
0.6999999999999392, 1.0301139151490761 
0.7099999999999381, 1.0183340834649885 
0.719999999999937, 1.0167830948539922 
0.7299999999999359, 1.0180848459077483 
0.7399999999999348, 1.0190686694518625 
0.7499999999999337, 1.0190195926503716 
0.7599999999999326, 1.017369646838381 
0.7699999999999315, 1.0120903342761998 
0.7799999999999304, 0.994037118765854 
0.7899999999999293, 0.9030692097233335 
0.7999999999999282, 0.27846753682420067 
0.8099999999999271, 2.2203889714380565 
0.819999999999926, 3.7586217296198923 
0.8299999999999249, 3.765220142121526 
0.8399999999999238, 3.7619889901266226 
0.8499999999999227, 3.557455423232102 
0.8599999999999216, -5.3715983319876335 
0.8699999999999205, -5.39493023674877 
0.8799999999999194, -5.394014405666985 
0.8899999999999183, -5.381509841097476 
0.8999999999999172, -5.350191472093977 
0.9099999999999161, -5.364813839620396 
0.919999999999915, -5.364173389411084 
0.9299999999999139, -5.362269705513263 
0.9399999999999128, -5.359876476324572 
0.9499999999999117, -5.359267399715593 
0.9599999999999106, -5.357173276664627 
0.9699999999999095, -5.360487217324016 
0.9799999999999084, -5.360011487470787 
0.9899999999999073, -5.354300554254438 
0.9999999999999062, -5.298083246886168 
1.0099999999999052, -5.424459253576096 
1.019999999999904, -5.427776814263108 
1.029999999999903, -5.423756853702308 
1.039999999999902, -5.210463653957735 
1.0499999999999008, 3.439493476374907 
1.0599999999998997, 3.466413123883135 
1.0699999999998986, 3.466530184136702 
1.0799999999998975, 3.455923352246244 
1.0899999999998964, 3.1582499192334486 
1.0999999999998953, 3.2886352003203534 
1.1099999999998942, 3.2998765293652577 
1.119999999999893, 3.3002532749045477 
1.129999999999892, 3.299509819161286 
1.1399999999998909, 3.296951490841722 
1.1499999999998898, 3.2943119928750506 
1.1599999999998887, 3.294559503685533 
1.1699999999998876, 3.2927009829365916 
1.1799999999998865, 3.285226624653017 
1.1899999999998854, 3.2986647491310777 
1.1999999999998843, 3.3071902798755146 
1.2099999999998832, 3.307836106940666 
1.219999999999882, 3.304686169481793 
1.229999999999881, 3.2267490655702433 
1.2399999999998799, -5.481040892101158 
1.2499999999998788, -5.563447129372524 
1.2599999999998777, -5.564282762408705 
1.2699999999998766, -5.554793104358221 
1.2799999999998755, -2.1422808866748406 
1.2899999999998744, 3.097953468035565 
1.2999999999998733, 3.1151339809440266 
1.3099999999998722, 3.115838892472731 
1.319999999999871, 3.1138432192745986 
1.32999999999987, 3.1055412344818523 
1.3399999999998689, 3.097169589440433 
1.3499999999998678, 3.100837200282318 
1.3599999999998666, 3.101148707851418 
1.3699999999998655, 3.098977732469398 
1.3799999999998644, 3.101201056600995 
1.3899999999998633, 3.1053820844192535 
1.3999999999998622, 3.1061747872239787 
1.4099999999998611, 3.1052241285854336 
1.41999999999986, 3.098208515425879 
1.429999999999859, 2.8052039547523466 
1.4399999999998578, 3.7655109889037752 
1.4499999999998567, 3.8087094177617793 
1.4599999999998556, 3.8089295710930173 
1.4699999999998545, 3.7915364416825525 
1.4799999999998534, -5.282108347152163 
1.4899999999998523, -5.599122974984807 
1.4999999999998512, -5.600847645738664 
1.5099999999998501, -5.59495212604283 
1.519999999999849, -5.515183498887653 
1.529999999999848, -5.557141366905685 
1.5399999999998468, -5.557839611480959 
1.5499999999998457, -5.555962527710761 
1.5599999999998446, -5.55174012093332 
1.5699999999998435, -5.552339723986117 
1.5799999999998424, -5.550252943019016 
1.5899999999998413, -5.551950421349787 
1.5999999999998402, -5.551242064627196 
1.6099999999998391, -5.546747383933004 
1.619999999999838, -5.5321233459894685 
1.629999999999837, -5.573960279036061 
1.6399999999998358, -5.575013107884418 
1.6499999999998347, -5.567418220726404 
1.6599999999998336, -0.7076645153933334 
1.6699999999998325, 3.939315842229958 
1.6799999999998314, 3.9450520410888807 
1.6899999999998303, 3.9407147207139763 
1.6999999999998292, 3.4351250139186833 
1.709999999999828, -3.820188630671332 
1.719999999999827, -3.966956322134949 
1.729999999999826, -3.9719681733003944 
1.7399999999998248, -3.9713505900496466 
1.7499999999998237, -3.968758923245212 
1.7599999999998226, -3.9616271432250203 
1.7699999999998215, -3.9615106885786253 
1.7799999999998204, -3.962150675562684 
1.7899999999998193, -3.959780094975946 
1.7999999999998182, -3.962585644014714 
1.809999999999817, -3.9646635182667063 
1.819999999999816, -3.9645402164447416 
1.8299999999998149, -3.962224112523086 
1.8399999999998138, -3.934970628813185 
1.8499999999998127, -3.435806270425519 
1.8599999999998116, -4.611091635717438 
1.8699999999998105, -4.631018940959591 
1.8799999999998094, -4.631726686612032 
1.8899999999998083, -4.626510834093109 
1.8999999999998072, -4.53657588369478 
1.909999999999806, 2.1777281352305407 
1.919999999999805, 2.4454159521976853 
1.9299999999998039, 2.4537440474736245 
1.9399999999998028, 2.4543951748393784 
1.9499999999998017, 2.453209248125119 
1.9599999999998006, 2.4493043868298825 
1.9699999999997995, 2.442004710565997 
1.9799999999997984, 2.4392881028516276 
1.9899999999997973, 2.440725951304266 
1.9999999999997962, 2.440423531017548 
2.0099999999998173, 2.4363112172412302 
2.0199999999998384, 2.4303364412315873 
2.0299999999998595, 2.4495868067539415 
2.0399999999998806, 2.463062483919854 
2.0499999999999017, 2.466000208665646 
2.059999999999923, 2.465512353059104 
2.069999999999944, 2.4598923960042693 
2.079999999999965, 2.363793392491347 
2.089999999999986, -4.2395633009609766 
2.100000000000007, -4.459583016639888 
2.1100000000000283, -4.46640092424107 
2.1200000000000494, -4.465416460752577 
2.1300000000000705, -4.456395285976933 
2.1400000000000916, -4.311427804271338 
2.1500000000001127, -4.331773006137906 
2.160000000000134, -4.345632938581637 
2.170000000000155, -4.34554304050547 
2.180000000000176, -4.344312660585155 
2.190000000000197, -4.340895726257385 
2.2000000000002182, -4.340350823670799 
2.2100000000002393, -4.339277262166867 
2.2200000000002604, -4.335845824213288 
2.2300000000002815, -4.342702283986499 
2.2400000000003026, -4.3444505425874915 
2.2500000000003237, -4.343664614707722 
2.260000000000345, -4.334736723681671 
2.270000000000366, -3.825040785100324 
2.280000000000387, -5.518276068766153 
2.290000000000408, -5.566129593060736 
2.3000000000004293, -5.566258804428824 
2.3100000000004504, -5.55334379738143 
2.3200000000004715, 1.9215747903517157 
2.3300000000004926, 3.488852016774003 
2.3400000000005137, 3.4948404051951476 
2.3500000000005348, 3.493626659155706 
2.360000000000556, 3.482031887074952 
2.370000000000577, 3.4484428351985015 
2.380000000000598, 3.463992852297907 
2.390000000000619, 3.465864665231402 
2.4000000000006403, 3.465315865407638 
2.4100000000006614, 3.4657914576957416 
2.4200000000006825, 3.4653913895230035 
2.4300000000007036, 3.4645772206627767 
2.4400000000007247, 3.463118986236848 
2.450000000000746, 3.4492773619216415 
2.460000000000767, 3.4588872211130406 
2.470000000000788, 3.5051271264399055 
2.480000000000809, 3.5081862685965435 
2.49000000000083, 3.5054890884178818 
2.5000000000008513, 3.423113774986697 
2.5100000000008724, -5.463294025541208 
2.5200000000008935, -5.5128440974474735 
2.5300000000009146, -5.513001025708911 
2.5400000000009357, -5.501565497230429 
2.550000000000957, -4.76858671239258 
2.560000000000978, -5.183035983635412 
2.570000000000999, -5.187425747213416 
2.58000000000102, -5.185720980512677 
2.5900000000010412, -5.17729300606855 
2.6000000000010624, -5.1770481557104056 
2.6100000000010835, -5.1774939948614715 
2.6200000000011046, -5.1768932761457975 
2.6300000000011257, -5.1765796000621656 
2.6400000000011468, -5.1756521773535855 
2.650000000001168, -5.170311067217307 
2.660000000001189, -5.170611404162935 
2.67000000000121, -5.187405906258407 
2.680000000001231, -5.187830481695746 
2.6900000000012523, -5.181125886044689 
2.7000000000012734, -3.7972928304328564 
2.7100000000012945, 3.9721772669935285 
2.7200000000013156, 3.982822995597361 
2.7300000000013367, 3.980094824489067 
2.740000000001358, 3.7896641731336986 
2.750000000001379, -5.217877583707521 
2.7600000000014, -5.246757915608845 
2.770000000001421, -5.24626798872746 
2.780000000001442, -5.238539268184498 
2.7900000000014633, -5.214432870992574 
2.8000000000014844, -5.2263571332408425 
2.8100000000015055, -5.225838527574333 
2.8200000000015266, -5.224822956160241 
2.8300000000015477, -5.222650868378858 
2.840000000001569, -5.221967326749757 
2.85000000000159, -5.217133645822452 
2.860000000001611, -5.223982399536809 
2.870000000001632, -5.224853750914525 
2.8800000000016532, -5.222297352451479 
2.8900000000016743, -5.13159599493998 
2.9000000000016954, -5.4234592298460464 
2.9100000000017165, -5.45071047444164 
2.9200000000017377, -5.450370184842289 
2.9300000000017588, -5.435086527911601 
2.94000000000178, 2.3992708035359174 
2.950000000001801, 3.4396462524923144 
2.960000000001822, 3.445095784477708 
2.970000000001843, 3.443298653097634 
2.9800000000018643, 3.4223968033585157 
2.9900000000018854, 3.3521804487435296 
3.0000000000019065, 3.3858833160245796 
3.0100000000019276, 3.3883611713861095 
3.0200000000019487, 3.3880608962205896 
3.03000000000197, 3.3877718043499927 
3.040000000001991, 3.3863246597187797 
3.050000000002012, 3.3853385982555233 
3.060000000002033, 3.3844547007540706 
3.070000000002054, 3.3764782687482353 
3.0800000000020753, 3.374557086656972 
3.0900000000020964, 3.407005413314289 
3.1000000000021175, 3.410824985123032 
3.1100000000021386, 3.4093734686260495 
3.1200000000021597, 3.3849919596777163 
3.130000000002181, -5.125182756125268 
3.140000000002202, -5.454068931533309 
3.150000000002223, -5.457159793708448 
3.160000000002244, -5.452378467901076 
3.1700000000022652, -5.203846750721755 
3.1800000000022863, -4.637003510581687 
3.1900000000023074, -4.691436722030271 
3.2000000000023285, -4.6923922502181785 
3.2100000000023496, -4.690226451076141 
3.2200000000023707, -4.681345404894757 
3.230000000002392, -4.681487569815921 
3.240000000002413, -4.682188036807001 
3.250000000002434, -4.68118999550905 
3.260000000002455, -4.682134050194307 
3.2700000000024763, -4.681469330290537 
3.2800000000024974, -4.679667864871668 
3.2900000000025185, -4.657529989555597 
3.3000000000025396, -4.698727877895299 
3.3100000000025607, -4.716919615109909 
3.3200000000025818, -4.717646041346016 
3.330000000002603, -4.712588393298802 
3.340000000002624, -4.57526521350891 
3.350000000002645, 2.69832980019713 
3.360000000002666, 2.787112480020101 
3.3700000000026873, 2.7906508427338546 
3.3800000000027084, 2.788771983160232 
3.3900000000027295, 2.7719215161772928 
3.4000000000027506, 2.599609194148737 
3.4100000000027717, 2.648446597063992 
3.420000000002793, 2.664508466923504 
3.430000000002814, 2.6659041078905577 
3.440000000002835, 2.665667391178556 
3.450000000002856, 2.665825650326985 
3.460000000002877, 2.6656479530827815 
3.4700000000028983, 2.664788016481318 
3.4800000000029194, 2.6641727398572086 
3.4900000000029405, 2.6627772470682536 
3.5000000000029616, 2.6531486102495094 
3.5100000000029827, 2.568245860217383 
3.520000000003004, 2.7644143153704226 
3.530000000003025, 2.7990916617583728 
3.540000000003046, 2.801782602199746 
3.550000000003067, 2.799372369065703 
3.5600000000030882, 2.766974491493481 
3.5700000000031094, -3.9762633307879467 
3.5800000000031305, -4.6939206872402455 
3.5900000000031516, -4.701596335357198 
3.6000000000031727, -4.700385275493619 
3.6100000000031938, -4.6902198098955346 
3.620000000003215, -4.63323292942408 
3.630000000003236, -4.660052352954142 
3.640000000003257, -4.661624176524976 
3.650000000003278, -4.660802553641831 
3.6600000000032993, -4.658937508776351 
3.6700000000033204, -4.657583010387394 
3.6800000000033415, -4.656438943762849 
3.6900000000033626, -4.651336891275774 
3.7000000000033837, -4.660384980214339 
3.710000000003405, -4.662358833205359 
3.720000000003426, -4.661162360981285 
3.730000000003447, -4.644308490537837 
3.740000000003468, -3.059643921833781 
3.750000000003489, -5.88860659273892 
3.7600000000035103, -5.897700668005281 
3.7700000000035314, -5.894401267145892 
3.7800000000035525, -5.690195424457196 
3.7900000000035736, 3.831928365589161 
3.8000000000035947, 3.8501581033632553 
3.810000000003616, 3.8495834856453044 
3.820000000003637, 3.8372965178334106 
3.830000000003658, 3.7842164835848515 
3.840000000003679, 3.810499842603572 
3.8500000000037002, 3.8120271088587763 
3.8600000000037213, 3.811651011342655 
3.8700000000037424, 3.8107809342581875 
3.8800000000037635, 3.8089226515736074 
3.8900000000037847, 3.8085195150253788 
3.9000000000038058, 3.804889719859176 
3.910000000003827, 3.7984539837268714 
3.920000000003848, 3.8185197397428303 
3.930000000003869, 3.821399752111236 
3.94000000000389, 3.819597314497151 
3.9500000000039113, 3.776749532409949 
3.9600000000039324, -6.237113780099902 
3.9700000000039535, -6.3315399372194054 
3.9800000000039746, -6.330757108944814 
3.9900000000039957, -6.2846119601298716 
4.000000000004016, 4.201851575724916 
4.010000000003993, 4.235665155402761 
4.02000000000397, 4.235185416828761 
4.030000000003946, 4.220253866797633 
4.040000000003923, 4.1811757504365925 
4.0500000000039, 4.2003028827116955 
4.0600000000038765, 4.200601013962757 
4.070000000003853, 4.199936786315808 
4.08000000000383, 4.1975096137812 
4.090000000003807, 4.196630301028746 
4.100000000003783, 4.1952838227312785 
4.11000000000376, 4.190049256551351 
4.120000000003737, 4.200200068429823 
4.130000000003713, 4.202215726340634 
4.14000000000369, 4.200387348228007 
4.150000000003667, 4.15043726720788 
4.1600000000036434, 4.520126079569596 
4.17000000000362, 4.562610969939797 
4.180000000003597, 4.561323752525894 
4.1900000000035735, 4.418053824427062 
4.20000000000355, -6.5064008884656115 
4.210000000003527, -6.515723342694137 
4.220000000003504, -6.510290647738157 
4.23000000000348, -6.222962258987347 
4.240000000003457, -6.3946230496258725 
4.250000000003434, -6.3944602405204405 
4.26000000000341, -6.387407714345469 
4.270000000003387, -6.385111738417783 
4.280000000003364, -6.385332926497804 
4.2900000000033405, -6.38427198376674 
4.300000000003317, -6.382337253941371 
4.310000000003294, -6.379913314834781 
4.320000000003271, -6.380537760088488 
4.330000000003247, -6.381980862967736 
4.340000000003224, -6.378925942995762 
4.350000000003201, -6.324620310712474 
4.360000000003177, -6.421909509575025 
4.370000000003154, -6.42229507214951 
4.380000000003131, -6.39702932609816 
4.390000000003107, 4.634473433755266 
4.400000000003084, 4.674805308449112 
4.410000000003061, 4.672746381871731 
4.4200000000030375, 4.305247711791852 
4.430000000003014, -5.288027505995538 
4.440000000002991, -5.3128615958940095 
4.450000000002968, -5.312122916435963 
4.460000000002944, -5.3040957244560385 
4.470000000002921, -5.289641434962368 
4.480000000002898, -5.296796592994307 
4.490000000002874, -5.295931111399276 
4.500000000002851, -5.294942476503512 
4.510000000002828, -5.293291851802016 
4.520000000002804, -5.2917636280845235 
4.530000000002781, -5.287697941448174 
4.540000000002758, -5.295746651684506 
4.5500000000027345, -5.295971652135681 
4.560000000002711, -5.291134924784627 
4.570000000002688, -4.948081177749337 
4.580000000002665, -5.581937681927259 
4.590000000002641, -5.592577759182968 
4.600000000002618, -5.590462225143594 
4.610000000002595, -5.535843490967856 
4.620000000002571, 3.5145564974702324 
4.630000000002548, 3.5820830174609313 
4.640000000002525, 3.5833094513772408 
4.6500000000025015, 3.5780796946684488 
4.660000000002478, 3.510068288453693 
4.670000000002455, 3.518425787176311 
4.6800000000024315, 3.5282744794436725 
4.690000000002408, 3.5284032863122414 
4.700000000002385, 3.528082240895833 
4.710000000002362, 3.5267827382161236 
4.720000000002338, 3.525197613870695 
4.730000000002315, 3.5248018940111927 
4.740000000002292, 3.520479488867813 
4.750000000002268, 3.5114977919790547 
4.760000000002245, 3.538368301319057 
4.770000000002222, 3.543110517083325 
4.7800000000021985, 3.5421504708175924 
4.790000000002175, 3.5261883738546067 
4.800000000002152, -4.8171725065581015 
4.810000000002129, -5.691986550804172 
4.820000000002105, -5.695556278123028 
4.830000000002082, -5.6902742905326695 
4.840000000002059, -5.083418906650868 
4.850000000002035, 2.978603824633427 
4.860000000002012, 3.024897839909058 
4.870000000001989, 3.0269684802274144 
4.880000000001965, 3.026069768313496 
4.890000000001942, 3.021696224909908 
4.900000000001919, 3.0124521116607816 
4.9100000000018955, 3.0127513096881104 
4.920000000001872, 3.014293818542139 
4.930000000001849, 3.0124987235762206 
4.940000000001826, 3.010768707308902 
4.950000000001802, 3.0175056144375665 
4.960000000001779, 3.0210893131712693 
4.970000000001756, 3.0212533418526926 
4.980000000001732, 3.0190296871046245 
4.990000000001709, 2.9926706827845138 
5.000000000001686, -1.4060951026014696 
5.0100000000016625, -6.170588422305335 
5.020000000001639, -6.176468171802978 
5.030000000001616, -6.170834598212412 
5.0400000000015925, -2.5181645097404113 
5.050000000001569, 4.108492470576906 
5.060000000001546, 4.113748636279865 
5.070000000001523, 4.110887418674631 
5.080000000001499, 4.066175311438441 
5.090000000001476, 4.067465343262611 
5.100000000001453, 4.074754623138255 
5.110000000001429, 4.07449596709009 
5.120000000001406, 4.0735875120555125 
5.130000000001383, 4.071048352759929 
5.1400000000013595, 4.070689876992558 
5.150000000001336, 4.068403964213053 
5.160000000001313, 4.064266310466587 
5.17000000000129, 4.075803926745264 
5.180000000001266, 4.077402962288579 
5.190000000001243, 4.075181949169441 
5.20000000000122, 4.001441258704454 
5.210000000001196, 4.600396704951825 
5.220000000001173, 4.640141941716254 
5.23000000000115, 4.63845491428459 
5.240000000001126, 4.366069243972432 
5.250000000001103, -6.556557143079831 
5.26000000000108, -6.562688965175139 
5.2700000000010565, -6.555490371874884 
5.280000000001033, -6.3828133386784405 
5.29000000000101, -6.465459851581732 
5.300000000000987, -6.464473500058278 
5.310000000000963, -6.455595334369323 
5.32000000000094, -6.456664772428202 
5.330000000000917, -6.455881317060628 
5.340000000000893, -6.454716404628549 
5.35000000000087, -6.453138890871877 
5.360000000000847, -6.449217429929801 
5.3700000000008234, -6.45250726548462 
5.3800000000008, -6.452627135974529 
5.390000000000777, -6.445888310889994 
5.4000000000007535, -6.459821687664769 
5.41000000000073, -6.49353200518707 
5.420000000000707, -6.49176254719111 
5.430000000000684, -6.289703687582225 
5.44000000000066, 4.748800277411318 
5.450000000000637, 4.756531191825503 
5.460000000000614, 4.749150250004897 
5.47000000000059, -3.6155770598130608 
5.480000000000567, -5.5488768704266285 
5.490000000000544, -5.552627723961521 
5.5000000000005205, -5.549454870797336 
5.510000000000497, -5.523181309714387 
5.520000000000474, -5.533754708377503 
5.5300000000004506, -5.534156197821683 
5.540000000000427, -5.533095049760147 
5.550000000000404, -5.530598611657934 
5.560000000000381, -5.530047143373887 
5.570000000000357, -5.526034429420778 
5.580000000000334, -5.531087727195038 
5.590000000000311, -5.531168750384879 
5.600000000000287, -5.526990293892726 
5.610000000000264, -5.406620308207918 
5.620000000000241, -5.619889871432774 
5.6300000000002175, -5.624685457944773 
5.640000000000194, -5.620927529043448 
5.650000000000171, -5.38723346948653 
5.660000000000148, 3.6236996908281567 
5.670000000000124, 3.6445970522066085 
5.680000000000101, 3.6440872620245415 
5.690000000000078, 3.62746993676556 
5.700000000000054, 3.355471574634142 
5.710000000000031, 3.4917823192615707 
5.720000000000008, 3.4966830600346936 
5.729999999999984, 3.4964939276013416 
5.739999999999961, 3.4949946270414456 
5.749999999999938, 3.4911904410076176 
5.7599999999999145, 3.490410902401989 
5.769999999999891, 3.490276604604305 
5.779999999999868, 3.4857680463005187 
5.789999999999845, 3.488805026539373 
5.799999999999821, 3.4981709647088635 
5.809999999999798, 3.4993898675640067 
5.819999999999775, 3.4974855594930583 
5.829999999999751, 3.4662451309518567 
5.839999999999728, -4.979199822808341 
5.849999999999705, -6.837411325751477 
5.8599999999996815, -6.838016380419312 
5.869999999999658, -6.7995397166182485 
5.879999999999635, 4.790498800908602 
5.8899999999996115, 4.809694462884814 
5.899999999999588, 4.806964367452268 
5.909999999999565, 4.687913236695093 
5.919999999999542, 4.740029848073276 
5.929999999999518, 4.7434788221230235 
5.939999999999495, 4.742259100071314 
5.949999999999472, 4.736494954698412 
5.959999999999448, 4.736605750304309 
5.969999999999425, 4.73598289297652 
5.979999999999402, 4.735608865948426 
5.9899999999993785, 4.737049481885933 
5.999999999999355, 4.736180253613822 
6.009999999999332, 4.730927699817036 
6.019999999999309, 4.71943852074151 
6.029999999999285, 4.761587775234024 
6.039999999999262, 4.761894851082067 
6.049999999999239, 4.740178862329097 
6.059999999999215, -6.912629169267764 
6.069999999999192, -6.952378639308996 
6.079999999999169, -6.948744871285449 
6.089999999999145, -2.1077572688738604 
6.099999999999122, 4.806327821968408 
6.109999999999099, 4.808761198256919 
6.1199999999990755, 4.8007035803834155 
6.129999999999052, 4.742842208825996 
6.139999999999029, 4.771806989301546 
6.149999999999006, 4.771965882697928 
6.159999999998982, 4.770263078627673 
6.169999999998959, 4.766410395439699 
6.179999999998936, 4.766952502894534 
6.189999999998912, 4.764284443799806 
6.199999999998889, 4.766917348483998 
6.209999999998866, 4.767909449969605 
6.2199999999988425, 4.76635545270834 
6.229999999998819, 4.737087926991617 
6.239999999998796, 4.802791043640056 
6.2499999999987725, 4.81391242895967 
6.259999999998749, 4.810769985529083 
6.269999999998726, 1.990166742273567 
6.279999999998703, -6.86000199832399 
6.289999999998679, -6.861755193605259 
6.299999999998656, -6.83759708810783 
6.309999999998633, 4.242665689128538 
6.319999999998609, 4.323134097443663 
6.329999999998586, 4.323513995575571 
6.339999999998563, 4.3163795652558905 
6.3499999999985395, 4.289299538226876 
6.359999999998516, 4.30289139338053 
6.369999999998493, 4.303171704662061 
6.37999999999847, 4.302844753814181 
6.389999999998446, 4.301540862078164 
6.399999999998423, 4.300465750291631 
6.4099999999984, 4.298673133586296 
6.419999999998376, 4.2901279186344805 
6.429999999998353, 4.30633922002645 
6.43999999999833, 4.308896216132675 
6.449999999998306, 4.306524875311678 
6.459999999998283, 4.177237808416624 
6.46999999999826, 5.098739074877646 
6.4799999999982365, 5.118352627825638 
6.489999999998213, 5.113329586742582 
6.49999999999819, -6.570312487286856 
6.509999999998167, -7.044219713807353 
6.519999999998143, -7.042825377032697 
6.52999999999812, -6.896901894308471 
6.539999999998097, -6.924867520402432 
6.549999999998073, -6.926188215218636 
6.55999999999805, -6.918627448805256 
6.569999999998027, -6.91589247729272 
6.5799999999980034, -6.91594679056316 
6.58999999999798, -6.914052115178261 
6.599999999997957, -6.9122736378857805 
6.6099999999979335, -6.909252575202477 
6.61999999999791, -6.910910341098102 
6.629999999997887, -6.909651547688954 
6.639999999997864, -6.892900424293204 
6.64999999999784, -6.9183648556269635 
6.659999999997817, -6.919337476386485 
6.669999999997794, -6.895585255676482 
6.67999999999777, -7.774696169376884 
6.689999999997747, -7.802316574133423 
6.699999999997724, -7.792230183959373 
6.7099999999977005, 5.769022355703081 
6.719999999997677, 5.797727918382284 
6.729999999997654, 5.790472929194723 
6.7399999999976306, 5.5438987255941266 
6.749999999997607, 5.610277958255482 
6.759999999997584, 5.609104165355628 
6.769999999997561, 5.5925222093256055 
6.779999999997537, 5.598442395596573 
6.789999999997514, 5.598356718168803 
6.799999999997491, 5.597351250450744 
6.809999999997467, 5.59518848646446 
6.819999999997444, 5.593956207277693 
6.829999999997421, 5.591882650455961 
6.8399999999973975, 5.595912693151404 
6.849999999997374, 5.5945714083706495 
6.859999999997351, 5.559710245146117 
6.869999999997328, 5.628108714223339 
6.879999999997304, 5.631744655755299 
6.889999999997281, 5.613366788385005 
6.899999999997258, -7.777030287470092 
6.909999999997234, -7.791778903435754 
6.919999999997211, -7.776591149386732 
6.929999999997188, 5.6805455085736 
6.939999999997164, 5.698858706433432 
6.949999999997141, 5.692546798816057 
6.959999999997118, 5.60697932312716 
6.9699999999970945, 5.642630903671857 
6.979999999997071, 5.64173109868962 
6.989999999997048, 5.633836935885495 
6.999999999997025, 5.6351175730377765 
7.009999999997001, 5.634355567779275 
7.019999999996978, 5.634234686001545 
7.029999999996955, 5.632832798330147 
7.039999999996931, 5.630726733515205 
7.049999999996908, 5.626753242868899 
7.059999999996885, 5.635953333744302 
7.0699999999968615, 5.6345400301235085 
7.079999999996838, 5.532861234586092 
7.089999999996815, 5.742658682605294 
7.0999999999967915, 5.745391794894429 
7.109999999996768, 5.696169074644358 
7.119999999996745, -7.750350454170052 
7.129999999996722, -7.7548572226331585 
7.139999999996698, -7.713093153703251 
7.149999999996675, 4.792866154785907 
7.159999999996652, 4.821918806596353 
7.169999999996628, 4.820702184165548 
7.179999999996605, 4.79845378336819 
7.189999999996582, 4.797962712908413 
7.1999999999965585, 4.801544216331974 
7.209999999996535, 4.800932258398783 
7.219999999996512, 4.799002914671218 
7.229999999996489, 4.797602770059613 
7.239999999996465, 4.796190583922426 
7.249999999996442, 4.79342606554737 
7.259999999996419, 4.799947364834205 
7.269999999996395, 4.799782911185304 
7.279999999996372, 4.7934245943628255 
7.289999999996349, 4.74604222768251 
7.299999999996325, 4.900009917306368 
7.309999999996302, 4.90045975742437 
7.319999999996279, 4.859018292349013 
7.3299999999962555, -6.887619658502293 
7.339999999996232, -6.902916857600417 
7.349999999996209, -6.897086597941073 
7.359999999996186, -5.028572687292207 
7.369999999996162, -6.203931602850947 
7.379999999996139, -6.205401450827779 
7.389999999996116, -6.199027012001964 
7.399999999996092, -6.18496765867547 
7.409999999996069, -6.190941475720658 
7.419999999996046, -6.1897070873830025 
7.4299999999960225, -6.186766685218489 
7.439999999995999, -6.186221916230631 
7.449999999995976, -6.183372085336957 
7.4599999999959525, -6.185780813596859 
7.469999999995929, -6.184778402587368 
7.479999999995906, -6.171531230536522 
7.489999999995883, -6.1979827346965655 
7.499999999995859, -6.206900438840188 
7.509999999995836, -6.203789207836003 
7.519999999995813, -5.437473767561914 
7.529999999995789, 4.779976477580432 
7.539999999995766, 4.785189232854264 
7.549999999995743, 4.7745540314941195 
7.5599999999957195, -6.049051653171704 
7.569999999995696, -6.246701852923185 
7.579999999995673, -6.246276371988352 
7.58999999999565, -6.227400580267578 
7.599999999995626, -6.2095538953558345 
7.609999999995603, -6.215441165670712 
7.61999999999558, -6.213698175936019 
7.629999999995556, -6.208640392415844 
7.639999999995533, -6.209432359254723 
7.64999999999551, -6.20788634412895 
7.659999999995486, -6.207957325480974 
7.669999999995463, -6.206634650349953 
7.67999999999544, -6.195357956857791 
7.6899999999954165, -6.211467664112584 
7.699999999995393, -6.213043305174493 
7.70999999999537, -6.206063561182205 
7.719999999995347, -5.938141934852918 
7.729999999995323, -6.737336875267298 
7.7399999999953, -6.7377831754699375 
7.749999999995277, -6.700854896387959 
7.759999999995253, 4.710294999706419 
7.76999999999523, 4.732053044180401 
7.779999999995207, 4.729424038380739 
7.789999999995183, 4.5631731633726655 
7.79999999999516, 4.618244196407452 
7.809999999995137, 4.6234540771436805 
7.8199999999951135, 4.622311011838415 
7.82999999999509, 4.615624376867247 
7.839999999995067, 4.6148589195026855 
7.849999999995044, 4.615284468820185 
7.85999999999502, 4.614313560059637 
7.869999999994997, 4.615682613844958 
7.879999999994974, 4.614950247202259 
7.88999999999495, 4.612427526969154 
7.899999999994927, 4.583879444455221 
7.909999999994904, 4.634350421230378 
7.9199999999948805, 4.637584961295401 
7.929999999994857, 4.632416226608706 
7.939999999994834, -3.460556894690781 
7.9499999999948106, -6.873032265729764 
7.959999999994787, -6.8737470063136445 
7.969999999994764, -6.835831479090625 
7.979999999994741, 4.730126549538432 
7.989999999994717, 4.751797769017264 
7.999999999994694, 4.7498444331353955 
8.00999999999467, 4.698243957616755 
8.019999999994647, 4.709449693415774 
8.029999999994624, 4.713590382213699 
8.0399999999946, 4.712829865582863 
8.049999999994577, 4.709422450962598 
8.059999999994554, 4.708128487901485 
8.06999999999453, 4.707448799051687 
8.079999999994508, 4.705749876783207 
8.089999999994484, 4.709415604616103 
8.099999999994461, 4.709052921172019 
8.109999999994438, 4.704906909127242 
8.119999999994414, 4.642223608527214 
8.129999999994391, 4.758836087943542 
8.139999999994368, 4.760680693533112 
8.149999999994344, 4.747446887150501 
8.159999999994321, -6.71649295841177 
8.169999999994298, -6.794016646278661 
8.179999999994275, -6.7918208924571575 
8.189999999994251, -6.420087218734771 
8.199999999994228, 3.927661903517918 
8.209999999994205, 3.950070689985548 
8.219999999994181, 3.9499939263882973 
8.229999999994158, 3.944199870787563 
8.239999999994135, 3.924503579430822 
8.249999999994111, 3.9329056851332114 
8.259999999994088, 3.9336548137114584 
8.269999999994065, 3.933148333699564 
8.279999999994041, 3.9336974927219295 
8.289999999994018, 3.9328759534354725 
8.299999999993995, 3.9319611656470044 
8.309999999993972, 3.924933278922083 
8.319999999993948, 3.9176736301411217 
8.329999999993925, 3.957000384520974 
8.339999999993902, 3.9592992063889 
8.349999999993878, 3.955343360194057 
8.359999999993855, 3.414457773268648 
8.369999999993832, -6.034794333728511 
8.379999999993808, -6.04468271446345 
8.389999999993785, -6.041073863315172 
8.399999999993762, -5.702694353230446 
8.409999999993738, 3.1949414268797938 
8.419999999993715, 3.246372630360406 
8.429999999993692, 3.2481804825898273 
8.439999999993669, 3.246889886934203 
8.449999999993645, 3.2405602916708434 
8.459999999993622, 3.2307905550227836 
8.469999999993599, 3.2340259628285137 
8.479999999993575, 3.234630843404137 
8.489999999993552, 3.232558700725923 
8.499999999993529, 3.2345775916151163 
8.509999999993505, 3.2382373578864594 
8.519999999993482, 3.2387272576587387 
8.529999999993459, 3.237566043413763 
8.539999999993436, 3.227999470474807 
8.549999999993412, 2.781081645187445 
8.559999999993389, 3.6467579812714286 
8.569999999993366, 3.6645530799409456 
8.579999999993342, 3.663800190480745 
8.589999999993319, 3.6367056744231996 
8.599999999993296, -5.347075734344965 
8.609999999993272, -5.511403590054291 
8.619999999993249, -5.51265401127637 
8.629999999993226, -5.506252302969352 
8.639999999993202, -5.416726979659497 
8.64999999999318, -5.463623168237164 
8.659999999993156, -5.464602490836801 
8.669999999993133, -5.4628468708502735 
8.67999999999311, -5.4583610325372165 
8.689999999993086, -5.459069645207375 
8.699999999993063, -5.456842473317565 
8.70999999999304, -5.458620958336207 
8.719999999993016, -5.458124879239779 
8.729999999992993, -5.45516098495054 
8.73999999999297, -5.422979003463236 
8.749999999992946, -5.482322202085767 
8.759999999992923, -5.4854143977930665 
8.7699999999929, -5.481599217070934 
8.779999999992876, -5.1979040996505335 
8.789999999992853, 3.7497332462266413 
8.79999999999283, 3.76834727430145 
8.809999999992806, 3.7672266956165705 
8.819999999992783, 3.731131557928554 
8.82999999999276, 1.8493339006378366 
8.839999999992736, 2.635464487386439 
8.849999999992713, 2.6510217558211973 
8.85999999999269, 2.652253417581341 
8.869999999992666, 2.6518081772792774 
8.879999999992643, 2.650076706351971 
8.88999999999262, 2.6464549621205036 
8.899999999992596, 2.6441994037454957 
8.909999999992573, 2.6445081958548218 
8.91999999999255, 2.643427676976791 
8.929999999992527, 2.6362691104439784 
8.939999999992503, 2.6297312110550735 
8.94999999999248, 2.6654808455650487 
8.959999999992457, 2.6762968109548897 
8.969999999992433, 2.67761832452843 
8.97999999999241, 2.6753323884881306 
8.989999999992387, 2.6509390645831865 
8.999999999992363, -2.7607294799079214 
9.00999999999234, -4.662271632844847 
9.019999999992317, -4.675379270457402 
9.029999999992294, -4.675077235345337 
9.03999999999227, -4.667710783689659 
9.049999999992247, -4.527859378086955 
9.059999999992224, -4.537310761820271 
9.0699999999922, -4.551275127153302 
9.079999999992177, -4.551016704063807 
9.089999999992154, -4.549361570375343 
9.09999999999213, -4.545152584947401 
9.109999999992107, -4.545485366411169 
9.119999999992084, -4.5437473268876625 
9.12999999999206, -4.543355099099683 
9.139999999992037, -4.54723669835475 
9.149999999992014, -4.547297127547461 
9.15999999999199, -4.544859882115544 
9.169999999991967, -4.498918253435869 
9.179999999991944, -4.694689482852666 
9.18999999999192, -4.81999402059909 
9.199999999991897, -4.823907479951869 
9.209999999991874, -4.821515073248571 
9.21999999999185, -4.792188467945847 
9.229999999991827, 1.8746057053575238 
9.239999999991804, 2.783573000032659 
9.24999999999178, 2.793126520989546 
9.259999999991757, 2.793352866022848 
9.269999999991734, 2.7901233114594652 
9.27999999999171, 2.7755249530044077 
9.289999999991688, 2.758140966423045 
9.299999999991664, 2.765610156200453 
9.309999999991641, 2.767663947237336 
9.319999999991618, 2.766503479098113 
9.329999999991594, 2.7661517428437783 
9.339999999991571, 2.7698348160678212 
9.349999999991548, 2.77206296429561 
9.359999999991524, 2.7721852973641274 
9.369999999991501, 2.7708946275759216 
9.379999999991478, 2.7620344048273022 
9.389999999991455, 2.4413502243527168 
9.399999999991431, 3.9509838246250473 
9.409999999991408, 4.041004758958716 
9.419999999991385, 4.041640596842324 
9.429999999991361, 4.023812687560602 
9.439999999991338, -5.610129045310857 
9.449999999991315, -5.7999521139224495 
9.459999999991291, -5.80057597891288 
9.469999999991268, -5.791197479420893 
9.479999999991245, -5.728388223898376 
9.489999999991221, -5.758133549556645 
9.499999999991198, -5.757574853900117 
9.509999999991175, -5.754408640583707 
9.519999999991152, -5.751922831132191 
9.529999999991128, -5.751473785052815 
9.539999999991105, -5.751026022410814 
9.549999999991082, -5.751093056929792 
9.559999999991058, -5.74973367579282 
9.569999999991035, -5.733376306509653 
9.579999999991012, -5.760142148995813 
9.589999999990988, -5.764588069215302 
9.599999999990965, -5.761517831389033 
9.609999999990942, -5.449611135186876 
9.619999999990918, 4.6343415401369885 
9.629999999990895, 4.645585941894365 
9.639999999990872, 4.6405876538631485 
9.649999999990849, -3.3185351328465904 
9.659999999990825, -6.251979167539081 
9.669999999990802, -6.253661681184135 
9.679999999990779, -6.244107167838592 
9.689999999990755, -6.197146004445823 
9.699999999990732, -6.216188135385075 
9.709999999990709, -6.214906960256323 
9.719999999990685, -6.209530947610192 
9.729999999990662, -6.209921099037041 
9.739999999990639, -6.208287986481805 
9.749999999990616, -6.208442235624818 
9.759999999990592, -6.207210935470346 
9.769999999990569, -6.201152036417064 
9.779999999990546, -6.208038127028667 
9.789999999990522, -6.211997214644198 
9.799999999990499, -6.208659255996162 
9.809999999990476, -5.636266246144692 
9.819999999990452, -6.56066127119921 
9.829999999990429, -6.564314625964011 
9.839999999990406, -6.553492582848259 
9.849999999990382, 4.375168483052679 
9.85999999999036, 4.5606533083674785 
9.869999999990336, 4.560787388966088 
9.879999999990313, 4.534817448714839 
9.88999999999029, 4.404969973791161 
9.899999999990266, 4.439781772386235 
9.909999999990243, 4.439959450320761 
9.91999999999022, 4.437052795140675 
9.929999999990196, 4.430183560641575 
9.939999999990173, 4.4324737936987315 
9.94999999999015, 4.431210103125915 
9.959999999990126, 4.431797121339228 
9.969999999990103, 4.432861701494566 
9.97999999999008, 4.432006364527757 
9.989999999990056, 4.426959296161386 
9.999999999990033, 4.400440388771437 
10.00999999999001, 4.46427409039201 
10.019999999989986, 4.466101645627992 
10.029999999989963, 4.457875133599498 
10.03999999998994, -6.027009339381924 
10.049999999989916, -6.542893503759087 
10.059999999989893, -6.543105193908654 
10.06999999998987, -6.511413585439655 
10.079999999989846, 3.989909268083303 
10.089999999989823, 4.070140163182902 
10.0999999999898, 4.0709316229783585 
10.109999999989776, 4.066051388721095 
10.119999999989753, 4.038785998961599 
10.12999999998973, 4.049801431624877 
10.139999999989707, 4.051332242514936 
10.149999999989683, 4.05084931711419 
10.15999999998966, 4.050755952796931 
10.169999999989637, 4.049489798970045 
10.179999999989613, 4.04870603886524 
10.18999999998959, 4.042200706274604 
10.199999999989567, 4.043452375278592 
10.209999999989543, 4.0637439565360856 
10.21999999998952, 4.0647412101948825 
10.229999999989497, 4.059358825227681 
10.239999999989474, 1.981052916347806 
10.24999999998945, -6.422194643318346 
10.259999999989427, -6.427176090489707 
10.269999999989404, -6.4193495233306574 
10.27999999998938, 3.267813536082893 
10.289999999989357, 4.304336413449507 
10.299999999989334, 4.3066365082248295 
10.30999999998931, 4.301438072938701 
10.319999999989287, 4.243131325735232 
10.329999999989264, 4.271267932707043 
10.33999999998924, 4.273349644088671 
10.349999999989217, 4.272823267478096 
10.359999999989194, 4.27096139410629 
10.36999999998917, 4.269146249723068 
10.379999999989147, 4.268690173924358 
10.389999999989124, 4.263410507371923 
10.3999999999891, 4.2706678849016155 
10.409999999989077, 4.274226121481697 
10.419999999989054, 4.27314504579789 
10.42999999998903, 4.253966048848438 
10.439999999989007, 4.440607022785494 
10.449999999988984, 4.5614949226947985 
10.45999999998896, 4.561633989909152 
10.469999999988937, 4.521812433349995 
10.479999999988914, -6.5055116304501865 
10.48999999998889, -6.52948143459421 
10.499999999988868, -6.526241387825219 
10.509999999988844, -6.244371898331405 
10.519999999988821, -6.384927521286536 
10.529999999988798, -6.386649928558541 
10.539999999988774, -6.381807668294641 
10.549999999988751, -6.374812960740362 
10.559999999988728, -6.377029301468298 
10.569999999988704, -6.37589318724459 
10.579999999988681, -6.373692304978366 
10.589999999988658, -6.372309498136864 
10.599999999988635, -6.370388302049515 
10.609999999988611, -6.373187101941843 
10.619999999988588, -6.371405481339507 
10.629999999988565, -6.319266942457775 
10.639999999988541, -6.406444950041594 
10.649999999988518, -6.408983208964206 
10.659999999988495, -6.398682003637067 
10.669999999988471, 4.510719539033475 
10.679999999988448, 4.710937723034497 
10.689999999988425, 4.710623544355361 
10.699999999988401, 4.635902482461932 
10.709999999988378, -5.59802679246514 
10.719999999988355, -5.635705740526668 
10.729999999988332, -5.634883083430659 
10.739999999988308, -5.623564483633414 
10.749999999988285, -5.610263600577913 
10.759999999988262, -5.616609071462948 
10.769999999988238, -5.615595948143845 
10.779999999988215, -5.613320494002352 
10.789999999988192, -5.612292662310368 
10.799999999988168, -5.609562842742434 
10.809999999988145, -5.61132881915113 
10.819999999988122, -5.6126117341305815 
10.829999999988098, -5.61088138968252 
10.839999999988075, -5.5676673808636155 
10.849999999988052, -5.6638817796772285 
10.859999999988029, -5.6758589992097495 
10.869999999988005, -5.6740585376121375 
10.879999999987982, -5.617480467786735 
10.889999999987959, 3.686016375373619 
10.899999999987935, 3.738319480177182 
10.909999999987912, 3.7387541690445305 
10.919999999987889, 3.7264844843901295 
10.929999999987865, 3.1711684774152022 
10.939999999987842, 3.4726546568454544 
10.949999999987819, 3.4805296912919816 
10.959999999987796, 3.4805157739088814 
10.969999999987772, 3.47874171322123 
10.979999999987749, 3.473651171029162 
10.989999999987726, 3.4724507569533123 
10.999999999987702, 3.4730603686258155 
11.009999999987679, 3.4700565602190268 
11.019999999987656, 3.4707636256175456 
11.029999999987632, 3.478137638827321 
11.039999999987609, 3.4794459288739494 
11.049999999987586, 3.478126929442298 
11.059999999987562, 3.462924838958208 
11.06999999998754, 2.3746059274200335 
11.079999999987516, 4.297816123672567 
11.089999999987493, 4.303578476728782 
11.09999999998747, 4.297849435535983 
11.109999999987446, -2.560998005466923 
11.119999999987423, -6.1522146119166266 
11.1299999999874, -6.15471566954341 
11.139999999987376, -6.14661013001368 
11.149999999987353, -6.043457882390419 
11.15999999998733, -6.093450817650881 
11.169999999987306, -6.092779442531785 
11.179999999987283, -6.087732443230255 
11.18999999998726, -6.086130485521392 
11.199999999987236, -6.085590236594861 
11.209999999987213, -6.0852561841975445 
11.21999999998719, -6.0839713291603355 
11.229999999987166, -6.081597228837663 
11.239999999987143, -6.077775061364519 
11.24999999998712, -6.087298028464852 
11.259999999987096, -6.086291070075223 
11.269999999987073, -6.048082082967417 
11.27999999998705, -6.321935219251193 
11.289999999987026, -6.348932373456134 
11.299999999987003, -6.3466052514712405 
11.30999999998698, -6.139072980938346 
11.319999999986956, 4.337893101007193 
11.329999999986933, 4.348389372070623 
11.33999999998691, 4.345296290625082 
11.349999999986887, 4.19785147969532 
11.359999999986863, 4.214701765737176 
11.36999999998684, 4.223850353574177 
11.379999999986817, 4.223420408087917 
11.389999999986793, 4.219892008011465 
11.39999999998677, 4.214789112714697 
11.409999999986747, 4.216562936568449 
11.419999999986723, 4.214826226073265 
11.4299999999867, 4.215813419535582 
11.439999999986677, 4.217802001193598 
11.449999999986654, 4.217171876437578 
11.45999999998663, 4.213023551258559 
11.469999999986607, 4.135456423779653 
11.479999999986584, 4.27547414133754 
11.48999999998656, 4.280870040018412 
11.499999999986537, 4.277013920303114 
11.509999999986514, 2.9057043904031614 
11.51999999998649, -6.282451390873181 
11.529999999986467, -6.28753796626058 
11.539999999986444, -6.280760844480751 
11.54999999998642, -4.62562441257715 
11.559999999986397, -5.668482743168936 
11.569999999986374, -5.672739346694835 
11.57999999998635, -5.669979881896198 
11.589999999986327, -5.653116249758807 
11.599999999986304, -5.659889483724806 
11.60999999998628, -5.659442033629583 
11.619999999986257, -5.658596711829189 
11.629999999986234, -5.656714520768152 
11.63999999998621, -5.655309157187384 
11.649999999986187, -5.651793106683891 
11.659999999986164, -5.6581761782605735 
11.66999999998614, -5.657764546386006 
11.679999999986117, -5.647847336246008 
11.689999999986094, -5.65389341908921 
11.69999999998607, -5.795911874905729 
11.709999999986048, -5.7972639545156595 
11.719999999986024, -5.787725322860059 
11.729999999986001, 1.8409141548993742 
11.739999999985978, 3.7991288766425635 
11.749999999985954, 3.8037543029693146 
11.759999999985931, 3.800232361755002 
11.769999999985908, 3.7071058409822513 
11.779999999985884, 3.661601184125458 
11.789999999985861, 3.681893343074426 
11.799999999985838, 3.6824373172366975 
11.809999999985815, 3.681466014850281 
11.819999999985791, 3.677975849922457 
11.829999999985768, 3.675929736913079 
11.839999999985745, 3.676342639597755 
11.849999999985721, 3.6730505497392962 
11.859999999985698, 3.6738018910569066 
11.869999999985675, 3.6817401834815064 
11.879999999985651, 3.6827406852019395 
11.889999999985628, 3.6808077598261106 
11.899999999985605, 3.645450025901293 
11.909999999985581, 4.128614309867499 
11.919999999985558, 4.3598726544765665 
11.929999999985535, 4.36098910947745 
11.939999999985512, 4.3416868719693404 
11.949999999985488, -6.158382335405706 
11.959999999985465, -6.240776965374206 
11.969999999985442, -6.239743263863681 
11.979999999985418, -6.204219339436009 
11.989999999985395, -6.162500124649557 
11.999999999985372, -6.17099926560754 
12.009999999985348, -6.169008216692393 
12.019999999985325, -6.161048847850109 
12.029999999985302, -6.16352852959351 
12.039999999985278, -6.162188094684104 
12.049999999985255, -6.161539838700075 
12.059999999985232, -6.16027231833717 
12.069999999985209, -6.153940446625019 
12.079999999985185, -6.161361536564845 
12.089999999985162, -6.1626355279870655 
12.099999999985139, -6.1575123404382 
12.109999999985115, -6.01511681541658 
12.119999999985092, -6.31817934656903 
12.129999999985069, -6.319335074431814 
12.139999999985045, -6.302813151342178 
12.149999999985022, 4.220085878024732 
12.159999999984999, 4.330925339439287 
12.169999999984976, 4.331020123474483 
12.179999999984952, 4.307089423678268 
12.189999999984929, 4.0655799287210295 
12.199999999984906, 4.138634892461472 
12.209999999984882, 4.139720600245663 
12.219999999984859, 4.137854863820875 
12.229999999984836, 4.13028302187129 
12.239999999984812, 4.130569311949305 
12.249999999984789, 4.1310027379348355 
12.259999999984766, 4.129435112010386 
12.269999999984742, 4.131914977027794 
12.27999999998472, 4.132180240396504 
12.289999999984696, 4.130990896059501 
12.299999999984673, 4.118640259562264 
12.30999999998465, 4.13085003282648 
12.319999999984626, 4.187542526445555 
12.329999999984603, 4.188639666610568 
12.33999999998458, 4.178027595758542 
12.349999999984556, -5.785627228763951 
12.359999999984533, -6.196697967745208 
12.36999999998451, -6.197617256510101 
12.379999999984486, -6.18211960559541 
12.389999999984463, -5.196285354257292 
12.39999999998444, -5.552696271841322 
12.409999999984416, -5.554265936376764 
12.419999999984393, -5.55063458389395 
12.42999999998437, -5.535064022215321 
12.439999999984346, -5.542057018284789 
12.449999999984323, -5.541273979956058 
12.4599999999843, -5.540536936892584 
12.469999999984276, -5.538867271264598 
12.479999999984253, -5.537182622791059 
12.48999999998423, -5.53336379929934 
12.499999999984206, -5.5411665908040195 
12.509999999984183, -5.540980651309969 
12.51999999998416, -5.5327158833011785 
12.529999999984136, -5.3817810549127945 
12.539999999984113, -5.765864348964641 
12.54999999998409, -5.769004497013699 
12.559999999984067, -5.763098636052121 
12.569999999984043, -4.28265201987005 
12.57999999998402, 3.7565059951629904 
12.589999999983997, 3.7656307230795583 
12.599999999983973, 3.763900660918207 
12.60999999998395, 3.7335149212955656 
12.619999999983927, 3.6505862017920814 
12.629999999983903, 3.686106085041678 
12.63999999998388, 3.6874232418015636 
12.649999999983857, 3.6869142331959757 
12.659999999983834, 3.684945923471954 
12.66999999998381, 3.68236915264641 
12.679999999983787, 3.6824901230052354 
12.689999999983764, 3.6798159144603018 
12.69999999998374, 3.6756010085705078 
12.709999999983717, 3.6885968465843724 
12.719999999983694, 3.6914031825604603 
12.72999999998367, 3.690238469150259 
12.739999999983647, 3.6733126163816836 
12.749999999983624, -0.3959391871589317 
12.7599999999836, -8.508102143721766 
12.769999999983577, -8.508224881113374 
12.779999999983554, -0.04468520538160945 
12.78999999998353, 6.504169821627983 
12.799999999983507, 6.50098654002435 
12.809999999983484, 6.144195188130189 
12.81999999998346, 6.275825925795658 
12.829999999983437, 6.273625254226989 
12.839999999983414, 6.249098483911636 
12.84999999998339, 6.261968089018854 
12.859999999983367, 6.260976023693578 
12.869999999983344, 6.257181326851333 
12.87999999998332, 6.256993570703998 
12.889999999983297, 6.254940050478829 
12.899999999983274, 6.25595269192358 
12.90999999998325, 6.254414232566681 
12.919999999983228, 6.23971258443298 
12.929999999983204, 6.260589059531482 
12.939999999983181, 6.260022774603062 
12.949999999983158, 6.101405501486928 
12.959999999983134, 6.447746321553163 
12.969999999983111, 6.448007612554679 
12.979999999983088, -0.5781080180823924 
12.989999999983064, -8.451430946991776 
12.999999999983041, -8.447310863368436 
13.009999999983018, 4.438186965550502 
13.019999999982995, 5.340749665753432 
13.029999999982971, 5.340876616938667 
13.039999999982948, 5.321706795737022 
13.049999999982925, 5.315240205873559 
13.059999999982901, 5.319154278834057 
13.069999999982878, 5.318152306406986 
13.079999999982855, 5.314400764411226 
13.089999999982831, 5.31435546524982 
13.099999999982808, 5.311932167499509 
13.109999999982785, 5.313964852689374 
13.119999999982761, 5.314066245152775 
13.129999999982738, 5.311491830054392 
13.139999999982715, 5.277888151327188 
13.149999999982692, 5.335137465144475 
13.159999999982668, 5.335543605555463 
13.169999999982645, 5.296003778011682 
13.179999999982622, -7.71976934658758 
13.189999999982598, -7.7301842802905 
13.199999999982575, -7.711733966091275 
13.209999999982552, 5.679314436081888 
13.219999999982528, 5.693621467049452 
13.229999999982505, 5.685333995935777 
13.239999999982482, 5.577885869192577 
13.249999999982458, 5.611374386416325 
13.259999999982435, 5.610225437587628 
13.269999999982412, 5.5998051111878215 
13.279999999982389, 5.602749657592 
13.289999999982365, 5.602137203752372 
13.299999999982342, 5.601726555644641 
13.309999999982319, 5.600096292687186 
13.319999999982295, 5.5981738078562024 
13.329999999982272, 5.595317764571265 
13.339999999982249, 5.602264396002299 
13.349999999982225, 5.6008385594924786 
13.359999999982202, 5.527345245402202 
13.369999999982179, 5.675813768636834 
13.379999999982156, 5.678881762440978 
13.389999999982132, 5.64521415758982 
13.399999999982109, -7.6995014828670545 
13.409999999982086, -7.706561599273892 
13.419999999982062, -7.681451955277032 
13.429999999982039, 5.252699296054945 
13.439999999982016, 5.273007380103334 
13.449999999981992, 5.2700537463414 
13.459999999981969, 5.212864865033998 
13.469999999981946, 5.244555818167681 
13.479999999981922, 5.244963490091719 
13.4899999999819, 5.243007208799034 
13.499999999981876, 5.2393516112430865 
13.509999999981853, 5.239725513093647 
13.51999999998183, 5.237676488494913 
13.529999999981806, 5.239951448072393 
13.539999999981783, 5.239190737317998 
13.54999999998176, 5.233935635668599 
13.559999999981736, 5.233249205788044 
13.569999999981713, 5.259034161186321 
13.57999999998169, 5.25763965331985 
13.589999999981666, 4.974576457316912 
13.599999999981643, -7.7538736540135815 
13.60999999998162, -7.756282762427771 
13.619999999981596, -7.677418369007215 
13.629999999981573, 5.724764466441746 
13.63999999998155, 5.728641679414286 
13.649999999981526, 5.7037983318401 
13.659999999981503, 5.6269679114757185 
13.66999999998148, 5.636161409675797 
13.679999999981456, 5.633796953533211 
13.689999999981433, 5.622371391852264 
13.69999999998141, 5.6272713212004755 
13.709999999981386, 5.626366002008776 
13.719999999981363, 5.625501950637618 
13.72999999998134, 5.624089097110701 
13.739999999981316, 5.620644684687642 
13.749999999981293, 5.623106947041366 
13.75999999998127, 5.625881169067508 
13.769999999981247, 5.622888673941628 
13.779999999981223, 5.526545562913208 
13.7899999999812, 5.688296141213368 
13.799999999981177, 5.6876021119097215 
13.809999999981153, 5.018851992105769 
13.81999999998113, -7.734770961426575 
13.829999999981107, -7.734728004973509 
13.839999999981083, -7.371291190380836 
13.84999999998106, 5.448411151592348 
13.859999999981037, 5.451399803823913 
13.869999999981014, 5.439068724134346 
13.87999999998099, 5.407116692961451 
13.889999999980967, 5.418061206447238 
13.899999999980944, 5.417083147033962 
13.90999999998092, 5.411928356814581 
13.919999999980897, 5.412154557348935 
13.929999999980874, 5.410724627607481 
13.93999999998085, 5.411461416587612 
13.949999999980827, 5.410977826807227 
13.959999999980804, 5.408921085548227 
13.96999999998078, 5.391946754432249 
13.979999999980757, 5.420430910183489 
13.989999999980734, 5.420549934158982 
13.99999999998071, 5.388832555670162 
14.009999999980687, 6.0588187268653595 
14.019999999980664, 6.07496289206553 
14.02999999998064, 6.0574037528823705 
14.039999999980617, -8.037367481356132 
14.049999999980594, -8.04572055997166 
14.05999999998057, -8.010449183925859 
14.069999999980547, -7.768032734384126 
14.079999999980524, -7.771909987781525 
14.0899999999805, -7.756281846725893 
14.099999999980477, -7.756841463225467 
14.109999999980454, -7.755992582965133 
14.11999999998043, -7.750773057990573 
14.129999999980408, -7.750865804289011 
14.139999999980384, -7.7493834995603095 
14.149999999980361, -7.747530115256064 
14.159999999980338, -7.742809889721431 
14.169999999980314, -7.7461886496733525 
14.179999999980291, -7.744748229704326 
14.189999999980268, -7.700230341725415 
14.199999999980244, -7.763716328078695 
14.209999999980221, -7.761535374820722 
14.219999999980198, -0.5214671583446092 
14.229999999980175, 7.121881920732271 
14.239999999980151, 7.116662295686477 
14.249999999980128, -9.061063077076115 
14.259999999980105, -9.07302171335082 
14.269999999980081, -8.828331626388978 
14.279999999980058, -8.799161698528758 
14.289999999980035, -8.7963339769416 
14.299999999980011, -8.774260613070322 
14.309999999979988, -8.780688580516431 
14.319999999979965, -8.774052413966547 
14.329999999979941, -8.774156590483184 
14.339999999979918, -8.77197011474058 
14.349999999979895, -8.76936430742526 
14.359999999979872, -8.7664011212965 
14.369999999979848, -8.765924597375776 
14.379999999979825, -8.759172403184266 
14.389999999979802, -8.765200645233302 
14.399999999979778, -8.762774324907452 
14.409999999979755, -8.76684561469907 
14.419999999979732, -8.799849172147534 
14.429999999979708, -8.772578068837344 
14.439999999979685, 7.461186383608187 
14.449999999979662, 7.4615939884845615 
14.459999999979638, -9.267611369725898 
14.469999999979615, -9.368665910302783 
14.479999999979592, -9.321119050955868 
14.489999999979569, -9.178724788172019 
14.499999999979545, -9.176412710960735 
14.509999999979522, -9.156817330296258 
14.519999999979499, -9.161721091399414 
14.529999999979475, -9.154111658990779 
14.539999999979452, -9.154964404406162 
14.549999999979429, -9.152308361419413 
14.559999999979405, -9.149807112606833 
14.569999999979382, -9.147704080640771 
14.579999999979359, -9.145794877594042 
14.589999999979335, -9.138625457119403 
14.599999999979312, -9.144256360735934 
14.609999999979289, -9.12746102817189 
14.619999999979266, -9.161480178290464 
14.629999999979242, -9.15882142018303 
14.639999999979219, -10.147325047704692 
14.649999999979196, -10.246171288954528 
14.659999999979172, -8.672127637960099 
14.669999999979149, 8.25868422601661 
14.679999999979126, 8.231631326465928 
14.689999999979102, 6.947242554615859 
14.69999999997908, 6.950970428276503 
14.709999999979056, 6.90360050576341 
14.719999999979033, 6.924530814620654 
14.72999999997901, 6.923831399741841 
14.739999999978986, 6.915570792468442 
14.749999999978963, 6.917971921960282 
14.75999999997894, 6.916739767091594 
14.769999999978916, 6.91467874616974 
14.779999999978893, 6.912881622145322 
14.78999999997887, 6.912080398785851 
14.799999999978846, 6.912935503761562 
14.809999999978823, 6.906471128882339 
14.8199999999788, 6.920152512213332 
14.829999999978776, 6.923888061563086 
14.839999999978753, 6.850614414260337 
14.84999999997873, 7.334954616933366 
14.859999999978706, 7.3342157202709615 
14.869999999978683, -9.255959618246354 
14.87999999997866, -9.33162332366348 
14.889999999978636, -9.274738179352005 
14.899999999978613, -7.16428664279921 
14.90999999997859, -7.1794235702331 
14.919999999978566, -7.173619857104531 
14.929999999978543, -7.148132251521107 
14.93999999997852, -7.157316529915022 
14.949999999978496, -7.154880829944288 
14.959999999978473, -7.1506472644599715 
14.96999999997845, -7.150307147642428 
14.979999999978427, -7.149459748237218 
14.989999999978403, -7.147786209275118 
14.99999999997838, -7.1423066579034735 
15.009999999978357, -7.147440985928974 
15.019999999978333, -7.146772276833238 
15.02999999997831, -7.1154992903372944 
15.039999999978287, -7.183703595990281 
15.049999999978263, -7.186540703629357 
15.05999999997824, -7.163234265731684 
15.069999999978217, 5.53746410455467 
15.079999999978194, 5.553648262043959 
15.08999999997817, 5.543594200140829 
15.099999999978147, -6.983095560738225 
15.109999999978124, -7.039392217164407 
15.1199999999781, -7.0360901152930095 
15.129999999978077, -6.947992461410307 
15.139999999978054, -7.000064019480567 
15.14999999997803, -6.998686339181495 
15.159999999978007, -6.990830626522717 
15.169999999977984, -6.992881036362554 
15.17999999997796, -6.991469103893978 
15.189999999977937, -6.989667284332739 
15.199999999977914, -6.9879388678339085 
15.20999999997789, -6.98602942196293 
15.219999999977867, -6.988272455768009 
15.229999999977844, -6.984916515022637 
15.23999999997782, -6.9711100684513045 
15.249999999977797, -7.013553341738098 
15.259999999977774, -7.011269291234389 
15.26999999997775, -5.136722150837688 
15.279999999977727, 5.631823507670236 
15.289999999977704, 5.632620202279076 
15.29999999997768, 5.418493532442755 
15.309999999977657, -7.342651110658669 
15.319999999977634, -7.344649445193338 
15.32999999997761, -7.313476219417152 
15.339999999977588, -7.282798123559674 
15.349999999977564, -7.285244416875128 
15.359999999977541, -7.278793158222612 
15.369999999977518, -7.276916724056268 
15.379999999977494, -7.276169658396489 
15.389999999977471, -7.273996826937482 
15.399999999977448, -7.27253689315171 
15.409999999977424, -7.269778973669207 
15.419999999977401, -7.270954206444451 
15.429999999977378, -7.268361270912659 
15.439999999977355, -7.260768428826786 
15.449999999977331, -7.277852290280696 
15.459999999977308, -7.2743093052848256 
15.469999999977285, -6.900082209997905 
15.479999999977261, -7.70940597597581 
15.489999999977238, -7.707136668529907 
15.499999999977215, 1.8374104609705106 
15.509999999977191, 5.712082772277639 
15.519999999977168, 5.711143977753039 
15.529999999977145, 5.216320129011451 
15.539999999977121, 5.432422937928085 
15.549999999977098, 5.434712305574779 
15.559999999977075, 5.428702286551557 
15.569999999977052, 5.416475124728033 
15.579999999977028, 5.422046399819289 
15.589999999977005, 5.421295403420735 
15.599999999976982, 5.41938607905682 
15.609999999976958, 5.4182752661208 
15.619999999976935, 5.415278666374831 
15.629999999976912, 5.417514605687451 
15.639999999976888, 5.419259637868938 
15.649999999976865, 5.416827991816153 
15.659999999976842, 5.33957791043623 
15.669999999976818, 5.461700190801123 
15.679999999976795, 5.462510575437922 
15.689999999976772, 5.407309889348765 
15.699999999976749, -7.550805563529629 
15.709999999976725, -7.556887883310824 
15.719999999976702, -7.5336770333058265 
15.729999999976679, 5.360930350097105 
15.739999999976655, 5.377982293078593 
15.749999999976632, 5.373768932127945 
15.759999999976609, 5.291857075270305 
15.769999999976585, 5.338113028254465 
15.779999999976562, 5.338096086560135 
15.789999999976539, 5.33465130893285 
15.799999999976515, 5.331525775980116 
15.809999999976492, 5.3318710264812506 
15.819999999976469, 5.331011471109276 
15.829999999976446, 5.331591723729106 
15.839999999976422, 5.330412050419646 
15.849999999976399, 5.321594020447715 
15.859999999976376, 5.334965058680028 
15.869999999976352, 5.3413371622228665 
15.879999999976329, 5.337614855251579 
15.889999999976306, 3.740922188625769 
15.899999999976282, 6.021788757592725 
15.90999999997626, 6.020911783818361 
15.919999999976236, -2.4022620727893584 
15.929999999976213, -7.990960602130976 
15.93999999997619, -7.988298554568286 
15.949999999976166, -7.300939330076643 
15.959999999976143, -7.735182892063769 
15.96999999997612, -7.732664928487802 
15.979999999976096, -7.708571496373944 
15.989999999976073, -7.720188409452886 
15.99999999997605, -7.717716133601503 
16.009999999976028, -7.714254064157198 
16.019999999976005, -7.712931498556775 
16.02999999997598, -7.711909260804018 
16.039999999975958, -7.709974948000733 
16.049999999975935, -7.70594687723995 
16.05999999997591, -7.709467435955615 
16.069999999975888, -7.704873396764031 
16.079999999975865, -7.716740173051042 
16.08999999997584, -7.730142673715268 
16.099999999975818, -7.719387328166429 
16.109999999975795, 6.733147898084328 
16.11999999997577, 6.757285070757462 
16.129999999975748, 6.71500092349042 
16.139999999975725, -8.674652783362449 
16.1499999999757, -8.67458841314094 
16.15999999997568, -8.048518203348205 
16.169999999975655, -8.497551365557499 
16.17999999997563, -8.493276551338898 
16.18999999997561, -8.479716448604103 
16.199999999975585, -8.481893929120677 
16.20999999997556, -8.476236681975255 
16.21999999997554, -8.476061008268926 
16.229999999975515, -8.474156904061953 
16.239999999975492, -8.4718096307996 
16.24999999997547, -8.46789800114386 
16.259999999975445, -8.469134144229804 
16.269999999975422, -8.464306229881188 
16.2799999999754, -8.470070108168764 
16.289999999975375, -8.47082296658461 
16.299999999975352, -8.255095839452668 
16.30999999997533, -8.58963430415824 
16.319999999975305, -8.58653627063262 
16.329999999975282, 6.626452146389882 
16.33999999997526, 6.71527948393382 
16.349999999975235, 6.70003250352985 
16.359999999975212, -7.991284227474878 
16.36999999997519, -7.9999985592282785 
16.379999999975166, -7.977284613131763 
16.389999999975142, -7.96006733669972 
16.39999999997512, -7.960339052749769 
16.409999999975096, -7.950172696202721 
16.419999999975072, -7.9531666963787995 
16.42999999997505, -7.951348480326608 
16.439999999975026, -7.9485034422673335 
16.449999999975002, -7.945981466957467 
16.45999999997498, -7.946174688654428 
16.469999999974956, -7.944117704855384 
16.479999999974932, -7.936666159184002 
16.48999999997491, -7.94650031768172 
16.499999999974886, -7.940650891496051 
16.509999999974863, -8.003408769821121 
16.51999999997484, -8.02296700346486 
16.529999999974816, -8.007914408182373 
16.539999999974793, 6.205830513796193 
16.54999999997477, 6.216346548229268 
16.559999999974746, 6.177910841368809 
16.569999999974723, -7.572507619198642 
16.5799999999747, -7.578182771249585 
16.589999999974676, -7.559990984451962 
16.599999999974653, -7.537271862344875 
16.60999999997463, -7.5393747581895925 
16.619999999974606, -7.5329009118478085 
16.629999999974583, -7.53226614116227 
16.63999999997456, -7.530948941027853 
16.649999999974536, -7.52856590580307 
16.659999999974513, -7.526964661694633 
16.66999999997449, -7.525597178483605 
16.679999999974466, -7.5255142412645295 
16.689999999974443, -7.5191306422108095 
16.69999999997442, -7.528761539802593 
16.709999999974396, -7.5315041686159505 
16.719999999974373, -7.509333326057946 
16.72999999997435, -7.845089813695756 
16.739999999974327, -7.855067738074706 
16.749999999974303, -7.832589377346788 
16.75999999997428, 5.857251535866813 
16.769999999974257, 5.866587163079886 
16.779999999974233, 5.846332152691353 
16.78999999997421, 5.426815357549247 
16.799999999974187, 5.4503805767489055 
16.809999999974163, 5.448217933214105 
16.81999999997414, 5.422713897778755 
16.829999999974117, 5.435232613205815 
16.839999999974093, 5.435093774045456 
16.84999999997407, 5.433740536670735 
16.859999999974047, 5.431380054046758 
16.869999999974024, 5.430503294359208 
16.879999999974, 5.42843809614098 
16.889999999973977, 5.432038367394748 
16.899999999973954, 5.430964091352561 
16.90999999997393, 5.412854707997164 
16.919999999973907, 5.456014544728033 
16.929999999973884, 5.46420958870526 
16.93999999997386, 5.457488773048603 
16.949999999973837, -7.5357991946969936 
16.959999999973814, -7.648218671170881 
16.96999999997379, -7.643607197085492 
16.979999999973767, 5.249415104397391 
16.989999999973744, 5.5591862406481845 
16.99999999997372, 5.55772821547885 
17.009999999973697, 5.442264635093144 
17.019999999973674, 5.502920018420154 
17.02999999997365, 5.50415041525184 
17.039999999973627, 5.500710911591723 
17.049999999973604, 5.495358204150049 
17.05999999997358, 5.496989216944135 
17.069999999973557, 5.496080764799686 
17.079999999973534, 5.495780907124841 
17.08999999997351, 5.494561714791575 
17.099999999973488, 5.487860923249392 
17.109999999973464, 5.496479350581331 
17.11999999997344, 5.499667276259585 
17.129999999973418, 5.495164701700186 
17.139999999973394, 5.422525758498454 
17.14999999997337, 5.678529064446607 
17.159999999973348, 5.676993415297806 
17.169999999973324, -0.0321311522981139 
17.1799999999733, -7.675734295040487 
17.189999999973278, -7.674374649549331 
17.199999999973254, -6.632674883706928 
17.20999999997323, -6.914694513832613 
17.219999999973208, -6.916853485324109 
17.229999999973185, -6.906079152243535 
17.23999999997316, -6.896913073333356 
17.249999999973138, -6.899227712288534 
17.259999999973115, -6.896717780950918 
17.26999999997309, -6.893964310921473 
17.279999999973068, -6.8926166952859 
17.289999999973045, -6.892482279033535 
17.29999999997302, -6.891094676428539 
17.309999999972998, -6.883963073889906 
17.319999999972975, -6.892375303964819 
17.32999999997295, -6.893014125239536 
17.339999999972928, -6.877709268620981 
17.349999999972905, -6.9995617124407 
17.35999999997288, -7.0192916233602904 
17.36999999997286, -7.014067448144071 
17.379999999972835, 4.462776353591397 
17.38999999997281, 5.066649654189353 
17.39999999997279, 5.066329814738914 
17.409999999972765, 4.956212884425176 
17.41999999997274, 4.463079769321255 
17.42999999997272, 4.48304883442544 
17.439999999972695, 4.482383698663104 
17.449999999972672, 4.4733270280352375 
17.45999999997265, 4.465193142226616 
17.469999999972625, 4.469946242126297 
17.479999999972602, 4.469198715539209 
17.48999999997258, 4.46933639847356 
17.499999999972555, 4.468177729026933 
17.509999999972532, 4.4672871131594025 
17.51999999997251, 4.460309755183657 
17.529999999972485, 4.467203682417447 
17.539999999972462, 4.478522653497491 
17.54999999997244, 4.477963194169868 
17.559999999972415, 4.457850433443703 
17.569999999972392, 5.801933790888707 
17.57999999997237, 6.350346800413413 
17.589999999972346, 6.345927788826681 
17.599999999972322, -8.250368978333453 
17.6099999999723, -8.30090078887628 
17.619999999972276, -8.288076265370902 
17.629999999972252, -8.074190320177141 
17.63999999997223, -8.082705700618055 
17.649999999972206, -8.068810625144572 
17.659999999972182, -8.068002410565606 
17.66999999997216, -8.066905816914785 
17.679999999972136, -8.061329786213316 
17.689999999972112, -8.061488126685433 
17.69999999997209, -8.059955423170996 
17.709999999972066, -8.057887323811123 
17.719999999972043, -8.053216810649596 
17.72999999997202, -8.056093112858289 
17.739999999971996, -8.05251819550113 
17.749999999971973, -8.056112149263358 
17.75999999997195, -8.064785502427616 
17.769999999971926, -8.046158367237776 
17.779999999971903, -8.520095593881553 
17.78999999997188, -8.526940141603133 
17.799999999971856, -8.392434502231406 
17.809999999971833, 6.536056885809863 
17.81999999997181, 6.53574617114437 
17.829999999971786, 4.504217679079837 
17.839999999971763, 6.007351340057118 
17.84999999997174, 6.007230664818219 
17.859999999971716, 5.9798522591448116 
17.869999999971693, 5.9894760662237605 
17.87999999997167, 5.989843141563484 
17.889999999971646, 5.987286054846658 
17.899999999971623, 5.984950046786365 
17.9099999999716, 5.983904816085441 
17.919999999971576, 5.984050804382622 
17.929999999971553, 5.983577410986735 
17.93999999997153, 5.980833846916147 
17.949999999971507, 5.975141708993443 
17.959999999971483, 5.990236228584556 
17.96999999997146, 5.987749400782175 
17.979999999971437, 5.442223474565387 
17.989999999971413, 6.239394336346217 
17.99999999997139, 6.237398735411305 
18.009999999971367, -7.806000529494187 
18.019999999971343, -8.235731576796953 
18.02999999997132, -8.23007688092316 
18.039999999971297, -7.1324099050888545 
18.049999999971273, -7.336555886428201 
18.05999999997125, -7.333983674121927 
18.069999999971227, -7.294818790647748 
18.079999999971204, -7.316491117987357 
18.08999999997118, -7.314653437218796 
18.099999999971157, -7.309328921254772 
18.109999999971134, -7.309718446430596 
18.11999999997111, -7.30858606544701 
18.129999999971087, -7.306850528568546 
18.139999999971064, -7.302291272418829 
18.14999999997104, -7.30593842962846 
18.159999999971017, -7.305391611957861 
18.169999999970994, -7.278322395224999 
18.17999999997097, -7.334228482797248 
18.189999999970947, -7.336296721925692 
18.199999999970924, -7.30024129438776 
18.2099999999709, 5.863122818194743 
18.219999999970877, 5.871647724409956 
18.229999999970854, 5.8443588919432425 
18.23999999997083, -7.570494391920306 
18.249999999970807, -7.578566775984039 
18.259999999970784, -7.562566093887904 
18.26999999997076, -7.511181550794776 
18.279999999970737, -7.516255288280194 
18.289999999970714, -7.509951996610626 
18.29999999997069, -7.507317604043152 
18.309999999970668, -7.506645002505216 
18.319999999970644, -7.504014061495768 
18.32999999997062, -7.502645697571474 
18.339999999970598, -7.500581530157885 
18.349999999970574, -7.500547341612325 
18.35999999997055, -7.4967257513247345 
18.369999999970528, -7.499234457426122 
18.379999999970504, -7.503454279563966 
18.38999999997048, -7.492342429790637 
18.399999999970458, -7.645192854268553 
18.409999999970434, -7.6629071242568 
18.41999999997041, -7.6519278214950415 
18.429999999970388, 5.6828141213999555 
18.439999999970365, 5.710722861036236 
18.44999999997034, 5.702926455845241 
18.459999999970318, 4.350493921584856 
18.469999999970295, 4.7404957858397685 
18.47999999997027, 4.741489972183554 
18.489999999970248, 4.735274679751539 
18.499999999970225, 4.715626066570102 
18.5099999999702, 4.7255374937441115 
18.519999999970178, 4.725177555916196 
18.529999999970155, 4.7246554561236405 
18.53999999997013, 4.722727178754614 
18.549999999970108, 4.72209733047119 
18.559999999970085, 4.716645137936822 
18.56999999997006, 4.7230756189484335 
18.57999999997004, 4.7270503925976435 
18.589999999970015, 4.7254725302447245 
18.59999999996999, 4.668460535747575 
18.60999999996997, 4.922105751963149 
18.619999999969945, 4.938499110420769 
18.62999999996992, 4.934406322794302 
18.6399999999699, -4.90717680610139 
18.649999999969875, -6.925223493075467 
18.659999999969852, -6.925145125852039 
18.66999999996983, -6.8673303863857935 
18.679999999969805, -6.647605547016556 
18.689999999969782, -6.657199164670328 
18.69999999996976, -6.653457193055883 
18.709999999969735, -6.637826239068987 
18.719999999969712, -6.644746984770021 
18.72999999996969, -6.643360665355185 
18.739999999969665, -6.640239142113598 
18.749999999969642, -6.639516638377268 
18.75999999996962, -6.637934951465326 
18.769999999969595, -6.638604803311338 
18.779999999969572, -6.636429915868439 
18.78999999996955, -6.6187098281040395 
18.799999999969526, -6.64834076809184 
18.809999999969502, -6.6475346962919275 
18.81999999996948, -6.571052768683977 
18.829999999969456, -8.108155974087712 
18.839999999969432, -8.121183318905725 
18.84999999996941, -8.094487537059823 
18.859999999969386, 6.109272959844269 
18.869999999969362, 6.115090994967446 
18.87999999996934, 6.07475311192175 
18.889999999969316, 5.914913855636966 
18.899999999969292, 5.920834203081201 
18.90999999996927, 5.915464782366286 
18.919999999969246, 5.903828708740731 
18.929999999969223, 5.908515238255831 
18.9399999999692, 5.907518834167459 
18.949999999969176, 5.904557823554891 
18.959999999969153, 5.904067443938285 
18.96999999996913, 5.901227202833026 
18.979999999969106, 5.904064134223254 
18.989999999969083, 5.902897927787859 
18.99999999996906, 5.886001509666184 
19.009999999969036, 5.916401588595415 
19.019999999969013, 5.919250539360201 
19.02999999996899, 5.8986083198288695 
19.039999999968966, 7.768838283781508 
19.049999999968943, 7.787289687553678 
19.05999999996892, 3.5723639439946915 
19.069999999968896, -9.767753132150714 
19.079999999968873, -9.750390321104767 
19.08999999996885, -9.160715701310163 
19.099999999968826, -9.161542827902824 
19.109999999968803, -9.108143908197524 
19.11999999996878, -9.138107327452738 
19.129999999968756, -9.131174452277541 
19.139999999968733, -9.130369789532647 
19.14999999996871, -9.127959911887148 
19.159999999968687, -9.124921662408264 
19.169999999968663, -9.122436114188012 
19.17999999996864, -9.120757226220663 
19.189999999968617, -9.114670446567905 
19.199999999968593, -9.118190753986957 
19.20999999996857, -9.113071365781169 
19.219999999968547, -9.123943449638487 
19.229999999968523, -9.12448362492415 
19.2399999999685, -8.570300642605817 
19.249999999968477, -9.401205098178007 
19.259999999968453, -9.385538291140161 
19.26999999996843, 7.446184584906719 
19.279999999968407, 7.447024370623909 
19.289999999968384, -7.625099646336389 
19.29999999996836, -8.370235507669944 
19.309999999968337, -8.364965757423866 
19.319999999968314, -8.32851935456047 
19.32999999996829, -8.335892358250016 
19.339999999968267, -8.32821451782352 
19.349999999968244, -8.328307064091003 
19.35999999996822, -8.326478870717178 
19.369999999968197, -8.323318291186157 
19.379999999968174, -8.320961628789766 
19.38999999996815, -8.320598962055179 
19.399999999968127, -8.318105173761953 
19.409999999968104, -8.31577528369301 
19.41999999996808, -8.318737663985022 
19.429999999968057, -8.298953600928208 
19.439999999968034, -8.352250210768357 
19.44999999996801, -8.352523668096012 
19.459999999967987, -5.54854535644375 
19.469999999967964, 6.954892441235406 
19.47999999996794, 6.9506777834806455 
19.489999999967917, -8.791523855961216 
19.499999999967894, -8.814209119892881 
19.50999999996787, -8.763852385463013 
19.519999999967848, -8.68409929216381 
19.529999999967824, -8.682792094011194 
19.5399999999678, -8.661395536835283 
19.549999999967778, -8.670840159361964 
19.559999999967754, -8.666547313742775 
19.56999999996773, -8.664888897268629 
19.579999999967708, -8.662901524950483 
19.589999999967684, -8.660457664145358 
19.59999999996766, -8.656420879466857 
19.609999999967638, -8.657593246794914 
19.619999999967614, -8.653353661045797 
19.62999999996759, -8.657529192931552 
19.639999999967568, -8.65824279735473 
19.649999999967545, -8.429795563484937 
19.65999999996752, -8.750700786409906 
19.669999999967498, -8.746160424449714 
19.679999999967475, 6.911567367273628 
19.68999999996745, 6.941015502562583 
19.699999999967428, 6.887988014370526 
19.709999999967405, -8.473858460079404 
19.71999999996738, -8.473907403765564 
19.729999999967358, -8.306885247426488 
19.739999999967335, -8.420498545581445 
19.74999999996731, -8.416901355265448 
19.759999999967288, -8.409336024382757 
19.769999999967265, -8.40977004610664 
19.77999999996724, -8.405875656285428 
19.78999999996722, -8.404667342360714 
19.799999999967195, -8.403086854988501 
19.80999999996717, -8.401114975862715 
19.81999999996715, -8.394873507885777 
19.829999999967125, -8.39965141828043 
19.8399999999671, -8.39474122203481 
19.84999999996708, -8.408692439576232 
19.859999999967055, -8.413817270863465 
19.869999999967032, -8.328139644813982 
19.87999999996701, -9.475036182220347 
19.889999999966985, -9.473669136088642 
19.899999999966962, 7.427921414749136 
19.90999999996694, 7.481399271574493 
19.919999999966915, 7.3989515680513875 
19.929999999966892, 6.888274363396327 
19.93999999996687, 6.8890855212393305 
19.949999999966845, 6.83861865309179 
19.959999999966822, 6.868291383311929 
19.9699999999668, 6.867167152167516 
19.979999999966775, 6.860259504876929 
19.989999999966752, 6.861904694709428 
19.99999999996673, 6.860730881497128 
20.009999999966706, 6.858978664418321 
20.019999999966682, 6.85675801582518 
20.02999999996666, 6.856568442556254 
20.039999999966636, 6.8577689105682085 
20.049999999966612, 6.849684948820011 
20.05999999996659, 6.871165369291324 
20.069999999966566, 6.8750163072736985 
20.079999999966542, 6.769788615578214 
20.08999999996652, 7.985149833307268 
20.099999999966496, 7.982963704275647 
20.109999999966472, -9.961683487750808 
20.11999999996645, -9.971859756657942 
20.129999999966426, -6.125652525549075 
20.139999999966403, -9.064112333896533 
20.14999999996638, -9.057366848176759 
20.159999999966356, -9.034858964247935 
20.169999999966333, -9.03543593325823 
20.17999999996631, -9.024896748515676 
20.189999999966286, -9.027888541666915 
20.199999999966263, -9.024584274888234 
20.20999999996624, -9.022517982897098 
20.219999999966216, -9.020590095071757 
20.229999999966193, -9.01834900109894 
20.23999999996617, -9.013595685049626 
20.249999999966146, -9.016051841107323 
20.259999999966123, -8.999354093248101 
20.2699999999661, -9.024770600982155 
20.279999999966076, -9.02159016828419 
20.289999999966053, -9.2972875077908 
20.29999999996603, -9.338583694757784 
20.309999999966006, -9.23442015283295 
20.319999999965983, 7.3758354085235975 
20.32999999996596, 7.3725887244672474 
20.339999999965936, -7.906040605097954 
20.349999999965913, -8.005214842465309 
20.35999999996589, -7.999175876358732 
20.369999999965867, -7.9689465750057185 
20.379999999965843, -7.975603309228935 
20.38999999996582, -7.970042436874796 
20.399999999965797, -7.968586578704292 
20.409999999965773, -7.967092417999315 
20.41999999996575, -7.964382550643164 
20.429999999965727, -7.962345558506849 
20.439999999965703, -7.961919475788011 
20.44999999996568, -7.9605367206213815 
20.459999999965657, -7.946351528095825 
20.469999999965633, -7.963657953599588 
20.47999999996561, -7.961205180739077 
20.489999999965587, -7.884544135307046 
20.499999999965564, -8.081420388433653 
20.50999999996554, -8.076551367980095 
20.519999999965517, 6.110770125005212 
20.529999999965494, 6.184046234862493 
20.53999999996547, 6.17576286152285 
20.549999999965447, -7.014284262338444 
20.559999999965424, -7.088022849730999 
20.5699999999654, -7.085025853413367 
20.579999999965377, -7.029754298329432 
20.589999999965354, -7.061326231035824 
20.59999999996533, -7.0598056125751985 
20.609999999965307, -7.05347590697856 
20.619999999965284, -7.054678145897687 
20.62999999996526, -7.0533096013225345 
20.639999999965237, -7.051725953739824 
20.649999999965214, -7.049339923002131 
20.65999999996519, -7.048899333805062 
20.669999999965167, -7.050878426589952 
20.679999999965144, -7.045777348343256 
20.68999999996512, -7.057648073324489 
20.699999999965097, -7.088164915337167 
20.709999999965074, -7.0845575035349295 
20.71999999996505, 3.249104401088985 
20.729999999965028, 5.4703674149933885 
20.739999999965004, 5.469762939638669 
20.74999999996498, 4.85929287636951 
20.759999999964958, -6.950751690076624 
20.769999999964934, -6.952896798137658 
20.77999999996491, -6.936474253686588 
20.789999999964888, -6.9096220609744945 
20.799999999964864, -6.914840713089424 
20.80999999996484, -6.9116544717705555 
20.819999999964818, -6.907012143014245 
20.829999999964794, -6.907258314045606 
20.83999999996477, -6.9062444480146965 
20.849999999964748, -6.904456422162099 
20.859999999964725, -6.900533258088176 
20.8699999999647, -6.903503946883579 
20.879999999964678, -6.903418147750978 
20.889999999964655, -6.891918273771625 
20.89999999996463, -6.92677551131702 
20.909999999964608, -6.9366137514256705 
20.919999999964585, -6.930220969378612 
20.92999999996456, 5.106407555529067 
20.939999999964538, 5.366473811861605 
20.949999999964515, 5.3646880770443115 
20.95999999996449, 2.6507569521577885 
20.969999999964468, -6.87226817663454 
20.979999999964445, -6.873333257174179 
20.98999999996442, -6.852853429480246 
20.9999999999644, -6.830796735434295 
21.009999999964375, -6.834987137911585 
21.01999999996435, -6.831764184727861 
21.02999999996433, -6.827302772954932 
21.039999999964305, -6.8274969894684245 
21.04999999996428, -6.826558274691609 
21.05999999996426, -6.824813955917442 
21.069999999964235, -6.821041855030854 
21.079999999964212, -6.823795091783387 
21.08999999996419, -6.824172927433153 
21.099999999964165, -6.815618306801767 
21.109999999964142, -6.846472851569414 
21.11999999996412, -6.8647071121050685 
21.129999999964095, -6.860611206960383 
21.139999999964072, 2.861553292521237 
21.14999999996405, 5.179286792731511 
21.159999999964025, 5.179493348917985 
21.169999999964002, 5.062535110776173 
21.17999999996398, -6.429994352230073 
21.189999999963955, -6.44018913954215 
21.199999999963932, -6.436023106112702 
21.20999999996391, -6.383198874160284 
21.219999999963886, -6.412088515265687 
21.229999999963862, -6.411185535998814 
21.23999999996384, -6.406823130408083 
21.249999999963816, -6.406290608827524 
21.259999999963792, -6.404581100210218 
21.26999999996377, -6.4047727481778365 
21.279999999963746, -6.403501356367539 
21.289999999963722, -6.396572860758419 
21.2999999999637, -6.405151617656647 
21.309999999963676, -6.407727858074985 
21.319999999963652, -6.402461889105067 
21.32999999996363, -6.195008566744347 
21.339999999963606, -6.682916775916787 
21.349999999963583, -6.683268326388713 
21.35999999996356, -6.6467668655943495 
21.369999999963536, 4.662351865977575 
21.379999999963513, 4.685590556103239 
21.38999999996349, 4.683009264923081 
21.399999999963466, 4.47319383803461 
21.409999999963443, 4.515378605217094 
21.41999999996342, 4.522249824425904 
21.429999999963396, 4.521205317719968 
21.439999999963373, 4.514029615394119 
21.44999999996335, 4.511924045958408 
21.459999999963326, 4.513300271815957 
21.469999999963303, 4.512131011582376 
21.47999999996328, 4.513341999802391 
21.489999999963256, 4.512709691159287 
21.499999999963233, 4.511144420981319 
21.50999999996321, 4.4919947814872625 
21.519999999963186, 4.525800433850589 
21.529999999963163, 4.533930896467907 
21.53999999996314, 4.5318733432346425 
21.549999999963116, 4.344516685959817 
21.559999999963093, -6.775855359839857 
21.56999999996307, -6.784465724990973 
21.579999999963047, -6.776950264679452 
21.589999999963023, 4.190630305561373 
21.599999999963, 4.658020905341945 
21.609999999962977, 4.658871382063866 
21.619999999962953, 4.647327264579061 
21.62999999996293, 4.600117356637283 
21.639999999962907, 4.622085229315568 
21.649999999962883, 4.622119217610022 
21.65999999996286, 4.620589919531011 
21.669999999962837, 4.616996854532209 
21.679999999962813, 4.617352284221126 
21.68999999996279, 4.614567086399565 
21.699999999962767, 4.616920692270095 
21.709999999962744, 4.619111838912004 
21.71999999996272, 4.6179906951315335 
21.729999999962697, 4.602026269845166 
21.739999999962674, 4.653706826510367 
21.74999999996265, 4.689355582308652 
21.759999999962627, 4.68835612811637 
21.769999999962604, 4.589065261607705 
21.77999999996258, -6.689364793701978 
21.789999999962557, -6.69961605161811 
21.799999999962534, -6.693411695918805 
21.80999999996251, -3.7988896637528016 
21.819999999962487, -5.64682515197495 
21.829999999962464, -5.651989695498506 
21.83999999996244, -5.649337191644443 
21.849999999962417, -5.630242496305498 
21.859999999962394, -5.6373617819053665 
21.86999999996237, -5.637323636832779 
21.879999999962347, -5.636393234882948 
21.889999999962324, -5.634273949230359 
21.8999999999623, -5.6332793466340645 
21.909999999962277, -5.629261373534147 
21.919999999962254, -5.63526507941127 
21.92999999996223, -5.635042489159027 
21.939999999962208, -5.6279597817156715 
21.949999999962184, -5.5674215636397015 
21.95999999996216, -5.746823881829402 
21.969999999962138, -5.7489891638394255 
21.979999999962114, -5.741894508602761 
21.98999999996209, -2.17825374895523 
21.999999999962068, 3.7550533263938752 
22.009999999962044, 3.7621250673237236 
22.01999999996202, 3.759623347159515 
22.029999999961998, 3.701335323463128 
22.039999999961974, 3.5836749184142875 
22.04999999996195, 3.6210036575616416 
22.059999999961928, 3.622220815374648 
22.069999999961905, 3.6214722545811013 
22.07999999996188, 3.6184415282891336 
22.089999999961858, 3.6152927220760995 
22.099999999961835, 3.6159645362344564 
22.10999999996181, 3.6138287220301812 
22.119999999961788, 3.611062580589652 
22.129999999961765, 3.6202284522528636 
22.13999999996174, 3.622582771936093 
22.149999999961718, 3.6216207037293215 
22.159999999961695, 3.610389071175811 
22.16999999996167, 2.3470931771848775 
22.179999999961648, 4.420878212115305 
22.189999999961625, 4.427142213707271 
22.1999999999616, 4.421139186543327 
22.20999999996158, -4.322895587534099 
22.219999999961555, -6.294371046204866 
22.22999999996153, -6.295848710320252 
22.23999999996151, -6.283886677800029 
22.249999999961485, -6.197568889748748 
22.25999999996146, -6.2277578413002015 
22.26999999996144, -6.226486054952984 
22.279999999961415, -6.2192291185988555 
22.289999999961392, -6.220160611234663 
22.29999999996137, -6.219041920759738 
22.309999999961345, -6.218548517430586 
22.319999999961322, -6.2171266698358165 
22.3299999999613, -6.212862689038731 
22.339999999961275, -6.216394126108564 
22.349999999961252, -6.218984028710539 
22.35999999996123, -6.215759311573381 
22.369999999961205, -5.996621225333194 
22.379999999961182, -6.346831881952806 
22.38999999996116, -6.3493422222634015 
22.399999999961135, -6.338336332544762 
22.409999999961112, 4.114902959015923 
22.41999999996109, 4.370478804227678 
22.429999999961066, 4.371232649899327 
22.439999999961042, 4.352484911672173 
22.44999999996102, 4.0075133509013 
22.459999999960996, 4.127031514082644 
22.469999999960972, 4.128595005404729 
22.47999999996095, 4.126811491171442 
22.489999999960926, 4.118595800865428 
22.499999999960902, 4.118322246918882 
22.50999999996088, 4.119290591476373 
22.519999999960856, 4.117772669867508 
22.529999999960832, 4.119800508543841 
22.53999999996081, 4.120065503538437 
22.549999999960786, 4.119022875081715 
22.559999999960763, 4.11016410612947 
22.56999999996074, 4.098978489095524 
22.579999999960716, 4.16691283310334 
22.589999999960693, 4.168788405372336 
22.59999999996067, 4.161613020385884 
22.609999999960646, -4.2407166678362165 
22.619999999960623, -6.1829056002390885 
22.6299999999606, -6.185323999912734 
22.639999999960576, -6.1754896609972345 
22.649999999960553, -4.116646022557111 
22.65999999996053, -5.324321395670859 
22.669999999960506, -5.329525804307886 
22.679999999960483, -5.327501391475749 
22.68999999996046, -5.314600826255245 
22.699999999960436, -5.315788878786445 
22.709999999960413, -5.316741775163056 
22.71999999996039, -5.3160423015315965 
22.729999999960366, -5.314750479168945 
22.739999999960343, -5.313867270175036 
22.74999999996032, -5.308504179988331 
22.759999999960296, -5.31376356809388 
22.769999999960273, -5.318904458139243 
22.77999999996025, -5.317922917701017 
22.789999999960227, -5.296994629573501 
22.799999999960203, -5.575977941512521 
22.80999999996018, -5.967884408916225 
22.819999999960157, -5.969701364788397 
22.829999999960133, -5.9600033858549075 
22.83999999996011, 2.649135831060909 
22.849999999960087, 3.9447363344247206 
22.859999999960063, 3.9483025408930343 
22.86999999996004, 3.944645323105447 
22.879999999960017, 3.882995606955988 
22.889999999959993, 3.8886584913408506 
22.89999999995997, 3.89721036388611 
22.909999999959947, 3.8970939550186317 
22.919999999959924, 3.8962544827417083 
22.9299999999599, 3.8936324515531546 
22.939999999959877, 3.8929410943039526 
22.949999999959854, 3.8917447067529536 
22.95999999995983, 3.885282462406818 
22.969999999959807, 3.896357704113118 
22.979999999959784, 3.9007347349837467 
22.98999999995976, 3.8999853027980174 
22.999999999959737, 3.8881811751170923 
23.009999999959714, 2.560727198478379 
23.01999999995969, 4.84767779898728 
23.029999999959667, 4.85050921812934 
23.039999999959644, 4.832394415585187 
23.04999999995962, -6.705160822208889 
23.059999999959597, -6.747203272118549 
23.069999999959574, -6.744241194237439 
23.07999999995955, -6.536086097196852 
23.089999999959527, -6.656512073188486 
23.099999999959504, -6.656805395450384 
23.10999999995948, -6.650070142273426 
23.119999999959457, -6.648052209878924 
23.129999999959434, -6.647875217234976 
23.13999999995941, -6.6465949635734844 
23.149999999959388, -6.6447967654108835 
23.159999999959364, -6.641393315499876 
23.16999999995934, -6.643805376374788 
23.179999999959318, -6.643547739212336 
23.189999999959294, -6.635302753535076 
23.19999999995927, -6.65521184514409 
23.209999999959248, -6.669404664932578 
23.219999999959224, -6.665783862307412 
23.2299999999592, -1.3897010595001267 
23.239999999959178, 5.2153292397786375 
23.249999999959154, 5.2164041821300255 
23.25999999995913, 5.146645719220791 
23.269999999959108, -6.782160548925489 
23.279999999959085, -6.791456029641635 
23.28999999995906, -6.785226251181214 
23.299999999959038, -6.7219111235025775 
23.309999999959015, -6.750109810941351 
23.31999999995899, -6.7484180523623865 
23.329999999958968, -6.740944962521786 
23.339999999958945, -6.742974051580799 
23.34999999995892, -6.74161489063322 
23.359999999958898, -6.740155066862025 
23.369999999958875, -6.738556979796061 
23.37999999995885, -6.734825142722817 
23.389999999958828, -6.739653951768584 
23.399999999958805, -6.737685166911601 
23.40999999995878, -6.654417020549457 
23.41999999995876, -6.784854337712439 
23.429999999958735, -6.785739194049161 
23.43999999995871, -6.75568584286801 
23.44999999995869, 5.009681886753372 
23.459999999958665, 5.030657618668487 
23.46999999995864, 5.025903985857848 
23.47999999995862, -2.8607021115033477 
23.489999999958595, -5.982859009617842 
23.499999999958572, -5.985520660899814 
23.50999999995855, -5.9802520159988 
23.519999999958525, -5.948020939124046 
23.529999999958502, -5.964343285213776 
23.53999999995848, -5.9635251032689585 
23.549999999958455, -5.9609058338516805 
23.559999999958432, -5.959448611796438 
23.56999999995841, -5.957497881676753 
23.579999999958385, -5.9584130723895665 
23.589999999958362, -5.958344672887033 
23.59999999995834, -5.955732988023817 
23.609999999958315, -5.928164241854667 
23.619999999958292, -5.977192947671766 
23.62999999995827, -5.978329043474349 
23.639999999958246, -5.968362144648447 
23.649999999958222, 3.952011407377804 
23.6599999999582, 4.5441267267929035 
23.669999999958176, 4.545197368960163 
23.679999999958152, 4.5194550918278145 
23.68999999995813, -5.820019833147393 
23.699999999958106, -5.893272962560644 
23.709999999958082, -5.892654911286833 
23.71999999995806, -5.878338432594118 
23.729999999958036, -5.859881526223505 
23.739999999958012, -5.8674998427603215 
23.74999999995799, -5.866283894124274 
23.759999999957966, -5.86262211558475 
23.769999999957943, -5.862332576225717 
23.77999999995792, -5.859956976226999 
23.789999999957896, -5.861547522871945 
23.799999999957873, -5.860985828038414 
23.80999999995785, -5.857127763528803 
23.819999999957826, -5.843657759025449 
23.829999999957803, -5.879689854087216 
23.83999999995778, -5.8799623478096565 
23.849999999957756, -5.865706600835376 
23.859999999957733, 4.198910903400026 
23.86999999995771, 4.459249945819119 
23.879999999957686, 4.4598211998526125 
23.889999999957663, 4.429801271602992 
23.89999999995764, -5.709167141737999 
23.909999999957616, -5.779992410421666 
23.919999999957593, -5.779537848857965 
23.92999999995757, -5.767670744189942 
23.939999999957546, -5.746261845139854 
23.949999999957523, -5.755612733881326 
23.9599999999575, -5.7545552475548645 
23.969999999957476, -5.751530497543404 
23.979999999957453, -5.7506495666246185 
23.98999999995743, -5.748418330154921 
23.999999999957407, -5.749772201108085 
24.009999999957383, -5.749871046109726 
24.01999999995736, -5.747561548227919 
24.029999999957337, -5.709495363857479 
24.039999999957313, -5.774776316152492 
24.04999999995729, -5.777958206954397 
24.059999999957267, -5.773150069808038 
24.069999999957243, -4.404392912772719 
24.07999999995722, 4.090548056171599 
24.089999999957197, 4.0980548527718845 
24.099999999957173, 4.094034892090966 
24.10999999995715, 3.5293139564503884 
24.119999999957127, -3.958914616868139 
24.129999999957104, -4.083897797877567 
24.13999999995708, -4.087993402449707 
24.149999999957057, -4.087143560138331 
24.159999999957034, -4.083840390806008 
24.16999999995701, -4.075888678015125 
24.179999999956987, -4.077444855886297 
24.189999999956964, -4.077433132046685 
24.19999999995694, -4.075752578357535 
24.209999999956917, -4.078671728235156 
24.219999999956894, -4.079392816898915 
24.22999999995687, -4.078809521339954 
24.239999999956847, -4.073760815870502 
24.249999999956824, -3.973379737529497 
24.2599999999568, -4.288538174838044 
24.269999999956777, -4.379755285188107 
24.279999999956754, -4.384533191723952 
24.28999999995673, -4.383307608461507 
24.299999999956707, -4.372253915637112 
24.309999999956684, -3.9963522285251165 
24.31999999995666, 2.195437296353418 
24.329999999956637, 2.284546840857497 
24.339999999956614, 2.2900094169156846 
24.34999999995659, 2.2903586246131957 
24.359999999956568, 2.288986629583852 
24.369999999956544, 2.284923487700048 
24.37999999995652, 2.2777271435787267 
24.389999999956498, 2.2744880478526635 
24.399999999956474, 2.275697608985151 
24.40999999995645, 2.2757657183205113 
24.419999999956428, 2.272547593073161 
24.429999999956404, 2.263032330907982 
24.43999999995638, 2.2758296656263832 
24.449999999956358, 2.303378671582032 
24.459999999956334, 2.3109214253026353 
24.46999999995631, 2.3120117462142202 
24.479999999956288, 2.309965360135661 
24.489999999956265, 2.2941591157968086 
24.49999999995624, 1.3510500826700018 
24.509999999956218, -4.253584585382167 
24.519999999956195, -4.299721970836556 
24.52999999995617, -4.302440765658643 
24.539999999956148, -4.300366790604015 
24.549999999956125, -4.286550231405353 
24.5599999999561, -4.196584486773876 
24.569999999956078, -4.234712703052784 
24.579999999956055, -4.238936416364082 
24.58999999995603, -4.238283106471922 
24.599999999956008, -4.23735377153218 
24.609999999955985, -4.235082157992596 
24.61999999995596, -4.234822930360506 
24.62999999995594, -4.2317889228982 
24.639999999955915, -4.227632017445005 
24.64999999995589, -4.241581166677715 
24.65999999995587, -4.244320201665897 
24.669999999955845, -4.243584972441574 
24.67999999995582, -4.234892461685335 
24.6899999999558, -3.844440880274709 
24.699999999955775, 2.8272074097283824 
24.709999999955752, 2.883083620583696 
24.71999999995573, 2.885510167855221 
24.729999999955705, 2.882087054622567 
24.739999999955682, 2.8302383730091254 
24.74999999995566, 1.2651993243189261 
24.759999999955635, 1.903875599514117 
24.769999999955612, 1.946428682322847 
24.77999999995559, 1.9513740377570936 
24.789999999955565, 1.9519681398529216 
24.799999999955542, 1.951850830159089 
24.80999999995552, 1.9519628450329751 
24.819999999955495, 1.9521219289135114 
24.829999999955472, 1.9518759393836747 
24.83999999995545, 1.9513939176734794 
24.849999999955426, 1.9508948691811359 
24.859999999955402, 1.9496804370417358 
24.86999999995538, 1.944365207941568 
24.879999999955356, 1.9026079790041006 
24.889999999955332, 0.7798141355709267 
24.89999999995531, 4.2849495008897 
24.909999999955286, 4.3790069562829155 
24.919999999955262, 4.378898408545508 
24.92999999995524, 4.337716145793077 
24.939999999955216, -6.130848790375565 
24.949999999955192, -6.163484156843614 
24.95999999995517, -6.161585645186064 
24.969999999955146, -6.110651625508909 
24.979999999955123, -6.108709055889554 
24.9899999999551, -6.112525658419173 
24.999999999955076, -6.110337775286958 
