t, s[1].omega / s[0].omega 
0, -1.2499970703797587 
0.009999999999999995, -1.2495536032434509 
0.019999999999999934, -1.2491475399189926 
0.029999999999999874, -1.2486063173240816 
0.04000000000000012, -1.2460952221162942 
0.050000000000000405, -1.245281762555915 
0.06000000000000069, -1.243927338138839 
0.07000000000000098, -1.2397347888219037 
0.08000000000000126, -1.2420807551996313 
0.09000000000000155, -1.241887972256165 
0.10000000000000184, -1.2444403117835685 
0.11000000000000212, -1.2447040063805381 
0.12000000000000241, -1.2444876147588426 
0.130000000000002, -1.2444338871861307 
0.1400000000000009, -1.2440907043243448 
0.1499999999999998, -1.243657148315998 
0.1599999999999987, -1.2432994932793742 
0.1699999999999976, -1.2417253811125153 
0.1799999999999965, -1.24045016902205 
0.1899999999999954, -1.2398797312881809 
0.1999999999999943, -1.2249806616071275 
0.2099999999999932, -1.227468816950985 
0.2199999999999921, -1.227092499088212 
0.229999999999991, -1.2307158909284608 
0.2399999999999899, -1.2321633679834885 
0.2499999999999888, -1.2319185224445255 
0.2599999999999877, -1.232049512070976 
0.2699999999999866, -1.2319090856879067 
0.2799999999999855, -1.2315303289148973 
0.2899999999999844, -1.2312726228573116 
0.2999999999999833, -1.2305878189530446 
0.3099999999999822, -1.2294954907932127 
0.3199999999999811, -1.2291746643480301 
0.32999999999998, -1.2242900985430643 
0.3399999999999789, -1.2165248911253943 
0.3499999999999778, -1.2164002612789917 
0.35999999999997667, -1.2189297439990996 
0.36999999999997557, -1.2290908733499446 
0.37999999999997447, -1.2290056763248813 
0.38999999999997337, -1.2293838585005856 
0.39999999999997227, -1.2297997810621637 
0.40999999999997117, -1.2295382950509024 
0.41999999999997006, -1.2293453470075473 
0.42999999999996896, -1.2290456529699862 
0.43999999999996786, -1.2284258549738374 
0.44999999999996676, -1.228044922952836 
0.45999999999996566, -1.2271096720936132 
0.46999999999996456, -1.2231545827014227 
0.47999999999996346, -1.2227703476266583 
0.48999999999996235, -1.2203406754981199 
0.49999999999996125, -1.2250819163607283 
0.5099999999999602, -1.2261747949535204 
0.519999999999959, -1.2262651244494303 
0.529999999999958, -1.2286803175414907 
0.5399999999999568, -1.2287755890242322 
0.5499999999999557, -1.2286089222442405 
0.5599999999999546, -1.2285705637612478 
0.5699999999999535, -1.2282339665182016 
0.5799999999999524, -1.22785307997627 
0.5899999999999513, -1.2274908892425604 
0.5999999999999502, -1.2262047631086501 
0.6099999999999491, -1.225291969712495 
0.619999999999948, -1.2246356645364636 
0.6299999999999469, -1.2100878634669807 
0.6399999999999458, -1.209330897368928 
0.6499999999999447, -1.2088196330232874 
0.6599999999999436, -1.2164346150700132 
0.6699999999999425, -1.2192333351741966 
0.6799999999999414, -1.218995553240545 
0.6899999999999403, -1.2195334582288602 
0.6999999999999392, -1.2195978530153584 
0.7099999999999381, -1.2192948351705417 
0.719999999999937, -1.2191181472107528 
0.7299999999999359, -1.218697264565358 
0.7399999999999348, -1.2180581367770202 
0.7499999999999337, -1.2177459689231158 
0.7599999999999326, -1.2159860107620355 
0.7699999999999315, -1.2128753380397257 
0.7799999999999304, -1.2126421918858725 
0.7899999999999293, -1.2054423990736123 
0.7999999999999282, -1.2104137023149637 
0.8099999999999271, -1.2104170557935863 
0.819999999999926, -1.2117507695086116 
0.8299999999999249, -1.214405852719526 
0.8399999999999238, -1.2142800356881227 
0.8499999999999227, -1.2142932870366887 
0.8599999999999216, -1.2143054702050238 
0.8699999999999205, -1.2139779831849387 
0.8799999999999194, -1.2137013880736227 
0.8899999999999183, -1.2133094298872023 
0.8999999999999172, -1.2123775388615063 
0.9099999999999161, -1.2118940934687643 
0.919999999999915, -1.210869036344543 
0.9299999999999139, -1.2032176535461123 
0.9399999999999128, -1.2027753522426725 
0.9499999999999117, -1.2014885038223766 
0.9599999999999106, -1.2148119308089458 
0.9699999999999095, -1.2169008367004865 
0.9799999999999084, -1.2167611242946972 
0.9899999999999073, -1.2184271733427634 
0.9999999999999062, -1.2186027123549406 
1.0099999999999052, -1.2183777508357327 
1.019999999999904, -1.2183173288903715 
1.029999999999903, -1.217994712534957 
1.039999999999902, -1.2175666749613243 
1.0499999999999008, -1.2172555512854892 
1.0599999999998997, -1.216076909753018 
1.0699999999998986, -1.2148480593616318 
1.0799999999998975, -1.214442166439614 
1.0899999999998964, -1.2032086466865275 
1.0999999999998953, -1.1987220078598553 
1.1099999999998942, -1.1984135515390828 
1.119999999999893, -1.2039659695039928 
1.129999999999892, -1.2099097462882786 
1.1399999999998909, -1.2097028988418668 
1.1499999999998898, -1.2102490107114667 
1.1599999999998887, -1.210574586508247 
1.1699999999998876, -1.2103002856272207 
1.1799999999998865, -1.2101511075777203 
1.1899999999998854, -1.2098622398910495 
1.1999999999998843, -1.2093160057616636 
1.2099999999998832, -1.2089915250279295 
1.219999999999882, -1.2081263121676782 
1.229999999999881, -1.2056689190394312 
1.2399999999998799, -1.205319437564821 
1.2499999999998788, -1.202159524204531 
1.2599999999998777, -1.1887208392154933 
1.2699999999998766, -1.189331230835365 
1.2799999999998755, -1.1892632472993547 
1.2899999999998744, -1.1975406750409059 
1.2999999999998733, -1.1980472804000348 
1.3099999999998722, -1.1980189264364076 
1.319999999999871, -1.198590466694863 
1.32999999999987, -1.1984872301657539 
1.3399999999998689, -1.1982448106238277 
1.3499999999998678, -1.1980789370854634 
1.3599999999998666, -1.1976423036564683 
1.3699999999998655, -1.1971672040941295 
1.3799999999998644, -1.196815715130369 
1.3899999999998633, -1.195182810760544 
1.3999999999998622, -1.1938215319252359 
1.4099999999998611, -1.1933767569833837 
1.41999999999986, -1.1802111452407285 
1.429999999999859, -1.1767699707082024 
1.4399999999998578, -1.176449562459463 
1.4499999999998567, -1.1825107508076607 
1.4599999999998556, -1.1894228991856348 
1.4699999999998545, -1.1892260309832434 
1.4799999999998534, -1.1899886943866305 
1.4899999999998523, -1.1905849753692364 
1.4999999999998512, -1.1903465622171938 
1.5099999999998501, -1.190267854884936 
1.519999999999849, -1.1900937808804415 
1.529999999999848, -1.189678333080225 
1.5399999999998468, -1.1893878159360558 
1.5499999999998457, -1.1888677311164426 
1.5599999999998446, -1.1876258177644454 
1.5699999999998435, -1.1871849776458399 
1.5799999999998424, -1.1858346764102865 
1.5899999999998413, -1.176870371393195 
1.5999999999998402, -1.176657228245808 
1.6099999999998391, -1.1752098675788536 
1.619999999999838, -1.1875406452284918 
1.629999999999837, -1.1896199152762095 
1.6399999999998358, -1.1894531436577631 
1.6499999999998347, -1.1921226509870342 
1.6599999999998336, -1.1925509699038015 
1.6699999999998325, -1.1923578324371311 
1.6799999999998314, -1.192484290908697 
1.6899999999998303, -1.1923071148903417 
1.6999999999998292, -1.19197136580028 
1.709999999999828, -1.1917451484197035 
1.719999999999827, -1.191167296752618 
1.729999999999826, -1.1904284119828532 
1.7399999999998248, -1.1901128611081218 
1.7499999999998237, -1.1876817590048068 
1.7599999999998226, -1.1844260141696847 
1.7699999999998215, -1.1841801157827139 
1.7799999999998204, -1.1755040384909907 
1.7899999999998193, -1.1774199718803824 
1.7999999999998182, -1.1773911896160245 
1.809999999999817, -1.1792891758833262 
1.819999999999816, -1.1841239020189918 
1.8299999999998149, -1.1840764501429601 
1.8399999999998138, -1.1842649557099054 
1.8499999999998127, -1.1846314515385938 
1.8599999999998116, -1.184415641852633 
1.8699999999998105, -1.1842265628659163 
1.8799999999998094, -1.1840240725716862 
1.8899999999998083, -1.1835548397724074 
1.8999999999998072, -1.1831685028379517 
1.909999999999806, -1.1827214981652614 
1.919999999999805, -1.181106709339598 
1.9299999999998039, -1.1802973697890664 
1.9399999999998028, -1.1795578647063014 
1.9499999999998017, -1.167260513493771 
1.9599999999998006, -1.1659028384429424 
1.9699999999997995, -1.165298292192549 
1.9799999999997984, -1.1756343664305826 
1.9899999999997973, -1.1816749026103754 
1.9999999999997962, -1.1813975269513188 
2.0099999999998173, -1.1831966857522522 
2.0199999999998384, -1.184055485977809 
2.0299999999998595, -1.1838191212961724 
2.0399999999998806, -1.1839026750403985 
2.0499999999999017, -1.183809815055301 
2.059999999999923, -1.183463811527359 
2.069999999999944, -1.1832415070390683 
2.079999999999965, -1.1827986847420648 
2.089999999999986, -1.1820149425877196 
2.100000000000007, -1.1816833210788344 
2.1100000000000283, -1.180461082107737 
2.1200000000000494, -1.176587009096084 
2.1300000000000705, -1.176305636535167 
2.1400000000000916, -1.1732920975450374 
2.1500000000001127, -1.162186702383194 
2.160000000000134, -1.1630414245091503 
2.170000000000155, -1.1627422815023236 
2.180000000000176, -1.171938448165704 
2.190000000000197, -1.1728135401422894 
2.2000000000002182, -1.1727342874047928 
2.2100000000002393, -1.1736764953459748 
2.2200000000002604, -1.1737439938224417 
2.2300000000002815, -1.173523316041118 
2.2400000000003026, -1.1734775494997278 
2.2500000000003237, -1.173204083374649 
2.260000000000345, -1.1728156542505257 
2.270000000000366, -1.1725649183878502 
2.280000000000387, -1.1718527034015382 
2.290000000000408, -1.170940222226371 
2.3000000000004293, -1.1706387417818478 
2.3100000000004504, -1.1678997236072615 
2.3200000000004715, -1.1637443460424797 
2.3300000000004926, -1.163554974659626 
2.3400000000005137, -1.1563595339133936 
2.3500000000005348, -1.1558245207078732 
2.360000000000556, -1.1559570510515909 
2.370000000000577, -1.1571493328679783 
2.380000000000598, -1.164620563952581 
2.390000000000619, -1.1647849605590024 
2.4000000000006403, -1.1649665335608417 
2.4100000000006614, -1.1657817440497178 
2.4200000000006825, -1.1656952389672146 
2.4300000000007036, -1.1655361246054523 
2.4400000000007247, -1.1654774897375946 
2.450000000000746, -1.1651685018904308 
2.460000000000767, -1.1648282204135354 
2.470000000000788, -1.1645545071829182 
2.480000000000809, -1.1638098614978174 
2.49000000000083, -1.163107786461703 
2.5000000000008513, -1.162740681073528 
2.5100000000008724, -1.159790282589797 
2.5200000000008935, -1.1573685751890845 
2.5300000000009146, -1.157031227867499 
2.5400000000009357, -1.1445930700438534 
2.550000000000957, -1.1408478063939258 
2.560000000000978, -1.1406973275187469 
2.570000000000999, -1.1439980157666785 
2.58000000000102, -1.1547000140613095 
2.5900000000010412, -1.15468229952667 
2.6000000000010624, -1.1553941972614832 
2.6100000000010835, -1.1568807002409587 
2.6200000000011046, -1.156787093855837 
2.6300000000011257, -1.1567658476215141 
2.6400000000011468, -1.1568580103248531 
2.650000000001168, -1.1566125018506752 
2.660000000001189, -1.1563675360238383 
2.67000000000121, -1.1561459393173223 
2.680000000001231, -1.1556378582553852 
2.6900000000012523, -1.1551827401393204 
2.7000000000012734, -1.154820478454941 
2.7100000000012945, -1.1533457997511607 
2.7200000000013156, -1.1522516418238198 
2.7300000000013367, -1.1518298575349406 
2.740000000001358, -1.1444925636913514 
2.750000000001379, -1.1403266816301698 
2.7600000000014, -1.1400174304810955 
2.770000000001421, -1.1355562564705128 
2.780000000001442, -1.1456065761245418 
2.7900000000014633, -1.1454869953660873 
2.8000000000014844, -1.147908160456046 
2.8100000000015055, -1.1527470034892595 
2.8200000000015266, -1.1526874716840367 
2.8300000000015477, -1.1530235262895363 
2.840000000001569, -1.1536726889321856 
2.85000000000159, -1.1535169489010126 
2.860000000001611, -1.1534021681469306 
2.870000000001632, -1.1533370897744477 
2.8800000000016532, -1.1530208605741865 
2.8900000000016743, -1.1527200460510902 
2.9000000000016954, -1.1524403264247836 
2.9100000000017165, -1.1517540495381324 
2.9200000000017377, -1.1511847729195825 
2.9300000000017588, -1.1507882060995849 
2.94000000000178, -1.1484642533642597 
2.950000000001801, -1.1468781788045528 
2.960000000001822, -1.146469936161314 
2.970000000001843, -1.135158406431463 
2.9800000000018643, -1.1298776423698689 
2.9900000000018854, -1.1296340102357592 
3.0000000000019065, -1.1310466398021157 
3.0100000000019276, -1.145218267956953 
3.0200000000019487, -1.145159081557004 
3.03000000000197, -1.146695292416961 
3.040000000001991, -1.1499977924411424 
3.050000000002012, -1.1499526820358168 
3.060000000002033, -1.1501206946638927 
3.070000000002054, -1.1505534645656683 
3.0800000000020753, -1.1503864177611183 
3.0900000000020964, -1.150224341440388 
3.1000000000021175, -1.1501147817858717 
3.1100000000021386, -1.1497693416873085 
3.1200000000021597, -1.1494304846214163 
3.130000000002181, -1.1491431340759095 
3.140000000002202, -1.1483691438196748 
3.150000000002223, -1.147697026053222 
3.160000000002244, -1.147325146085218 
3.1700000000022652, -1.1446586675185815 
3.1800000000022863, -1.1425658168455803 
3.1900000000023074, -1.1422258779362247 
3.2000000000023285, -1.1310718349658646 
3.2100000000023496, -1.1243656755823028 
3.2200000000023707, -1.1242151492204142 
3.230000000002392, -1.1251886752660887 
3.240000000002413, -1.1407499707103212 
3.250000000002434, -1.140813859844672 
3.260000000002455, -1.1418600073448855 
3.2700000000024763, -1.1452407071102992 
3.2800000000024974, -1.145283701758589 
3.2900000000025185, -1.1453694426313497 
3.3000000000025396, -1.1458377840556881 
3.3100000000025607, -1.1457121585268586 
3.3200000000025818, -1.1455304334500949 
3.330000000002603, -1.1454443023758494 
3.340000000002624, -1.1451290256484865 
3.350000000002645, -1.1447786649280831 
3.360000000002666, -1.1445252604108367 
3.3700000000026873, -1.1438444156787657 
3.3800000000027084, -1.1431418957826798 
3.3900000000027295, -1.142830340540187 
3.4000000000027506, -1.1408306584047128 
3.4100000000027717, -1.1385971358767562 
3.420000000002793, -1.1383344065854997 
3.430000000002814, -1.1312033229096825 
3.440000000002835, -1.1215942133799215 
3.450000000002856, -1.1215643716889865 
3.460000000002877, -1.1193325796541165 
3.4700000000028983, -1.134809372835402 
3.4800000000029194, -1.135176963415633 
3.4900000000029405, -1.1357138685131303 
3.5000000000029616, -1.1410676078048219 
3.5100000000029827, -1.1413965796455885 
3.520000000003004, -1.1414134063672363 
3.530000000003025, -1.1422094826279097 
3.540000000003046, -1.142221193384661 
3.550000000003067, -1.1420339085308393 
3.5600000000030882, -1.142037630866368 
3.5700000000031094, -1.1418138049745454 
3.5800000000031305, -1.1414842565016041 
3.5900000000031516, -1.1412810551979589 
3.6000000000031727, -1.1407892402947588 
3.6100000000031938, -1.1401655717607448 
3.620000000003215, -1.1398929345483566 
3.630000000003236, -1.1387487321928813 
3.640000000003257, -1.136934474034158 
3.650000000003278, -1.136674723555125 
3.6600000000032993, -1.1335500304305064 
3.6700000000033204, -1.124915374974437 
3.6800000000033415, -1.1248978266840126 
3.6900000000033626, -1.1217127678284082 
3.7000000000033837, -1.121457405465163 
3.710000000003405, -1.1224114546178212 
3.720000000003426, -1.1220443890572522 
3.730000000003447, -1.1326061200840618 
3.740000000003468, -1.1339097663334312 
3.750000000003489, -1.1337749097559158 
3.7600000000035103, -1.135543667401695 
3.7700000000035314, -1.13598307097189 
3.7800000000035525, -1.1357843708310023 
3.7900000000035736, -1.136012306257652 
3.8000000000035947, -1.135983962707949 
3.810000000003616, -1.135703478032844 
3.820000000003637, -1.135579093620826 
3.830000000003658, -1.1353014412508495 
3.840000000003679, -1.1348507849173872 
3.8500000000037002, -1.1345973954675417 
3.8600000000037213, -1.1340562215289418 
3.8700000000037424, -1.1330438987590936 
3.8800000000037635, -1.132690930695621 
3.8900000000037847, -1.1316928761298388 
3.9000000000038058, -1.1279539169274313 
3.910000000003827, -1.1274471856228299 
3.920000000003848, -1.1260576278564534 
3.930000000003869, -1.109848887267368 
3.94000000000389, -1.1098677283906877 
3.9500000000039113, -1.109062327168312 
3.9600000000039324, -1.1164781697930666 
3.9700000000039535, -1.1220276181857325 
3.9800000000039746, -1.1216769964964148 
3.9900000000039957, -1.1267426681247752 
4.000000000004016, -1.1299179571745512 
4.010000000003993, -1.1297090034324833 
4.02000000000397, -1.1305743715519276 
4.030000000003946, -1.1313015426024806 
4.040000000003923, -1.1311014386104208 
4.0500000000039, -1.1311509074648234 
4.0600000000038765, -1.1311832038000416 
4.070000000003853, -1.1309110330787522 
4.08000000000383, -1.1307185623171983 
4.090000000003807, -1.1304997680457802 
4.100000000003783, -1.1300422610593805 
4.11000000000376, -1.129688046055032 
4.120000000003737, -1.1293282581076027 
4.130000000003713, -1.1283086005174305 
4.14000000000369, -1.1276286762387515 
4.150000000003667, -1.127189681287283 
4.1600000000036434, -1.1238797146723916 
4.17000000000362, -1.121933056457969 
4.180000000003597, -1.1215495372318247 
4.1900000000035735, -1.110022802499493 
4.20000000000355, -1.1039394092697759 
4.210000000003527, -1.1037540883882846 
4.220000000003504, -1.1014397083574994 
4.23000000000348, -1.1149331693243774 
4.240000000003457, -1.1150150129169667 
4.250000000003434, -1.1163388430933983 
4.26000000000341, -1.1237869028416712 
4.270000000003387, -1.1240170763191244 
4.280000000003364, -1.1242432983428123 
4.2900000000033405, -1.1256887363413544 
4.300000000003317, -1.125770113138443 
4.310000000003294, -1.1256619704654733 
4.320000000003271, -1.1258720154349824 
4.330000000003247, -1.1257523968920515 
4.340000000003224, -1.1255018991806405 
4.350000000003201, -1.125387252535605 
4.360000000003177, -1.1250764575021726 
4.370000000003154, -1.1246650988255467 
4.380000000003131, -1.1244363278831937 
4.390000000003107, -1.1238424422124558 
4.400000000003084, -1.1230115166153696 
4.410000000003061, -1.122735184539191 
4.4200000000030375, -1.1215373308895484 
4.430000000003014, -1.1189954492870955 
4.440000000002991, -1.118710212493637 
4.450000000002968, -1.116500479581333 
4.460000000002944, -1.1056161088083933 
4.470000000002921, -1.1055646297899118 
4.480000000002898, -1.1038666710289804 
4.490000000002874, -1.096459678412623 
4.500000000002851, -1.0984875245190395 
4.510000000002828, -1.0978838489897786 
4.520000000002804, -1.1100319887108479 
4.530000000002781, -1.1142919058197966 
4.540000000002758, -1.1140135119649204 
4.5500000000027345, -1.1167686164358397 
4.560000000002711, -1.1184862788811925 
4.570000000002688, -1.1182853511133788 
4.580000000002665, -1.1187894900390012 
4.590000000002641, -1.1192155728235977 
4.600000000002618, -1.1190058801245952 
4.610000000002595, -1.1189830447380982 
4.620000000002571, -1.1189527146972131 
4.630000000002548, -1.1186660383892981 
4.640000000002525, -1.1184495266338095 
4.6500000000025015, -1.118224211967559 
4.660000000002478, -1.1177510549134388 
4.670000000002455, -1.1173707750684485 
4.6800000000024315, -1.1170409654512108 
4.690000000002408, -1.1160626981457664 
4.700000000002385, -1.1153197217796256 
4.710000000002362, -1.1149577839224725 
4.720000000002338, -1.1123397147006895 
4.730000000002315, -1.110217106215534 
4.740000000002292, -1.1099270577303517 
4.750000000002268, -1.1026453630878101 
4.760000000002245, -1.0946639618766816 
4.770000000002222, -1.0945746707477395 
4.7800000000021985, -1.089138460220116 
4.790000000002175, -1.0900754755149134 
4.800000000002152, -1.090443107889462 
4.810000000002129, -1.0900795992925132 
4.820000000002105, -1.1056034786621822 
4.830000000002082, -1.1066346127457927 
4.840000000002059, -1.1065752262632735 
4.850000000002035, -1.1106232842519774 
4.860000000002012, -1.1114225252995313 
4.870000000001989, -1.1112645957369967 
4.880000000001965, -1.1121260917613178 
4.890000000001942, -1.1124009860222923 
4.900000000001919, -1.1121823794469856 
4.9100000000018955, -1.112286403118871 
4.920000000001872, -1.1122408892424436 
4.930000000001849, -1.1119538091461938 
4.940000000001826, -1.1118154936113487 
4.950000000001802, -1.1115754595111718 
4.960000000001779, -1.1111458360071165 
4.970000000001756, -1.1108801080398134 
4.980000000001732, -1.110485823470816 
4.990000000001709, -1.1096754124903545 
5.000000000001686, -1.1092451523032398 
5.0100000000016625, -1.1087221567295964 
5.020000000001639, -1.1066723149783615 
5.030000000001616, -1.105781234080414 
5.0400000000015925, -1.10524549158805 
5.050000000001569, -1.0987712320185616 
5.060000000001546, -1.0960927711351642 
5.070000000001523, -1.0957220956825338 
5.080000000001499, -1.0824652559258041 
5.090000000001476, -1.0770855512974988 
5.100000000001453, -1.0769593743836763 
5.110000000001429, -1.0745566118613639 
5.120000000001406, -1.0882150176547305 
5.130000000001383, -1.0884502317360876 
5.1400000000013595, -1.0889921765720638 
5.150000000001336, -1.1003090318905515 
5.160000000001313, -1.100937177085689 
5.17000000000129, -1.101014311687364 
5.180000000001266, -1.1039413520176786 
5.190000000001243, -1.1044443598809575 
5.20000000000122, -1.1043118082666048 
5.210000000001196, -1.1049968684574374 
5.220000000001173, -1.1051680225307745 
5.23000000000115, -1.104950857679279 
5.240000000001126, -1.1050268275819386 
5.250000000001103, -1.1049516449115238 
5.26000000000108, -1.104660528422031 
5.2700000000010565, -1.104521701257116 
5.280000000001033, -1.1042746725674812 
5.29000000000101, -1.1038456160233712 
5.300000000000987, -1.1035870824727754 
5.310000000000963, -1.103198518011959 
5.32000000000094, -1.1024247806909464 
5.330000000000917, -1.1020110762690123 
5.340000000000893, -1.1015126903973038 
5.35000000000087, -1.0997229143758223 
5.360000000000847, -1.09889195265311 
5.3700000000008234, -1.0983921487005792 
5.3800000000008, -1.093401038776371 
5.390000000000777, -1.0909902200066015 
5.4000000000007535, -1.090638159360877 
5.41000000000073, -1.079517425177956 
5.420000000000707, -1.072302130420948 
5.430000000000684, -1.0721810679924104 
5.44000000000066, -1.066472385659967 
5.450000000000637, -1.0689232202268024 
5.460000000000614, -1.0692148373467742 
5.47000000000059, -1.0685262802571553 
5.480000000000567, -1.0860786853716287 
5.490000000000544, -1.087209082469569 
5.5000000000005205, -1.0870361529454011 
5.510000000000497, -1.0937383160010015 
5.520000000000474, -1.0950929912766139 
5.5300000000004506, -1.094905188226579 
5.540000000000427, -1.096599637894698 
5.550000000000404, -1.0973281363180012 
5.560000000000381, -1.097123026806419 
5.570000000000357, -1.097507603212132 
5.580000000000334, -1.0977349658505289 
5.590000000000311, -1.0975075350967727 
5.600000000000287, -1.0974889520299937 
5.610000000000264, -1.097438403299334 
5.620000000000241, -1.097152206333479 
5.6300000000002175, -1.0969598238308484 
5.640000000000194, -1.0967566324145084 
5.650000000000171, -1.0963370475113485 
5.660000000000148, -1.0960031388733924 
5.670000000000124, -1.0957180136039424 
5.680000000000101, -1.0950049930683872 
5.690000000000078, -1.0944183805077183 
5.700000000000054, -1.0941122937882959 
5.710000000000031, -1.0927386271855946 
5.720000000000008, -1.0914256037848578 
5.729999999999984, -1.0911586272787202 
5.739999999999961, -1.088441047566821 
5.749999999999938, -1.0844591593309938 
5.7599999999999145, -1.0842895259907488 
5.769999999999891, -1.080410827698116 
5.779999999999868, -1.0677460679366328 
5.789999999999845, -1.0678462451459292 
5.799999999999821, -1.0656602242655728 
5.809999999999798, -1.0524081058739958 
5.819999999999775, -1.0536544293918928 
5.829999999999751, -1.0528578074303137 
5.839999999999728, -1.0601379934797999 
5.849999999999705, -1.0658806801611835 
5.8599999999996815, -1.065532238410956 
5.869999999999658, -1.0729469292849991 
5.879999999999635, -1.0814366007405194 
5.8899999999996115, -1.0812988537862738 
5.899999999999588, -1.0832999989673147 
5.909999999999565, -1.0873704330015455 
5.919999999999542, -1.0873817837556072 
5.929999999999518, -1.0877881540338026 
5.939999999999495, -1.0892075595145168 
5.949999999999472, -1.0892569268894905 
5.959999999999448, -1.0892241413194392 
5.969999999999425, -1.089640077498059 
5.979999999999402, -1.0896133122922642 
5.9899999999993785, -1.089422710124179 
5.999999999999355, -1.0894576701143894 
6.009999999999332, -1.0893111063563392 
6.019999999999309, -1.0890231368299712 
6.029999999999285, -1.0888944704999195 
6.039999999999262, -1.0886198368552384 
6.049999999999239, -1.0882031307408013 
6.059999999999215, -1.087980125015936 
6.069999999999192, -1.087576559442369 
6.079999999999169, -1.0868925099057087 
6.089999999999145, -1.086561432027702 
6.099999999999122, -1.0860508797292496 
6.109999999999099, -1.0847098220497284 
6.1199999999990755, -1.0841296914778005 
6.129999999999052, -1.0836042274029647 
6.139999999999029, -1.0805841629070247 
6.149999999999006, -1.079197066633815 
6.159999999998982, -1.078793493994809 
6.169999999998959, -1.0722292427349231 
6.179999999998936, -1.0678673597111015 
6.189999999998912, -1.0676541594600581 
6.199999999998889, -1.0593346369228263 
6.209999999998866, -1.0479745830855092 
6.2199999999988425, -1.0480449407293828 
6.229999999998819, -1.0443963016314566 
6.239999999998796, -1.0365428330759219 
6.2499999999987725, -1.0373642584565086 
6.259999999998749, -1.0361965434700573 
6.269999999998726, -1.0431438441436514 
6.279999999998703, -1.0466558417882523 
6.289999999998679, -1.0461801283455443 
6.299999999998656, -1.0564805352440174 
6.309999999998633, -1.0650646721936912 
6.319999999998609, -1.064854707035801 
6.329999999998586, -1.068599847941406 
6.339999999998563, -1.0754304870676243 
6.3499999999985395, -1.0754208112227674 
6.359999999998516, -1.0763125639768554 
6.369999999998493, -1.0792739750914782 
6.37999999999847, -1.079409097940331 
6.389999999998446, -1.0795174851881926 
6.399999999998423, -1.0805897444260681 
6.4099999999984, -1.0807190103097284 
6.419999999998376, -1.080589037448547 
6.429999999998353, -1.0809090684593665 
6.43999999999833, -1.080926368409687 
6.449999999998306, -1.0807008916657166 
6.459999999998283, -1.080710878101693 
6.46999999999826, -1.0805967585301823 
6.4799999999982365, -1.0803003352380667 
6.489999999998213, -1.0801595963497435 
6.49999999999819, -1.0799309676812494 
6.509999999998167, -1.0795280067187767 
6.519999999998143, -1.0792781422084596 
6.52999999999812, -1.078965837699652 
6.539999999998097, -1.0783547679808163 
6.549999999998073, -1.077955099017692 
6.55999999999805, -1.0776080381478286 
6.569999999998027, -1.0765774082509667 
6.5799999999980034, -1.075844443460841 
6.58999999999798, -1.0755262041004459 
6.599999999997957, -1.0737166403936715 
6.6099999999979335, -1.0720390461405294 
6.61999999999791, -1.0717932781034551 
6.629999999997887, -1.0689324244980758 
6.639999999997864, -1.064279248284594 
6.64999999999784, -1.064124019845379 
6.659999999997817, -1.061153594910649 
6.669999999997794, -1.0488594881998492 
6.67999999999777, -1.0488335400055242 
6.689999999997747, -1.0472953622389585 
6.699999999997724, -1.0285081560932705 
6.7099999999977005, -1.0286639967299371 
6.719999999997677, -1.0280690734053368 
6.729999999997654, -1.0136184908494834 
6.7399999999976306, -1.0134750417790361 
6.749999999997607, -1.0132803371011643 
6.759999999997584, -1.0059353328464928 
6.769999999997561, -1.003570042822646 
6.779999999997537, -1.0037752358586816 
6.789999999997514, -1.0010333232569162 
6.799999999997491, -0.994353496637093 
6.809999999997467, -0.9954572503362771 
6.819999999997444, -0.9945479444039941 
6.829999999997421, -0.9821719298407268 
6.8399999999973975, -0.9837086987798703 
6.849999999997374, -0.9834131832184442 
6.859999999997351, -0.9723045208553189 
6.869999999997328, -0.9646099926814934 
6.879999999997304, -0.9646770761271346 
6.889999999997281, -0.9612003435239251 
6.899999999997258, -0.943934136521882 
6.909999999997234, -0.9438542216659643 
6.919999999997211, -0.9430954259527561 
6.929999999997188, -0.9344602494387537 
6.939999999997164, -0.9316510864767763 
6.949999999997141, -0.9314486754656522 
6.959999999997118, -0.9291633261489398 
6.9699999999970945, -0.9262645070116965 
6.979999999997071, -0.9260121550301902 
6.989999999997048, -0.9253731425280822 
6.999999999997025, -0.9239094022422275 
7.009999999997001, -0.9233284569152995 
7.019999999996978, -0.9230967793705565 
7.029999999996955, -0.9224414781805439 
7.039999999996931, -0.9218762836685126 
7.049999999996908, -0.921707796241097 
7.059999999996885, -0.9214140137775773 
7.0699999999968615, -0.9210254376528086 
7.079999999996838, -0.9208295225630987 
7.089999999996815, -0.9207300527037889 
7.0999999999967915, -0.9205171008624374 
7.109999999996768, -0.9203134611645949 
7.119999999996745, -0.9203508991898172 
7.129999999996722, -0.9203607256388058 
7.139999999996698, -0.9201732984151656 
7.149999999996675, -0.9203061067366846 
7.159999999996652, -0.920707822227416 
7.169999999996628, -0.920701869304152 
7.179999999996605, -0.9207169682847492 
7.189999999996582, -0.9219142037440179 
7.1999999999965585, -0.9225891743078485 
7.209999999996535, -0.9224102670427966 
7.219999999996512, -0.9244185439771899 
7.229999999996489, -0.9278027434183749 
7.239999999996465, -0.9278803337451637 
7.249999999996442, -0.9284774703901009 
7.259999999996419, -0.9402780977678384 
7.269999999996395, -0.9419036622751281 
7.279999999996372, -0.9414230213313105 
7.289999999996349, -0.9536713647797829 
7.299999999996325, -0.9623942474426895 
7.309999999996302, -0.9622258521407188 
7.319999999996279, -0.9599657144005311 
7.3299999999962555, -0.9692360206149533 
7.339999999996232, -0.9695954636370746 
7.349999999996209, -0.967480947841778 
7.359999999996186, -0.9559098506281587 
7.369999999996162, -0.9569815004285149 
7.379999999996139, -0.9563708451301595 
7.389999999996116, -0.9403609873091667 
7.399999999996092, -0.9351672443509209 
7.409999999996069, -0.9350412411648885 
7.419999999996046, -0.931083721587413 
7.4299999999960225, -0.9232224020570468 
7.439999999995999, -0.9229904654349083 
7.449999999995976, -0.9221985817223773 
7.4599999999959525, -0.9190396114495928 
7.469999999995929, -0.9179789651540625 
7.479999999995906, -0.9177451218394184 
7.489999999995883, -0.9167082217564454 
7.499999999995859, -0.915739780741656 
7.509999999995836, -0.9155300167195412 
7.519999999995813, -0.9151467318665085 
7.529999999995789, -0.914584554409381 
7.539999999995766, -0.9142914980075728 
7.549999999995743, -0.9141430531871942 
7.5599999999957195, -0.9138534437420006 
7.569999999995696, -0.9135788275127507 
7.579999999995673, -0.9135274670251106 
7.58999999999565, -0.9134602801485605 
7.599999999995626, -0.9132536793139772 
7.609999999995603, -0.9132487545050938 
7.61999999999558, -0.9134741044142427 
7.629999999995556, -0.9134701419422003 
7.639999999995533, -0.9133811800303114 
7.64999999999551, -0.9141150324125381 
7.659999999995486, -0.9147391614093302 
7.669999999995463, -0.9145908520520887 
7.67999999999544, -0.9156789916701783 
7.6899999999954165, -0.9186331726858781 
7.699999999995393, -0.9189057842471776 
7.70999999999537, -0.9189477151522137 
7.719999999995347, -0.9285943911237433 
7.729999999995323, -0.9315043354594925 
7.7399999999953, -0.9311815815946032 
7.749999999995277, -0.9381288191945155 
7.759999999995253, -0.9519558277025852 
7.76999999999523, -0.9520205329381053 
7.779999999995207, -0.9493583505199514 
7.789999999995183, -0.9507165813446854 
7.79999999999516, -0.9516484041710912 
7.809999999995137, -0.9506242052617723 
7.8199999999951135, -0.9316325680042405 
7.82999999999509, -0.9297838227407265 
7.839999999995067, -0.9295410493887298 
7.849999999995044, -0.9235856121211753 
7.85999999999502, -0.9163714965703158 
7.869999999994997, -0.9162549438102007 
7.879999999994974, -0.9151639450191291 
7.88999999999495, -0.9119315605822154 
7.899999999994927, -0.9111617448829418 
7.909999999994904, -0.9108760514235172 
7.9199999999948805, -0.9098141074882931 
7.929999999994857, -0.9089892737331252 
7.939999999994834, -0.9088086753021688 
7.9499999999948106, -0.9084177303868479 
7.959999999994787, -0.9079167657177307 
7.969999999994764, -0.9076810020671395 
7.979999999994741, -0.9075433456170945 
7.989999999994717, -0.9072857986311144 
7.999999999994694, -0.9070567229748898 
8.00999999999467, -0.9070562460129166 
8.019999999994647, -0.9070370430691354 
8.029999999994624, -0.9068478390082617 
8.0399999999946, -0.9069450524078183 
8.049999999994577, -0.9073351771014295 
8.059999999994554, -0.907361105904761 
8.06999999999453, -0.9073377654334469 
8.079999999994508, -0.908649451425036 
8.089999999994484, -0.9095587978912463 
8.099999999994461, -0.9093890052377801 
8.109999999994438, -0.9115287285137842 
8.119999999994414, -0.9167719254621955 
8.129999999994391, -0.9170355937724439 
8.139999999994368, -0.9169355690998252 
8.149999999994344, -0.9339076585803906 
8.159999999994321, -0.936913546596601 
8.169999999994298, -0.9364613485595233 
8.179999999994275, -0.9361113473990164 
8.189999999994251, -0.9427474125975811 
8.199999999994228, -0.9427139859036396 
8.209999999994205, -0.9373697109369103 
8.219999999994181, -0.9206552039564618 
8.229999999994158, -0.9208625648816746 
8.239999999994135, -0.9198690007206088 
8.249999999994111, -0.9108260089908569 
8.259999999994088, -0.9086306521607609 
8.269999999994065, -0.9084084756312043 
8.279999999994041, -0.9064943026080118 
8.289999999994018, -0.9044538448003617 
8.299999999993995, -0.9042127127263433 
8.309999999993972, -0.9037152105843004 
8.319999999993948, -0.9028095995282565 
8.329999999993925, -0.9023794514804453 
8.339999999993902, -0.9022033299883317 
8.349999999993878, -0.9018162213716596 
8.359999999993855, -0.901458194734489 
8.369999999993832, -0.9013503880816027 
8.379999999993808, -0.9012307548590346 
8.389999999993785, -0.9010038162569196 
8.399999999993762, -0.9009193847146815 
8.409999999993738, -0.9010576943033725 
8.419999999993715, -0.9010639534431962 
8.429999999993692, -0.9009232225413514 
8.439999999993669, -0.9014631234479299 
8.449999999993645, -0.902139877137684 
8.459999999993622, -0.9020485447238858 
8.469999999993599, -0.9026940979804062 
8.479999999993575, -0.9060006879601645 
8.489999999993552, -0.9066537347426071 
8.499999999993529, -0.9064093910509257 
8.509999999993505, -0.9160810102828837 
8.519999999993482, -0.9221219999466003 
8.529999999993459, -0.9219610796008882 
8.539999999993436, -0.921783323520948 
8.549999999993412, -0.9350539698071199 
8.559999999993389, -0.9355225031964106 
8.569999999993366, -0.9337090881686244 
8.579999999993342, -0.9143748101208767 
8.589999999993319, -0.9141148773330163 
8.599999999993296, -0.9137258637861058 
8.609999999993272, -0.9069995522725477 
8.619999999993249, -0.9020957571701356 
8.629999999993226, -0.9019727414868334 
8.639999999993202, -0.9008215452767614 
8.64999999999318, -0.8985503808150093 
8.659999999993156, -0.8980386371381668 
8.669999999993133, -0.8977459703750404 
8.67999999999311, -0.8969699330914684 
8.689999999993086, -0.896415619719451 
8.699999999993063, -0.8962651005974103 
8.70999999999304, -0.895977414759197 
8.719999999993016, -0.8956290635210975 
8.729999999992993, -0.8954812182327907 
8.73999999999297, -0.8954362173981353 
8.749999999992946, -0.8952861588047504 
8.759999999992923, -0.8951366750641568 
8.7699999999929, -0.895343112665474 
8.779999999992876, -0.8955527092315632 
8.789999999992853, -0.8954029581069539 
8.79999999999283, -0.8958522994944554 
8.809999999992806, -0.8972106392136238 
8.819999999992783, -0.8974372509501464 
8.82999999999276, -0.8974261473377043 
8.839999999992736, -0.9026805254389088 
8.849999999992713, -0.9055025591754552 
8.85999999999269, -0.9052899685602399 
8.869999999992666, -0.9095653309835589 
8.879999999992643, -0.9264262595700362 
8.88999999999262, -0.9267764299172428 
8.899999999992596, -0.9248604256625994 
8.909999999992573, -0.9141496847059223 
8.91999999999255, -0.9150888003897106 
8.929999999992527, -0.914602706972717 
8.939999999992503, -0.9044144755497442 
8.94999999999248, -0.8986649461177881 
8.959999999992457, -0.898563498530923 
8.969999999992433, -0.8970163423913187 
8.97999999999241, -0.8940335251784269 
8.989999999992387, -0.8935494988868629 
8.999999999992363, -0.8932069329914656 
9.00999999999234, -0.892277366213865 
9.019999999992317, -0.8916744989022433 
9.029999999992294, -0.8915204710622823 
9.03999999999227, -0.8911941263367996 
9.049999999992247, -0.8908207073635821 
9.059999999992224, -0.890668944245946 
9.0699999999922, -0.8906050428904931 
9.079999999992177, -0.8904380333275643 
9.089999999992154, -0.8902911435569829 
9.09999999999213, -0.8904829430454914 
9.109999999992107, -0.8906691303182134 
9.119999999992084, -0.8905165357695233 
9.12999999999206, -0.8909867243111655 
9.139999999992037, -0.8923439716632627 
9.149999999992014, -0.8925576832548925 
9.15999999999199, -0.8925615635567685 
9.169999999991967, -0.8982798801560831 
9.179999999991944, -0.9012152207056221 
9.18999999999192, -0.900994284935492 
9.199999999991897, -0.9049813050123541 
9.209999999991874, -0.9219074418459579 
9.21999999999185, -0.9222466902352859 
9.229999999991827, -0.9201357022763172 
9.239999999991804, -0.903471817982769 
9.24999999999178, -0.9037896733422375 
9.259999999991757, -0.9033409133598799 
9.269999999991734, -0.8960426596075203 
9.27999999999171, -0.8914878429945851 
9.289999999991688, -0.8913638874552033 
9.299999999991664, -0.8902374150006286 
9.309999999991641, -0.88824503251882 
9.319999999991618, -0.8877814478775929 
9.329999999991594, -0.8875071344335783 
9.339999999991571, -0.8868523448955714 
9.349999999991548, -0.8863807912742844 
9.359999999991524, -0.8862484557166176 
9.369999999991501, -0.8860237800836133 
9.379999999991478, -0.8857346798117297 
9.389999999991455, -0.885630819960232 
9.399999999991431, -0.8856708118822467 
9.409999999991408, -0.8855937007427542 
9.419999999991385, -0.8854710231289384 
9.429999999991361, -0.8859112125825146 
9.439999999991338, -0.8864029454353681 
9.449999999991315, -0.8862817183968571 
9.459999999991291, -0.887051995435686 
9.469999999991268, -0.8901986652179095 
9.479999999991245, -0.8907371568757132 
9.489999999991221, -0.890488510875906 
9.499999999991198, -0.9024165055074276 
9.509999999991175, -0.9086886903580258 
9.519999999991152, -0.908503308027183 
9.529999999991128, -0.9044610271285419 
9.539999999991105, -0.904449618312995 
9.549999999991082, -0.9047916530867979 
9.559999999991058, -0.9031574334917234 
9.569999999991035, -0.8896099264388714 
9.579999999991012, -0.8880313706437741 
9.589999999990988, -0.8877498764950984 
9.599999999990965, -0.8854770315624414 
9.609999999990942, -0.8835339332047341 
9.619999999990918, -0.8833300359915367 
9.629999999990895, -0.8828394304437761 
9.639999999990872, -0.8820727192156469 
9.649999999990849, -0.8817168267472849 
9.659999999990825, -0.8815688919305672 
9.669999999990802, -0.8812771329508132 
9.679999999990779, -0.8809985859644404 
9.689999999990755, -0.8809585265781481 
9.699999999990732, -0.8809621455433514 
9.709999999990709, -0.8808084617220221 
9.719999999990685, -0.8808239930761074 
9.729999999990662, -0.8813495251886037 
9.739999999990639, -0.8816148100092484 
9.749999999990616, -0.88146603291304 
9.759999999990592, -0.8831982028627181 
9.769999999990569, -0.885815793420279 
9.779999999990546, -0.8858567244417559 
9.789999999990522, -0.886456428243801 
9.799999999990499, -0.9027182461485441 
9.809999999990476, -0.9047196601566385 
9.819999999990452, -0.9041409673495063 
9.829999999990429, -0.8950907669121339 
9.839999999990406, -0.8949581255572834 
9.849999999990382, -0.894890779662327 
9.85999999999036, -0.890978557244878 
9.869999999990336, -0.8816594653535873 
9.879999999990313, -0.8813060514902485 
9.88999999999029, -0.8807701187000351 
9.899999999990266, -0.8787483795679949 
9.909999999990243, -0.8777665516417472 
9.91999999999022, -0.8775980677704306 
9.929999999990196, -0.8770892542830977 
9.939999999990173, -0.8765499658628884 
9.94999999999015, -0.8763506903501818 
9.959999999990126, -0.8762149738668613 
9.969999999990103, -0.8759804342543626 
9.97999999999008, -0.8758004112569671 
9.989999999990056, -0.8758881305535364 
9.999999999990033, -0.8759789649546685 
10.00999999999001, -0.8758220089767851 
10.019999999989986, -0.8761626951139768 
10.029999999989963, -0.8772542325135627 
10.03999999998994, -0.8774748238646708 
10.049999999989916, -0.8774313461562007 
10.059999999989893, -0.8827139211985034 
10.06999999998987, -0.8861192712221646 
10.079999999989846, -0.8859502273564754 
10.089999999989823, -0.8875233589144998 
10.0999999999898, -0.9038367540747408 
10.109999999989776, -0.9043702544835895 
10.119999999989753, -0.9027733499702093 
10.12999999998973, -0.8834453830308572 
10.139999999989707, -0.881923345087599 
10.149999999989683, -0.8816494182496535 
10.15999999998966, -0.8784982552550107 
10.169999999989637, -0.8756122281255315 
10.179999999989613, -0.8754077198495241 
10.18999999998959, -0.8748652936310485 
10.199999999989567, -0.8739190082844993 
10.209999999989543, -0.8734975133145803 
10.21999999998952, -0.873343581666238 
10.229999999989497, -0.8730246358490079 
10.239999999989474, -0.8727219689587665 
10.24999999998945, -0.8726598477038485 
10.259999999989427, -0.8726536780243879 
10.269999999989404, -0.8725080839325254 
10.27999999998938, -0.8724888796924224 
10.289999999989357, -0.873004231969564 
10.299999999989334, -0.8733370054113967 
10.30999999998931, -0.8731789228505592 
10.319999999989287, -0.874826492278902 
10.329999999989264, -0.8781159247007801 
10.33999999998924, -0.8782842689839951 
10.349999999989217, -0.8782622973815108 
10.359999999989194, -0.8965110648047109 
10.36999999998917, -0.8996657706035995 
10.379999999989147, -0.8992280216912087 
10.389999999989124, -0.8859467246270298 
10.3999999999891, -0.8789436866642132 
10.409999999989077, -0.878951592107398 
10.419999999989054, -0.8768867359087291 
10.42999999998903, -0.8711421382592315 
10.439999999989007, -0.8704587323143471 
10.449999999988984, -0.8701369762215496 
10.45999999998896, -0.8690168394922914 
10.469999999988937, -0.868256944186402 
10.479999999988914, -0.8680971681545058 
10.48999999998889, -0.8677993426677718 
10.499999999988868, -0.8674357558515052 
10.509999999988844, -0.8672680571978482 
10.519999999988821, -0.8672531228827712 
10.529999999988798, -0.8671617371944385 
10.539999999988774, -0.8670042689533585 
10.549999999988751, -0.8673242252204254 
10.559999999988728, -0.8678373085448023 
10.569999999988704, -0.8677753257971006 
10.579999999988681, -0.8682222467840093 
10.589999999988658, -0.8719345391765968 
10.599999999988635, -0.8730565509646641 
10.609999999988611, -0.8727316738133061 
10.619999999988588, -0.8824918071732016 
10.629999999988565, -0.8947367443695645 
10.639999999988541, -0.8947713074368646 
10.649999999988518, -0.8906202997693669 
10.659999999988495, -0.8720893232840287 
10.669999999988471, -0.8720990230140226 
10.679999999988448, -0.8715208177015985 
10.689999999988425, -0.8673142942068979 
10.699999999988401, -0.8653341532449467 
10.709999999988378, -0.8651768342566946 
10.719999999988355, -0.8644946151194147 
10.729999999988332, -0.8636716152194359 
10.739999999988308, -0.8633893866313 
10.749999999988285, -0.8632221563375498 
10.759999999988262, -0.8629302589038814 
10.769999999988238, -0.8626935014184837 
10.779999999988215, -0.862707230089942 
10.789999999988192, -0.8627557010692819 
10.799999999988168, -0.8626081315033187 
10.809999999988145, -0.8627759785710677 
10.819999999988122, -0.8637135631197312 
10.829999999988098, -0.8640728024773624 
10.839999999988075, -0.863918012599493 
10.849999999988052, -0.8681880468959201 
10.859999999988029, -0.8732417651319809 
10.869999999988005, -0.8732446356663305 
10.879999999987982, -0.8722236736612494 
10.889999999987959, -0.8819592853849888 
10.899999999987935, -0.8830802615162292 
10.909999999987912, -0.8823523738241972 
10.919999999987889, -0.8707317379571926 
10.929999999987865, -0.8666271926061583 
10.939999999987842, -0.8664979875092772 
10.949999999987819, -0.8651828785390351 
10.959999999987796, -0.8633559888171992 
10.969999999987772, -0.8629861819883445 
10.979999999987749, -0.8627221656356182 
10.989999999987726, -0.8621985030663255 
10.999999999987702, -0.8618368629036245 
11.009999999987679, -0.8617487414072624 
11.019999999987656, -0.8616248049252738 
11.029999999987632, -0.8614131971624728 
11.039999999987609, -0.8614177603091243 
11.049999999987586, -0.8617245643406511 
11.059999999987562, -0.8618212824865803 
11.06999999998754, -0.8617174371338072 
11.079999999987516, -0.8633012367050452 
11.089999999987493, -0.8652544080618352 
11.09999999998747, -0.865216809669708 
11.109999999987446, -0.8663273152786425 
11.119999999987423, -0.8835423232381296 
11.1299999999874, -0.8851160395301362 
11.139999999987376, -0.8844094106237518 
11.149999999987353, -0.867855696965301 
11.15999999998733, -0.8639158663346944 
11.169999999987306, -0.8638250101321975 
11.179999999987283, -0.8614409911530735 
11.18999999998726, -0.8573181958970876 
11.199999999987236, -0.856882849440838 
11.209999999987213, -0.8565394731363899 
11.21999999998719, -0.8556890147609788 
11.229999999987166, -0.855162555016811 
11.239999999987143, -0.8550347420480792 
11.24999999998712, -0.8548163859454482 
11.259999999987096, -0.8545468107464587 
11.269999999987073, -0.8544701699707375 
11.27999999998705, -0.8545958252262611 
11.289999999987026, -0.8546077583451075 
11.299999999987003, -0.8544909537336741 
11.30999999998698, -0.8553943322875274 
11.319999999986956, -0.8566753314038713 
11.329999999986933, -0.8566509813822978 
11.33999999998691, -0.8575058529930276 
11.349999999986887, -0.8699801338939114 
11.359999999986863, -0.8718513389911191 
11.36999999998684, -0.8713112578184303 
11.379999999986817, -0.8592072565578687 
11.389999999986793, -0.8553954036970244 
11.39999999998677, -0.8553719774458374 
11.409999999986747, -0.85325086335625 
11.419999999986723, -0.8485838374866272 
11.4299999999867, -0.8479975093323069 
11.439999999986677, -0.847709674293812 
11.449999999986654, -0.8469058082493417 
11.45999999998663, -0.8463567154948779 
11.469999999986607, -0.8462251126703659 
11.479999999986584, -0.8460448258463178 
11.48999999998656, -0.8457992085501133 
11.499999999986537, -0.8457147281558738 
11.509999999986514, -0.8459025052383832 
11.51999999998649, -0.8460108592051887 
11.529999999986467, -0.8458684857980231 
11.539999999986444, -0.8469358837615172 
11.54999999998642, -0.8490683586692286 
11.559999999986397, -0.8492098202702276 
11.569999999986374, -0.8492365284351352 
11.57999999998635, -0.8670009474584506 
11.589999999986327, -0.8707305019915234 
11.599999999986304, -0.8703744826701048 
11.60999999998628, -0.8583311496541608 
11.619999999986257, -0.8477887943196999 
11.629999999986234, -0.8477769273880874 
11.63999999998621, -0.8467217943084194 
11.649999999986187, -0.8441106226399399 
11.659999999986164, -0.8434015994636833 
11.66999999998614, -0.8432151627281568 
11.679999999986117, -0.8427175318411606 
11.689999999986094, -0.8422971508662055 
11.69999999998607, -0.8421791802681432 
11.709999999986048, -0.8421146921964908 
11.719999999986024, -0.8419588961448595 
11.729999999986001, -0.8418859807901451 
11.739999999985978, -0.8423301380176352 
11.749999999985954, -0.8427668262514865 
11.759999999985931, -0.8426278019462493 
11.769999999985908, -0.8440891756270512 
11.779999999985884, -0.8498146389184899 
11.789999999985861, -0.850461328235458 
11.799999999985838, -0.8497652839680391 
11.809999999985815, -0.8513539380694206 
11.819999999985791, -0.8540078049183025 
11.829999999985768, -0.8538603551936618 
11.839999999985745, -0.8498675723555906 
11.849999999985721, -0.8438358916848091 
11.859999999985698, -0.8435177760064552 
11.869999999985675, -0.8430900521586654 
11.879999999985651, -0.8420645656472417 
11.889999999985628, -0.8415135720764094 
11.899999999985605, -0.8413872509859298 
11.909999999985581, -0.8411542495776627 
11.919999999985558, -0.8408852955770433 
11.929999999985535, -0.8408254291611542 
11.939999999985512, -0.8409768217032716 
11.949999999985488, -0.8410062182268291 
11.959999999985465, -0.8408998113466191 
11.969999999985442, -0.8420938611139583 
11.979999999985418, -0.8438037181350473 
11.989999999985395, -0.8438028372610462 
11.999999999985372, -0.8444808949016572 
12.009999999985348, -0.8628140853253397 
12.019999999985325, -0.8649869200135176 
12.029999999985302, -0.8644389813451585 
12.039999999985278, -0.8494342668290009 
12.049999999985255, -0.8421905409340641 
12.059999999985232, -0.842134332558362 
12.069999999985209, -0.8408881179108516 
12.079999999985185, -0.8386426573697493 
12.089999999985162, -0.8381254389340167 
12.099999999985139, -0.8379221109658905 
12.109999999985115, -0.8374641951365142 
12.119999999985092, -0.8371074964570241 
12.129999999985069, -0.8370301949110405 
12.139999999985045, -0.8369995139828186 
12.149999999985022, -0.8368564520010615 
12.159999999984999, -0.8368543791139941 
12.169999999984976, -0.8375309365260599 
12.179999999984952, -0.8380601031128682 
12.189999999984929, -0.8378981017676852 
12.199999999984906, -0.8405311140607892 
12.209999999984882, -0.8488369559148027 
12.219999999984859, -0.8493292324356436 
12.229999999984836, -0.8481441858519582 
12.239999999984812, -0.8337644384857513 
12.249999999984789, -0.833101847265781 
12.259999999984766, -0.8329053999039602 
12.269999999984742, -0.8303137743689889 
12.27999999998472, -0.8275772045427875 
12.289999999984696, -0.8272922782605248 
12.299999999984673, -0.8269775535119491 
12.30999999998465, -0.8264314086132107 
12.319999999984626, -0.8261059654619374 
12.329999999984603, -0.826049542798727 
12.33999999998458, -0.8259856405007381 
12.349999999984556, -0.8258142612398743 
12.359999999984533, -0.8259398529869754 
12.36999999998451, -0.8267092051770774 
12.379999999984486, -0.8270619279666246 
12.389999999984463, -0.8268917269234375 
12.39999999998444, -0.8321393963610211 
12.409999999984416, -0.8400478541312195 
12.419999999984393, -0.8401693784220056 
12.42999999998437, -0.837429114382713 
12.439999999984346, -0.817791874696261 
12.449999999984323, -0.817331971167057 
12.4599999999843, -0.8170129791371129 
12.469999999984276, -0.814975507439027 
12.479999999984253, -0.8135732965950571 
12.48999999998423, -0.8133851820716146 
12.499999999984206, -0.8131180934376826 
12.509999999984183, -0.8127666278013927 
12.51999999998416, -0.8125770709535183 
12.529999999984136, -0.8126402272685405 
12.539999999984113, -0.8127299608691791 
12.54999999998409, -0.8125912218384298 
12.559999999984067, -0.8131599711383702 
12.569999999984043, -0.8155924814064215 
12.57999999998402, -0.816221822190249 
12.589999999983997, -0.8158333676533485 
12.599999999983973, -0.8255224992021593 
12.60999999998395, -0.8336259129073897 
12.619999999983927, -0.8336233307226358 
12.629999999983903, -0.8307213947440331 
12.63999999998388, -0.8235254306996205 
12.649999999983857, -0.8228965950760015 
12.659999999983834, -0.8226126335685394 
12.66999999998381, -0.8217793047278722 
12.679999999983787, -0.821222633684806 
12.689999999983764, -0.8210964432436599 
12.69999999998374, -0.820961560841071 
12.709999999983717, -0.820759882607638 
12.719999999983694, -0.8206986891137132 
12.72999999998367, -0.8210664012971084 
12.739999999983647, -0.8214033894715985 
12.749999999983624, -0.8212570997072781 
12.7599999999836, -0.8230448606488896 
12.769999999983577, -0.8293574374094522 
12.779999999983554, -0.8299518484450438 
12.78999999998353, -0.8290357346040517 
12.799999999983507, -0.8156840753039616 
12.809999999983484, -0.8141741964314374 
12.81999999998346, -0.814046672170198 
12.829999999983437, -0.8121336501837733 
12.839999999983414, -0.8098014709549685 
12.84999999998339, -0.8094419046878673 
12.859999999983367, -0.8092195425802751 
12.869999999983344, -0.8088183724953741 
12.87999999998332, -0.8085409682785459 
12.889999999983297, -0.8085364546141021 
12.899999999983274, -0.8086174287685983 
12.90999999998325, -0.8085201092142379 
12.919999999983228, -0.8086742313344243 
12.929999999983204, -0.8105921133533887 
12.939999999983181, -0.8118142028638885 
12.949999999983158, -0.8115991061285457 
12.959999999983134, -0.8150103782749201 
12.969999999983111, -0.8296821938535893 
12.979999999983088, -0.8301127498356344 
12.989999999983064, -0.8288833194835651 
12.999999999983041, -0.8212694969686175 
13.009999999983018, -0.8195458952212391 
13.019999999982995, -0.8193839792430105 
13.029999999982971, -0.8186798020943542 
13.039999999982948, -0.8180209159814167 
13.049999999982925, -0.8178189616729873 
13.059999999982901, -0.8177204426938437 
13.069999999982878, -0.8175538171146401 
13.079999999982855, -0.8174072708384441 
13.089999999982831, -0.8177115121538894 
13.099999999982808, -0.8182414262884797 
13.109999999982785, -0.8181971766218593 
13.119999999982761, -0.8187610684400723 
13.129999999982738, -0.8265918367793547 
13.139999999982715, -0.8287792220343168 
13.149999999982692, -0.8284022376316134 
13.159999999982668, -0.816787008625924 
13.169999999982645, -0.8067857539032233 
13.179999999982622, -0.8068169361790705 
13.189999999982598, -0.8059025826459477 
13.199999999982575, -0.8038266042711572 
13.209999999982552, -0.8031735997348771 
13.219999999982528, -0.8030367919262945 
13.229999999982505, -0.8027376264959463 
13.239999999982482, -0.8024572554467406 
13.249999999982458, -0.8024248376762309 
13.259999999982435, -0.8026171960061124 
13.269999999982412, -0.8026772069561193 
13.279999999982389, -0.8025879332120426 
13.289999999982365, -0.8048530017784989 
13.299999999982342, -0.8082831473100844 
13.309999999982319, -0.8083574493608064 
13.319999999982295, -0.8067229505000567 
13.329999999982272, -0.7968913179186259 
13.339999999982249, -0.7970577166359907 
13.349999999982225, -0.7967604535408574 
13.359999999982202, -0.7945469372309526 
13.369999999982179, -0.7929695020255532 
13.379999999982156, -0.7927649719409511 
13.389999999982132, -0.7925337255258794 
13.399999999982109, -0.7922209125622057 
13.409999999982086, -0.7920411828468886 
13.419999999982062, -0.7921639058898119 
13.429999999982039, -0.792390797438194 
13.439999999982016, -0.7922925973138554 
13.449999999981992, -0.7929159768783632 
13.459999999981969, -0.798163985998851 
13.469999999981946, -0.7997454064780932 
13.479999999981922, -0.7993453287271857 
13.4899999999819, -0.7871877522999855 
13.499999999981876, -0.7769903291863707 
13.509999999981853, -0.776994470346034 
13.51999999998183, -0.7762771683967471 
13.529999999981806, -0.774902431336838 
13.539999999981783, -0.7743923994603125 
13.54999999998176, -0.7742969350271919 
13.559999999981736, -0.7741449259467902 
13.569999999981713, -0.7739550886189034 
13.57999999998169, -0.7740518390899854 
13.589999999981666, -0.7748177674649861 
13.599999999981643, -0.7752962163414183 
13.60999999998162, -0.7750889667474431 
13.619999999981596, -0.7816240605737201 
13.629999999981573, -0.7976068846267224 
13.63999999998155, -0.7979640493495272 
13.649999999981526, -0.7965425732428013 
13.659999999981503, -0.789202244368151 
13.66999999998148, -0.7877056580060089 
13.679999999981456, -0.7875568551445543 
13.689999999981433, -0.7870284904639406 
13.69999999998141, -0.7865610751102041 
13.709999999981386, -0.7864154032090256 
13.719999999981363, -0.7864319912479524 
13.72999999998134, -0.78640503615402 
13.739999999981316, -0.7862849946404457 
13.749999999981293, -0.7872694826571295 
13.75999999998127, -0.7894153552048848 
13.769999999981247, -0.7896052759306832 
13.779999999981223, -0.788970519151074 
13.7899999999812, -0.7934262240795771 
13.799999999981177, -0.7949455134408501 
13.809999999981153, -0.7947651221590499 
13.81999999998113, -0.7923673297859436 
13.829999999981107, -0.7899307267061709 
13.839999999981083, -0.7896231075934638 
13.84999999998106, -0.7894010224596516 
13.859999999981037, -0.7890380624543869 
13.869999999981014, -0.7887984562801886 
13.87999999998099, -0.7888473839318515 
13.889999999980967, -0.7890306964006175 
13.899999999980944, -0.7889696139688955 
13.90999999998092, -0.7892102602810698 
13.919999999980897, -0.793143316884937 
13.929999999980874, -0.7953792352118115 
13.93999999998085, -0.7951591280630605 
13.949999999980827, -0.7882615126877236 
13.959999999980804, -0.7741277071754399 
13.96999999998078, -0.7741577862327745 
13.979999999980757, -0.7736323188112766 
13.989999999980734, -0.7721548777720048 
13.99999999998071, -0.7714824855877297 
14.009999999980687, -0.7713732412246467 
14.019999999980664, -0.7712295730356163 
14.02999999998064, -0.7710436894315257 
14.039999999980617, -0.7710462372473136 
14.049999999980594, -0.7717260874947258 
14.05999999998057, -0.77239753850208 
14.069999999980547, -0.7722493729970034 
14.079999999980524, -0.775159578205611 
14.0899999999805, -0.7943868889793142 
14.099999999980477, -0.7952959771796985 
14.109999999980454, -0.7945402750171937 
14.11999999998043, -0.7883323650442748 
14.129999999980408, -0.7860456599142288 
14.139999999980384, -0.7859133712449115 
14.149999999980361, -0.7854802864946079 
14.159999999980338, -0.7850092230082331 
14.169999999980314, -0.784816889538014 
14.179999999980291, -0.7848445113574049 
14.189999999980268, -0.784872922847446 
14.199999999980244, -0.7847318829457861 
14.209999999980221, -0.7854782667171535 
14.219999999980198, -0.7881843820791896 
14.229999999980175, -0.7887387059492611 
14.239999999980151, -0.7881852522738177 
14.249999999980128, -0.7841833920698007 
14.259999999980105, -0.7833044178768388 
14.269999999980081, -0.7832722114470972 
14.279999999980058, -0.7818943508106814 
14.289999999980035, -0.779817628106614 
14.299999999980011, -0.7793506425213348 
14.309999999979988, -0.7792108790747776 
14.319999999979965, -0.7789489752429448 
14.329999999979941, -0.778721399003824 
14.339999999979918, -0.7787974876934473 
14.349999999979895, -0.7791983579241698 
14.359999999979872, -0.7793203233791032 
14.369999999979848, -0.7792463206361332 
14.379999999979825, -0.7857238526849591 
14.389999999979802, -0.7928268079740337 
14.399999999979778, -0.7928624066030588 
14.409999999979755, -0.7893113254399879 
14.419999999979732, -0.7751482330543538 
14.429999999979708, -0.7742973339075176 
14.439999999979685, -0.7740651419551138 
14.449999999979662, -0.7732821145224305 
14.459999999979638, -0.7727441944166819 
14.469999999979615, -0.7726224515899545 
14.479999999979592, -0.7725960227493629 
14.489999999979569, -0.7725098739470141 
14.499999999979545, -0.7724438823686891 
14.509999999979522, -0.7735529908903482 
14.519999999979499, -0.7753055718361545 
14.529999999979475, -0.7753353627035163 
14.539999999979452, -0.7745853271642004 
14.549999999979429, -0.7758258484954339 
14.559999999979405, -0.7765064405145273 
14.569999999979382, -0.7762406368440348 
14.579999999979359, -0.7741595656394348 
14.589999999979335, -0.7726256084314077 
14.599999999979312, -0.7724057036707591 
14.609999999979289, -0.7722245783303128 
14.619999999979266, -0.7719752651790088 
14.629999999979242, -0.7718167456441909 
14.639999999979219, -0.7720523498902448 
14.649999999979196, -0.772545483287679 
14.659999999979172, -0.772528647992089 
14.669999999979149, -0.7729624888503106 
14.679999999979126, -0.7859744929827542 
14.689999999979102, -0.7897758265943167 
14.69999999997908, -0.7895159485713725 
14.709999999979056, -0.7827641217751113 
14.719999999979033, -0.7754892674255395 
14.72999999997901, -0.775251086037788 
14.739999999978986, -0.7748976543591329 
14.749999999978963, -0.7742521078962173 
14.75999999997894, -0.7739031255229921 
14.769999999978916, -0.773865197151104 
14.779999999978893, -0.7738842209403847 
14.78999999997887, -0.7737751955989758 
14.799999999978846, -0.7739399881693417 
14.809999999978823, -0.7760679603134089 
14.8199999999788, -0.7775771173716448 
14.829999999978776, -0.7773804616880605 
14.839999999978753, -0.7742578909668759 
14.84999999997873, -0.7662248623635918 
14.859999999978706, -0.7663911539821021 
14.869999999978683, -0.7658660492203202 
14.87999999997866, -0.7641539871255424 
14.889999999978636, -0.7633744726239716 
14.899999999978613, -0.7632572994704395 
14.90999999997859, -0.7631086710671933 
14.919999999978566, -0.7629225396528676 
14.929999999978543, -0.7629015947719167 
14.93999999997852, -0.7635676570688734 
14.949999999978496, -0.7643325584025921 
14.959999999978473, -0.7642143580531784 
14.96999999997845, -0.7660439737210212 
14.979999999978427, -0.7852621570612518 
14.989999999978403, -0.7863905766403984 
14.99999999997838, -0.7858356392295085 
15.009999999978357, -0.7813726161153953 
15.019999999978333, -0.7792548652736567 
15.02999999997831, -0.77910555212825 
15.039999999978287, -0.7787758784385075 
15.049999999978263, -0.7783904375808021 
15.05999999997824, -0.7782138540053903 
15.069999999978217, -0.7783042599331368 
15.079999999978194, -0.7784480690913407 
15.08999999997817, -0.778323916172893 
15.099999999978147, -0.7791783272347678 
15.109999999978124, -0.7841504001606536 
15.1199999999781, -0.78529895684629 
15.129999999978077, -0.784775328188966 
15.139999999978054, -0.7697988510035947 
15.14999999997803, -0.7614469262895798 
15.159999999978007, -0.7614099114250963 
15.169999999977984, -0.7607452140605876 
15.17999999997796, -0.7597433391207152 
15.189999999977937, -0.7593637744237607 
15.199999999977914, -0.7593043186545725 
15.20999999997789, -0.7592378931845515 
15.219999999977867, -0.7590877485977315 
15.229999999977844, -0.7593517932426669 
15.23999999997782, -0.7610660188750845 
15.249999999977797, -0.7619615454745772 
15.259999999977774, -0.7616698938741925 
15.26999999997775, -0.7591837262831928 
15.279999999977727, -0.7548644311864795 
15.289999999977704, -0.754990295009964 
15.29999999997768, -0.7543236258534766 
15.309999999977657, -0.7527427810244329 
15.319999999977634, -0.7521310443059556 
15.32999999997761, -0.7520377992298855 
15.339999999977588, -0.7519184605745439 
15.349999999977564, -0.7517543214585285 
15.359999999977541, -0.7518239170171299 
15.369999999977518, -0.7529067031713884 
15.379999999977494, -0.7538880487369441 
15.389999999977471, -0.7537241543309794 
15.399999999977448, -0.7538973830311002 
15.409999999977424, -0.7563280392351128 
15.419999999977401, -0.7566908115071423 
15.429999999977378, -0.7562070683090883 
15.439999999977355, -0.7543112062848198 
15.449999999977331, -0.7534058125704641 
15.459999999977308, -0.7532770705018811 
15.469999999977285, -0.7531357793666437 
15.479999999977261, -0.7529586703382838 
15.489999999977238, -0.7529119888878255 
15.499999999977215, -0.7536062692014738 
15.509999999977191, -0.7545769056718723 
15.519999999977168, -0.7545153552391989 
15.529999999977145, -0.7548908889469818 
15.539999999977121, -0.7681511840636915 
15.549999999977098, -0.7692989991687058 
15.559999999977075, -0.7689518977870076 
15.569999999977052, -0.766400760197096 
15.579999999977028, -0.7647981922197007 
15.589999999977005, -0.7646072615277961 
15.599999999976982, -0.7644095427524059 
15.609999999976958, -0.7641547927225344 
15.619999999976935, -0.7640114876462385 
15.629999999976912, -0.7642768353095647 
15.639999999976888, -0.7647882357090698 
15.649999999976865, -0.7647554714638969 
15.659999999976842, -0.765335393593941 
15.669999999976818, -0.780710986613759 
15.679999999976795, -0.7841421361642792 
15.689999999976772, -0.7838502726902427 
15.699999999976749, -0.7778964089704477 
15.709999999976725, -0.7725182705289673 
15.719999999976702, -0.7722862839087998 
15.729999999976679, -0.7719595918244782 
15.739999999976655, -0.7714241415662615 
15.749999999976632, -0.7711303815939166 
15.759999999976609, -0.7711273776206136 
15.769999999976585, -0.7712079752584048 
15.779999999976562, -0.7711164602780025 
15.789999999976539, -0.7713612686690675 
15.799999999976515, -0.7745504400313798 
15.809999999976492, -0.7764804433735725 
15.819999999976469, -0.7762615476849744 
15.829999999976446, -0.7690947976145097 
15.839999999976422, -0.7538391393030232 
15.849999999976399, -0.7537914497005878 
15.859999999976376, -0.7533579327727944 
15.869999999976352, -0.7522586710247983 
15.879999999976329, -0.7517192042635169 
15.889999999976306, -0.7516329457806313 
15.899999999976282, -0.751584965689339 
15.90999999997626, -0.7514691172370612 
15.919999999976236, -0.7515098985161017 
15.929999999976213, -0.7530798776879732 
15.93999999997619, -0.7548178395445488 
15.949999999976166, -0.7547352448008154 
15.959999999976143, -0.7519072144825034 
15.96999999997612, -0.7360153942461563 
15.979999999976096, -0.7357701601695152 
15.989999999976073, -0.7354948564120064 
15.99999999997605, -0.7344825799336224 
16.009999999976028, -0.7338709881097939 
16.019999999976005, -0.7337515942400922 
16.02999999997598, -0.7337531017874754 
16.039999999975958, -0.7337144292259157 
16.049999999975935, -0.7336381915578434 
16.05999999997591, -0.7355217478977272 
16.069999999975888, -0.7394834021222926 
16.079999999975865, -0.7397202619377024 
16.08999999997584, -0.7379637744492795 
16.099999999975818, -0.7218912191191272 
16.109999999975795, -0.7196713733077106 
16.11999999997577, -0.7195552865293846 
16.129999999975748, -0.7190898352949212 
16.139999999975725, -0.7186969153445296 
16.1499999999757, -0.7185884715330966 
16.15999999997568, -0.7187919535847416 
16.169999999975655, -0.7190743534078127 
16.17999999997563, -0.7189495849629807 
16.18999999997561, -0.7211546888384727 
16.199999999975585, -0.7393332037021731 
16.20999999997556, -0.740730502933214 
16.21999999997554, -0.7402564259572195 
16.229999999975515, -0.7367217644238571 
16.239999999975492, -0.7349379888369282 
16.24999999997547, -0.7347717034026605 
16.259999999975445, -0.7345845834643692 
16.269999999975422, -0.7343620315506942 
16.2799999999754, -0.7342495392579507 
16.289999999975375, -0.734693014916519 
16.299999999975352, -0.735588955208951 
16.30999999997533, -0.7356254494768593 
16.319999999975305, -0.7354415339865018 
16.329999999975282, -0.7459699060561499 
16.33999999997526, -0.7474954688150968 
16.349999999975235, -0.7473272531710728 
16.359999999975212, -0.7456966782106241 
16.36999999997519, -0.7442757497125871 
16.379999999975166, -0.7440050173071132 
16.389999999975142, -0.7438999585176879 
16.39999999997512, -0.7437504154483252 
16.409999999975096, -0.7436017060151168 
16.419999999975072, -0.744048475649401 
16.42999999997505, -0.7454258367823492 
16.439999999975026, -0.745733804446552 
16.449999999975002, -0.7452512496447593 
16.45999999997498, -0.7442689416038311 
16.469999999974956, -0.7434281751048506 
16.479999999974932, -0.7434005050763106 
16.48999999997491, -0.7423933300259802 
16.499999999974886, -0.7410954647842756 
16.509999999974863, -0.7407221848019091 
16.51999999997484, -0.7406546092660528 
16.529999999974816, -0.7405666720313089 
16.539999999974793, -0.7404147721870807 
16.54999999997477, -0.7407675129240177 
16.559999999974746, -0.7427354891606125 
16.569999999974723, -0.7436104019205699 
16.5799999999747, -0.7432548961871069 
16.589999999974676, -0.7336113958666972 
16.599999999974653, -0.7225472773224744 
16.60999999997463, -0.7225337107086578 
16.619999999974606, -0.7220642504790985 
16.629999999974583, -0.7212537989750687 
16.63999999997456, -0.7208935825567974 
16.649999999974536, -0.7208784018615011 
16.659999999974513, -0.7209758757077531 
16.66999999997449, -0.7209275773220692 
16.679999999974466, -0.7210938913818721 
16.689999999974443, -0.7272618162878481 
16.69999999997442, -0.7320885239737976 
16.709999999974396, -0.7320267400153909 
16.719999999974373, -0.7284736571714819 
16.72999999997435, -0.7217712378097612 
16.739999999974327, -0.7211460741345105 
16.749999999974303, -0.7209914303117076 
16.75999999997428, -0.7206731993223489 
16.769999999974257, -0.7204370898910634 
16.779999999974233, -0.7205184091203481 
16.78999999997421, -0.7211081063986992 
16.799999999974187, -0.7214659662887929 
16.809999999974163, -0.7212349545415716 
16.81999999997414, -0.7277693093632646 
16.829999999974117, -0.737838523215188 
16.839999999974093, -0.7380691528597063 
16.84999999997407, -0.737297995329077 
16.859999999974047, -0.7353609288825248 
16.869999999974024, -0.7346828303202843 
16.879999999974, -0.7345902124283271 
16.889999999973977, -0.734474957192722 
16.899999999973954, -0.7343207814888328 
16.90999999997393, -0.7343928311389298 
16.919999999973907, -0.7357136357454875 
16.929999999973884, -0.7370451485318646 
16.93999999997386, -0.7369167359503085 
16.949999999973837, -0.7335596060637924 
16.959999999973814, -0.7175236404421442 
16.96999999997379, -0.7172960753137324 
16.979999999973767, -0.7170227777558027 
16.989999999973744, -0.7161939602713643 
16.99999999997372, -0.7157152335381153 
17.009999999973697, -0.7156379211871141 
17.019999999973674, -0.7157336786597276 
17.02999999997365, -0.7157768498512748 
17.039999999973627, -0.7156836113788589 
17.049999999973604, -0.7196668897244697 
17.05999999997358, -0.7285585481397356 
17.069999999973557, -0.7289002256095822 
17.079999999973534, -0.7275295811903243 
17.08999999997351, -0.7212711026892034 
17.099999999973488, -0.7198874803924077 
17.109999999973464, -0.7197759804566681 
17.11999999997344, -0.7195167640901434 
17.129999999973418, -0.7192758220505826 
17.139999999973394, -0.7192517784270972 
17.14999999997337, -0.7198225913342057 
17.159999999973348, -0.720543663533923 
17.169999999973324, -0.7204314121038964 
17.1799999999733, -0.7208029543238276 
17.189999999973278, -0.7248710773514276 
17.199999999973254, -0.7252598264507419 
17.20999999997323, -0.7249525067048418 
17.219999999973208, -0.7236298411729606 
17.229999999973185, -0.7228665819298152 
17.23999999997316, -0.7227284442748453 
17.249999999973138, -0.7227014884040213 
17.259999999973115, -0.7226466241775227 
17.26999999997309, -0.7225629149737364 
17.279999999973068, -0.7242215311353261 
17.289999999973045, -0.7281361850791189 
17.29999999997302, -0.7284362100564868 
17.309999999972998, -0.7269343522627156 
17.319999999972975, -0.7124719047779738 
17.32999999997295, -0.7099915144683286 
17.339999999972928, -0.709885981520901 
17.349999999972905, -0.7094963871061178 
17.35999999997288, -0.7091520534789718 
17.36999999997286, -0.7090561188196277 
17.379999999972835, -0.7093497812451489 
17.38999999997281, -0.7098071593772387 
17.39999999997279, -0.7097118780590512 
17.409999999972765, -0.7109519777720013 
17.41999999997274, -0.7287967826192421 
17.42999999997272, -0.7300696427637006 
17.439999999972695, -0.7297662848846982 
17.449999999972672, -0.7278955219698758 
17.45999999997265, -0.7267433205655887 
17.469999999972625, -0.7265597407908306 
17.479999999972602, -0.7264707136394675 
17.48999999997258, -0.7263546481969273 
17.499999999972555, -0.726249037874583 
17.509999999972532, -0.7271309859629029 
17.51999999997251, -0.7293693080770979 
17.529999999972485, -0.7296420376794086 
17.539999999972462, -0.7285509887511682 
17.54999999997244, -0.7093705059527149 
17.559999999972415, -0.7057356199476897 
17.569999999972392, -0.7056498022804532 
17.57999999997237, -0.705133338164331 
17.589999999972346, -0.7046542265460192 
17.599999999972322, -0.7044942586138961 
17.6099999999723, -0.7046446595950773 
17.619999999972276, -0.7049392115188786 
17.629999999972252, -0.7048536355776772 
17.63999999997223, -0.7059699089349861 
17.649999999972206, -0.7252734154581101 
17.659999999972182, -0.7276673703763935 
17.66999999997216, -0.7273922937821861 
17.679999999972136, -0.7249668421425646 
17.689999999972112, -0.7232987172292489 
17.69999999997209, -0.7230698162934073 
17.709999999972066, -0.7229526514828352 
17.719999999972043, -0.7228007364713315 
17.72999999997202, -0.7226710529114501 
17.739999999971996, -0.7232676971205168 
17.749999999971973, -0.7250178620912042 
17.75999999997195, -0.7253405434368508 
17.769999999971926, -0.7245843172273952 
17.779999999971903, -0.70791303873521 
17.78999999997188, -0.7030312099323721 
17.799999999971856, -0.7029709409593365 
17.809999999971833, -0.7024375075366786 
17.81999999997181, -0.7018837339166776 
17.829999999971786, -0.7016822919378976 
17.839999999971763, -0.7017887587886488 
17.84999999997174, -0.7020549472666424 
17.859999999971716, -0.7019929549122581 
17.869999999971693, -0.7026789089218303 
17.87999999997167, -0.720706737830547 
17.889999999971646, -0.724223035416232 
17.899999999971623, -0.724023123933709 
17.9099999999716, -0.7217243881904477 
17.919999999971576, -0.7198204720194401 
17.929999999971553, -0.7195362671515281 
17.93999999997153, -0.71942832452977 
17.949999999971507, -0.7192822121093856 
17.959999999971483, -0.7191375920477073 
17.96999999997146, -0.7196508206822988 
17.979999999971437, -0.7215174560631489 
17.989999999971413, -0.7220116381586633 
17.99999999997139, -0.7214158934046156 
18.009999999971367, -0.7056253087773622 
18.019999999971343, -0.6984055104398852 
18.02999999997132, -0.698349374861979 
18.039999999971297, -0.6979129735662355 
18.049999999971273, -0.6973970110842836 
18.05999999997125, -0.6971839743998524 
18.069999999971227, -0.6973050813256846 
18.079999999971204, -0.6976649650495029 
18.08999999997118, -0.6976652260463616 
18.099999999971157, -0.6978404284774692 
18.109999999971134, -0.7157934583352077 
18.11999999997111, -0.7202602462669394 
18.129999999971087, -0.7201623254199728 
18.139999999971064, -0.7186355283851268 
18.14999999997104, -0.7170837637148438 
18.159999999971017, -0.7167547112416193 
18.169999999970994, -0.7166859605695606 
18.17999999997097, -0.7166011280128994 
18.189999999970947, -0.7164589751747508 
18.199999999970924, -0.7170034264540027 
18.2099999999709, -0.7198619977578744 
18.219999999970877, -0.7208493323061371 
18.229999999970854, -0.7204002435133225 
18.23999999997083, -0.7080354889160119 
18.249999999970807, -0.6997479725764701 
18.259999999970784, -0.6996098120925378 
18.26999999997076, -0.6993076032275058 
18.279999999970737, -0.698898194987392 
18.289999999970714, -0.698693582342364 
18.29999999997069, -0.6988576434822872 
18.309999999970668, -0.6994086618777736 
18.319999999970644, -0.6995214002477489 
18.32999999997062, -0.6992955596106285 
18.339999999970598, -0.7095015014026226 
18.349999999970574, -0.712010701723047 
18.35999999997055, -0.7119944038446534 
18.369999999970528, -0.711062740751324 
18.379999999970504, -0.7099499028472903 
18.38999999997048, -0.7096179845802989 
18.399999999970458, -0.7095949166932088 
18.409999999970434, -0.7096125888870218 
18.41999999997041, -0.7094995531620467 
18.429999999970388, -0.7100446043573044 
18.439999999970365, -0.715814672065895 
18.44999999997034, -0.7182025830389487 
18.459999999970318, -0.7179410789874673 
18.469999999970295, -0.7121794795538938 
18.47999999997027, -0.7067522775407394 
18.489999999970248, -0.7064349941014478 
18.499999999970225, -0.7062497091329657 
18.5099999999702, -0.7059676981570701 
18.519999999970178, -0.7057814523241018 
18.529999999970155, -0.7060167362536497 
18.53999999997013, -0.7069345270665657 
18.549999999970108, -0.7072584103628288 
18.559999999970085, -0.7068606486396808 
18.56999999997006, -0.7022717885878494 
18.57999999997004, -0.6971596044441634 
18.589999999970015, -0.6971670335230595 
18.59999999996999, -0.6966249466137192 
18.60999999996997, -0.6958975677453526 
18.619999999969945, -0.6956117601960186 
18.62999999996992, -0.6956533794774078 
18.6399999999699, -0.6958620178979019 
18.649999999969875, -0.6958406122263027 
18.659999999969852, -0.6960712493873488 
18.66999999996983, -0.710525221206553 
18.679999999969805, -0.7168554268220761 
18.689999999969782, -0.7167844480367808 
18.69999999996976, -0.7148772874866881 
18.709999999969735, -0.7125988802024185 
18.719999999969712, -0.7121847759979957 
18.72999999996969, -0.7120948540043747 
18.739999999969665, -0.7119663670798053 
18.749999999969642, -0.7118120631384177 
18.75999999996962, -0.7121853001743954 
18.769999999969595, -0.7143157012504848 
18.779999999969572, -0.7152877504755499 
18.78999999996955, -0.7149231732792185 
18.799999999969526, -0.7032896561662515 
18.809999999969502, -0.6924378926124374 
18.81999999996948, -0.6922828740690912 
18.829999999969456, -0.6919942573191604 
18.839999999969432, -0.6915615498273467 
18.84999999996941, -0.6913372238493983 
18.859999999969386, -0.6914756633168816 
18.869999999969362, -0.6920390702011258 
18.87999999996934, -0.6922162024617576 
18.889999999969316, -0.6919262793130789 
18.899999999969292, -0.6972893871903296 
18.90999999996927, -0.6976416305041273 
18.919999999969246, -0.6976665184300158 
18.929999999969223, -0.6969899447129645 
18.9399999999692, -0.6961001369915344 
18.949999999969176, -0.6957848824201709 
18.959999999969153, -0.6957990315084498 
18.96999999996913, -0.6959306520230654 
18.979999999969106, -0.695874278941176 
18.989999999969083, -0.6962343641490372 
18.99999999996906, -0.7077290408925049 
19.009999999969036, -0.7129509882528194 
19.019999999969013, -0.7128419170739373 
19.02999999996899, -0.7103977261239802 
19.039999999968966, -0.707611241506929 
19.049999999968943, -0.7071997453612046 
19.05999999996892, -0.7070959784817208 
19.069999999968896, -0.7069423387006496 
19.079999999968873, -0.7067836217751805 
19.08999999996885, -0.7071477425756546 
19.099999999968826, -0.7090760672927107 
19.109999999968803, -0.7099292215459607 
19.11999999996878, -0.7095422734492755 
19.129999999968756, -0.6973570827319672 
19.139999999968733, -0.6868251802455168 
19.14999999996871, -0.6866836043146853 
19.159999999968687, -0.6863952566247025 
19.169999999968663, -0.6859801296927852 
19.17999999996864, -0.6857678494741233 
19.189999999968617, -0.6859336695255419 
19.199999999968593, -0.6865776357853313 
19.20999999996857, -0.6867788478529367 
19.219999999968547, -0.6864181372274001 
19.229999999968523, -0.6848979656851732 
19.2399999999685, -0.6813306612720301 
19.249999999968477, -0.681331691124962 
19.259999999968453, -0.6808032900505857 
19.26999999996843, -0.680161536740649 
19.279999999968407, -0.6799162447137809 
19.289999999968384, -0.6800071889346274 
19.29999999996836, -0.6803357155584431 
19.309999999968337, -0.6803522659180856 
19.319999999968314, -0.680398176085902 
19.32999999996829, -0.6966058967843817 
19.339999999968267, -0.7006789750506445 
19.349999999968244, -0.7006284763882736 
19.35999999996822, -0.6995584892157624 
19.369999999968197, -0.6984374633525342 
19.379999999968174, -0.6981354066043987 
19.38999999996815, -0.6981230610783976 
19.399999999968127, -0.6981576018380723 
19.409999999968104, -0.6980461796882809 
19.41999999996808, -0.6987682290160915 
19.429999999968057, -0.7065515491816123 
19.439999999968034, -0.709069275598685 
19.44999999996801, -0.7087929694393542 
19.459999999967987, -0.7043831320358187 
19.469999999967964, -0.7008922034657185 
19.47999999996794, -0.7006015861477068 
19.489999999967917, -0.7004538628842872 
19.499999999967894, -0.7002514700746032 
19.50999999996787, -0.7000979294892817 
19.519999999967848, -0.7005145572900703 
19.529999999967824, -0.7020970909099603 
19.5399999999678, -0.7025780971298752 
19.549999999967778, -0.7020149302300208 
19.559999999967754, -0.6865007289220404 
19.56999999996773, -0.6787820185840588 
19.579999999967708, -0.678704995816233 
19.589999999967684, -0.6783635819074029 
19.59999999996766, -0.6779638402454911 
19.609999999967638, -0.677788395461053 
19.619999999967614, -0.6780254406396558 
19.62999999996759, -0.6787448068300078 
19.639999999967568, -0.6788764467049241 
19.649999999967545, -0.6783566609197436 
19.65999999996752, -0.668606266221032 
19.669999999967498, -0.6646026619856669 
19.679999999967475, -0.6645559525885265 
19.68999999996745, -0.6640951276986211 
19.699999999967428, -0.6636499825475475 
19.709999999967405, -0.6634957163191688 
19.71999999996738, -0.663751000739125 
19.729999999967358, -0.6644099144472503 
19.739999999967335, -0.6644616748389581 
19.74999999996731, -0.6637728422937995 
19.759999999967288, -0.649707103673337 
19.769999999967265, -0.6467333703468278 
19.77999999996724, -0.6466625798832998 
19.78999999996722, -0.646263695931546 
19.799999999967195, -0.645933859440807 
19.80999999996717, -0.6458504621945077 
19.81999999996715, -0.6463730048184807 
19.829999999967125, -0.6475455505182472 
19.8399999999671, -0.647626396774437 
19.84999999996708, -0.6458543183466116 
19.859999999967055, -0.6300068623549687 
19.869999999967032, -0.6278504524442249 
19.87999999996701, -0.6277662516873195 
19.889999999966985, -0.6275735578922143 
19.899999999966962, -0.6274153822802057 
19.90999999996694, -0.6274286550282405 
19.919999999966915, -0.6295463477200861 
19.929999999966892, -0.633983113513869 
19.93999999996687, -0.6342090513194774 
19.949999999966845, -0.632971216808603 
19.959999999966822, -0.6297475261533884 
19.9699999999668, -0.6289813291710471 
19.979999999966775, -0.6289239910640883 
19.989999999966752, -0.6289638101733527 
19.99999999996673, -0.6289605563906822 
20.009999999966706, -0.6289264880182338 
20.019999999966682, -0.6390238782582942 
20.02999999996666, -0.6513144749164349 
20.039999999966636, -0.6514978645817731 
20.049999999966612, -0.6508802442569986 
20.05999999996659, -0.6498832246799007 
20.069999999966566, -0.6495266634588733 
20.079999999966542, -0.6495558930933515 
20.08999999996652, -0.6498391059390248 
20.099999999966496, -0.6499373415624512 
20.109999999966472, -0.6497421243034442 
20.11999999996645, -0.6572204661724698 
20.129999999966426, -0.6577874484160352 
20.139999999966403, -0.6578281029491783 
20.14999999996638, -0.6573446959868796 
20.159999999966356, -0.6567300033018251 
20.169999999966333, -0.656490404757806 
20.17999999996631, -0.6566174208297169 
20.189999999966286, -0.6571226559862361 
20.199999999966263, -0.6572524545933102 
20.20999999996624, -0.6568662092737222 
20.219999999966216, -0.650348098318047 
20.229999999966193, -0.6451751074848644 
20.23999999996617, -0.6451443990099873 
20.249999999966146, -0.6447634575377988 
20.259999999966123, -0.6443690403245196 
20.2699999999661, -0.6442185321294382 
20.279999999966076, -0.6445607974103816 
20.289999999966053, -0.6456424490294849 
20.29999999996603, -0.6458694127418504 
20.309999999966006, -0.644964020530226 
20.319999999965983, -0.6292197963977693 
20.32999999996596, -0.6251307012951931 
20.339999999965936, -0.6250328090862702 
20.349999999965913, -0.6248457629172359 
20.35999999996589, -0.6246788156010462 
20.369999999965867, -0.6246091992692935 
20.379999999965843, -0.6260342884616384 
20.38999999996582, -0.6309054960295102 
20.399999999965797, -0.6314705140847918 
20.409999999965773, -0.6307174524588063 
20.41999999996575, -0.627462538242735 
20.429999999965727, -0.6264233550041574 
20.439999999965703, -0.6263245624263769 
20.44999999996568, -0.6263591117235807 
20.459999999965657, -0.6264025746914299 
20.469999999965633, -0.6262860194195494 
20.47999999996561, -0.6322329471838801 
20.489999999965587, -0.6485536881336216 
20.499999999965564, -0.6489729630165915 
20.50999999996554, -0.648565749205914 
20.519999999965517, -0.6476087189964393 
20.529999999965494, -0.6471936680935746 
20.53999999996547, -0.6471855932222963 
20.549999999965447, -0.6474839300988675 
20.559999999965424, -0.647709093496809 
20.5699999999654, -0.6474893456985248 
20.579999999965377, -0.649327758953032 
20.589999999965354, -0.6446882629694274 
20.59999999996533, -0.6447038202845627 
20.609999999965307, -0.6444045436310273 
20.619999999965284, -0.643896382050062 
20.62999999996526, -0.6436503640220097 
20.639999999965237, -0.6437868480505493 
20.649999999965214, -0.6445893683318034 
20.65999999996519, -0.6450611328529676 
20.669999999965167, -0.6447025529573692 
20.679999999965144, -0.6331842210366568 
20.68999999996512, -0.6228130443082558 
20.699999999965097, -0.6225907284674187 
20.709999999965074, -0.6224272619316916 
20.71999999996505, -0.622225430789467 
20.729999999965028, -0.6220877144817772 
20.739999999965004, -0.6227223414565813 
20.74999999996498, -0.6269100668879548 
20.759999999964958, -0.6284121492010357 
20.769999999964934, -0.6280918553220604 
20.77999999996491, -0.625012289106785 
20.789999999964888, -0.6232787441370653 
20.799999999964864, -0.6230576677435103 
20.80999999996484, -0.6230660278030333 
20.819999999964818, -0.6231441527809277 
20.829999999964794, -0.6230346713651185 
20.83999999996477, -0.6247901050745042 
20.849999999964748, -0.6441464726173981 
20.859999999964725, -0.6454781736097713 
20.8699999999647, -0.6452882842321691 
20.879999999964678, -0.644404441928671 
20.889999999964655, -0.6438731736949587 
20.89999999996463, -0.6437766966849989 
20.909999999964608, -0.6440215295127432 
20.919999999964585, -0.6444169802530642 
20.92999999996456, -0.6443025223704214 
20.939999999964538, -0.6438750076929615 
20.949999999964515, -0.6328850808841008 
20.95999999996449, -0.6322757051976129 
20.969999999964468, -0.6321327684331943 
20.979999999964445, -0.6317171111168588 
20.98999999996442, -0.6314554369558366 
20.9999999999644, -0.6315048780925944 
21.009999999964375, -0.6324803426828952 
21.01999999996435, -0.6337547392039788 
21.02999999996433, -0.6336705682647421 
21.039999999964305, -0.6296421743007665 
21.04999999996428, -0.620635406828493 
21.05999999996426, -0.619853832100464 
21.069999999964235, -0.6197774490739694 
21.079999999964212, -0.6196753885921613 
21.08999999996419, -0.6195637397577654 
21.099999999964165, -0.6198358662676128 
21.109999999964142, -0.6268126731024358 
21.11999999996412, -0.6326061404696371 
21.129999999964095, -0.6326145903639806 
21.139999999964072, -0.6313914261359094 
21.14999999996405, -0.6300111799471889 
21.159999999964025, -0.6296730349262033 
21.169999999964002, -0.6297079630333011 
21.17999999996398, -0.6299273519030999 
21.189999999963955, -0.6299301612748307 
21.199999999963932, -0.6299042418757265 
21.20999999996391, -0.6387000219843394 
21.219999999963886, -0.6383741311559118 
21.229999999963862, -0.6383505757111642 
21.23999999996384, -0.6378594410361806 
21.249999999963816, -0.6374008156404316 
21.259999999963792, -0.637250695764841 
21.26999999996377, -0.6375569248459976 
21.279999999963746, -0.6384436716557604 
21.289999999963722, -0.6385810167151703 
21.2999999999637, -0.6375232368747582 
21.309999999963676, -0.6202272138808281 
21.319999999963652, -0.6166600394748274 
21.32999999996363, -0.6165750005862148 
21.339999999963606, -0.616383817268098 
21.349999999963583, -0.6162233683043578 
21.35999999996356, -0.6161755332712392 
21.369999999963536, -0.6179397989435017 
21.379999999963513, -0.6234356903810375 
21.38999999996349, -0.6239279683144779 
21.399999999963466, -0.623159360592446 
21.409999999963443, -0.6205635834555927 
21.41999999996342, -0.6197560545057118 
21.429999999963396, -0.6196830309491289 
21.439999999963373, -0.6197793192134066 
21.44999999996335, -0.6198714985514999 
21.459999999963326, -0.6197226070268332 
21.469999999963303, -0.6261195604695079 
21.47999999996328, -0.6343952250366929 
21.489999999963256, -0.6345635998042957 
21.499999999963233, -0.634245813828161 
21.50999999996321, -0.633643091485955 
21.519999999963186, -0.6333621236479973 
21.529999999963163, -0.6334560134087867 
21.53999999996314, -0.6341599608587617 
21.549999999963116, -0.6346608353343722 
21.559999999963093, -0.6343563797365379 
21.56999999996307, -0.6243128212853655 
21.579999999963047, -0.6131248980086678 
21.589999999963023, -0.6128249800694617 
21.599999999963, -0.6126896111671951 
21.609999999962977, -0.6125185480256773 
21.619999999962953, -0.612383878811087 
21.62999999996293, -0.6130261616724305 
21.639999999962907, -0.6188342769328459 
21.649999999962883, -0.6211438552001312 
21.65999999996286, -0.6209342004864041 
21.669999999962837, -0.6189348546750861 
21.679999999962813, -0.6176343123289704 
21.68999999996279, -0.6174109931393676 
21.699999999962767, -0.6174745010542508 
21.709999999962744, -0.6176751961520539 
21.71999999996272, -0.6175969226347535 
21.729999999962697, -0.6181664159924082 
21.739999999962674, -0.6230265506533317 
21.74999999996265, -0.622509191621331 
21.759999999962627, -0.6224092623656874 
21.769999999962604, -0.621944642961823 
21.77999999996258, -0.6216259303542268 
21.789999999962557, -0.6215917820713284 
21.799999999962534, -0.6223041962267162 
21.80999999996251, -0.6236947186866109 
21.819999999962487, -0.6237376475888492 
21.829999999962464, -0.6213831859502635 
21.83999999996244, -0.6119880797166484 
21.849999999962417, -0.6107568972451601 
21.859999999962394, -0.610684794596338 
21.86999999996237, -0.6106073744977244 
21.879999999962347, -0.6105294656547914 
21.889999999962324, -0.6105885071437048 
21.8999999999623, -0.6174601105176566 
21.909999999962277, -0.627634856842973 
21.919999999962254, -0.6278312936039945 
21.92999999996223, -0.6271119269939753 
21.939999999962208, -0.6259827842480004 
21.949999999962184, -0.6256184959438802 
21.95999999996216, -0.6256585941819486 
21.969999999962138, -0.6260004246510504 
21.979999999962114, -0.6261504248370102 
21.98999999996209, -0.6258363537659101 
21.999999999962068, -0.6192022542737062 
22.009999999962044, -0.6104018273789923 
22.01999999996202, -0.6103378939693268 
22.029999999961998, -0.6100950969762962 
22.039999999961974, -0.6098221036328488 
22.04999999996195, -0.6096863629320701 
22.059999999961928, -0.6102936237239095 
22.069999999961905, -0.6134436138540545 
22.07999999996188, -0.6144313336096392 
22.089999999961858, -0.6139938167126257 
22.099999999961835, -0.610373421872951 
22.10999999996181, -0.6087320601617077 
22.119999999961788, -0.6085511929070472 
22.129999999961765, -0.6085765823971125 
22.13999999996174, -0.6086755636692882 
22.149999999961718, -0.6085583781131828 
22.159999999961695, -0.6107500289013689 
22.16999999996167, -0.6251520694862831 
22.179999999961648, -0.6255559608910207 
22.189999999961625, -0.6253819264743493 
22.1999999999616, -0.6247838944550949 
22.20999999996158, -0.6244372129659487 
22.219999999961555, -0.6244290181539067 
22.22999999996153, -0.6250388632940785 
22.23999999996151, -0.6259234006376281 
22.249999999961485, -0.6258315216038167 
22.25999999996146, -0.6216557626893264 
22.26999999996144, -0.6087634400907409 
22.279999999961415, -0.6078456493072254 
22.289999999961392, -0.6077651369829509 
22.29999999996137, -0.6076392322454859 
22.309999999961345, -0.6075233034462508 
22.319999999961322, -0.6077475209607281 
22.3299999999613, -0.614299024400012 
22.339999999961275, -0.6206939024387079 
22.349999999961252, -0.6207438942150484 
22.35999999996123, -0.6197111034829388 
22.369999999961205, -0.618490497820202 
22.379999999961182, -0.6181665629407407 
22.38999999996116, -0.6182269232794367 
22.399999999961135, -0.6185530431367339 
22.409999999961112, -0.6186248102844643 
22.41999999996109, -0.6182760548785238 
22.429999999961066, -0.6093413765520885 
22.439999999961042, -0.6033707825280185 
22.44999999996102, -0.603319694817007 
22.459999999960996, -0.6030625331032594 
22.469999999960972, -0.6028237157061545 
22.47999999996095, -0.6027250253916882 
22.489999999960926, -0.6036602357895717 
22.499999999960902, -0.60764601899302 
22.50999999996088, -0.6083986749274365 
22.519999999960856, -0.6078310815960803 
22.529999999960832, -0.6049046963789483 
22.53999999996081, -0.6038334121996334 
22.549999999960786, -0.6037169930759547 
22.559999999960763, -0.6038085793915272 
22.56999999996074, -0.6039654123187834 
22.579999999960716, -0.6038207668953297 
22.589999999960693, -0.6058234260231394 
22.59999999996067, -0.6034046381337294 
22.609999999960646, -0.6031842576643891 
22.619999999960623, -0.6030233531579193 
22.6299999999606, -0.6026579089978119 
22.639999999960576, -0.6024456644978609 
22.649999999960553, -0.6026020354894831 
22.65999999996053, -0.6044946618037549 
22.669999999960506, -0.6065809457962945 
22.679999999960483, -0.6065094927988229 
22.68999999996046, -0.6040620981179907 
22.699999999960436, -0.6011278744624577 
22.709999999960413, -0.6006720654175002 
22.71999999996039, -0.6006659415959874 
22.729999999960366, -0.6007856565804979 
22.739999999960343, -0.6007660285232636 
22.74999999996032, -0.6008160147068844 
22.759999999960296, -0.610493142705112 
22.769999999960273, -0.6098078852697476 
22.77999999996025, -0.6097934198041981 
22.789999999960227, -0.609407204440692 
22.799999999960203, -0.6090548035237132 
22.80999999996018, -0.6089377573448209 
22.819999999960157, -0.6094943990719681 
22.829999999960133, -0.6114322880429537 
22.83999999996011, -0.6118352998244447 
22.849999999960087, -0.6109785000745634 
22.859999999960063, -0.6048050604203252 
22.86999999996004, -0.6030319052683076 
22.879999999960017, -0.6029100075473159 
22.889999999959993, -0.6028956183780312 
22.89999999995997, -0.6029143118110029 
22.909999999959947, -0.6028012273100433 
22.919999999959924, -0.6073426638865268 
22.9299999999599, -0.6245750295216379 
22.939999999959877, -0.6250843908062395 
22.949999999959854, -0.6247925489030408 
22.95999999995983, -0.6240530443741114 
22.969999999959807, -0.6236998945701524 
22.979999999959784, -0.6237237183765675 
22.98999999995976, -0.6242760485103103 
22.999999999959737, -0.6248449560146856 
23.009999999959714, -0.624640355763007 
23.01999999995969, -0.6176217447758575 
23.029999999959667, -0.6038797097484083 
23.039999999959644, -0.603360504060928 
23.04999999995962, -0.6032551230000816 
23.059999999959597, -0.603103739287045 
23.069999999959574, -0.6029734212486143 
23.07999999995955, -0.6034220810636265 
23.089999999959527, -0.6104000172664238 
23.099999999959504, -0.6145171313751556 
23.10999999995948, -0.6144442625262514 
23.119999999959457, -0.6131426817580461 
23.129999999959434, -0.6120352236444875 
23.13999999995941, -0.6117846455058321 
23.149999999959388, -0.6118834014869547 
23.159999999959364, -0.6122356646195845 
23.16999999995934, -0.6122476609842893 
23.179999999959318, -0.6117404528408316 
23.189999999959294, -0.5972923760605807 
23.19999999995927, -0.5935817353122763 
23.209999999959248, -0.5935198866166796 
23.219999999959224, -0.593284572714366 
23.2299999999592, -0.5931006868517086 
23.239999999959178, -0.5930570655204919 
23.249999999959154, -0.5948323020827175 
23.25999999995913, -0.6007720742645762 
23.269999999959108, -0.6013130597484077 
23.279999999959085, -0.6006792490941864 
23.28999999995906, -0.5988295217119951 
23.299999999959038, -0.598215345402632 
23.309999999959015, -0.5981747246667538 
23.31999999995899, -0.5984244721128718 
23.329999999958968, -0.5986920449636378 
23.339999999958945, -0.5984788149923765 
23.34999999995892, -0.5929537105155703 
23.359999999958898, -0.5769738270391433 
23.369999999958875, -0.5765650762543276 
23.37999999995885, -0.576452917644443 
23.389999999958828, -0.5763013539108897 
23.399999999958805, -0.5761785079279246 
23.40999999995878, -0.5766989581687832 
23.41999999995876, -0.5867791583505544 
23.429999999958735, -0.5916890131495522 
23.43999999995871, -0.5916477298509785 
23.44999999995869, -0.5908233535598159 
23.459999999958665, -0.5901691136293874 
23.46999999995864, -0.5900046184447595 
23.47999999995862, -0.5902919037364185 
23.489999999958595, -0.59122197787789 
23.499999999958572, -0.5913944313243402 
23.50999999995855, -0.5902476848571816 
23.519999999958525, -0.5799900786904745 
23.529999999958502, -0.5777951170956246 
23.53999999995848, -0.5776936545678991 
23.549999999958455, -0.5776636664374215 
23.559999999958432, -0.5776718026565213 
23.56999999995841, -0.5775614372887021 
23.579999999958385, -0.5828044916208603 
23.589999999958362, -0.5962074732861751 
23.59999999995834, -0.5964407409296802 
23.609999999958315, -0.5962141566939012 
23.619999999958292, -0.5957407179646476 
23.62999999995827, -0.5955028489923174 
23.639999999958246, -0.5956558552434786 
23.649999999958222, -0.5971598189376893 
23.6599999999582, -0.5986400875782647 
23.669999999958176, -0.5985021070178973 
23.679999999958152, -0.5953253792593678 
23.68999999995813, -0.5920626435995365 
23.699999999958106, -0.5916417597197339 
23.709999999958082, -0.5916371277347447 
23.71999999995806, -0.5917507822722177 
23.729999999958036, -0.5917156003169152 
23.739999999958012, -0.5918359980207921 
23.74999999995799, -0.5991182778400512 
23.759999999957966, -0.5975539983101474 
23.769999999957943, -0.597522655910774 
23.77999999995792, -0.5971765521615601 
23.789999999957896, -0.5968883487606322 
23.799999999957873, -0.5968048827535741 
23.80999999995785, -0.5976614201208366 
23.819999999957826, -0.6006293205984523 
23.829999999957803, -0.601104789445664 
23.83999999995778, -0.6003228616150905 
23.849999999957756, -0.5967888480173369 
23.859999999957733, -0.5957310934661564 
23.86999999995771, -0.5956375513493104 
23.879999999957686, -0.5957282427693855 
23.889999999957663, -0.5958600003932311 
23.89999999995764, -0.5957016363265518 
23.909999999957616, -0.5980567474040173 
23.919999999957593, -0.5931629526062826 
23.92999999995757, -0.5929778175249381 
23.939999999957546, -0.5928107803023775 
23.949999999957523, -0.592495800015841 
23.9599999999575, -0.5923134541881694 
23.969999999957476, -0.5925723001340747 
23.979999999957453, -0.5954823604218903 
23.98999999995743, -0.598042962626197 
23.999999999957407, -0.5979563172374592 
24.009999999957383, -0.5960659854755127 
24.01999999995736, -0.5943076320820578 
24.029999999957337, -0.5939816106216307 
24.039999999957313, -0.5940335491082318 
24.04999999995729, -0.5943026367489681 
24.059999999957267, -0.5943206717664492 
24.069999999957243, -0.5939242340438218 
24.07999999995722, -0.5806711327050879 
24.089999999957197, -0.5759746516191379 
24.099999999957173, -0.5759120410127354 
24.10999999995715, -0.5757191376417832 
24.119999999957127, -0.5755708106550043 
24.129999999957104, -0.5755052224107715 
24.13999999995708, -0.5777475392610604 
24.149999999957057, -0.5878487413247485 
24.159999999957034, -0.5886806827945419 
24.16999999995701, -0.5883025207634943 
24.179999999956987, -0.5872351900418188 
24.189999999956964, -0.5867998181637241 
24.19999999995694, -0.58680216071564 
24.209999999956917, -0.587340768551151 
24.219999999956894, -0.5880197167881558 
24.22999999995687, -0.5878616660663305 
24.239999999956847, -0.5826349726183937 
24.249999999956824, -0.5742419168432484 
24.2599999999568, -0.5736319604806924 
24.269999999956777, -0.5735867656544935 
24.279999999956754, -0.5735934414382287 
24.28999999995673, -0.5735373510137326 
24.299999999956707, -0.5737569251062804 
24.309999999956684, -0.5888134044480243 
24.31999999995666, -0.5908804666391331 
24.329999999956637, -0.5908832503081487 
24.339999999956614, -0.5905034439418902 
24.34999999995659, -0.5901621251700447 
24.359999999956568, -0.5900490973709199 
24.369999999956544, -0.5907061618408931 
24.37999999995652, -0.5933419885667521 
24.389999999956498, -0.5939272332945698 
24.399999999956474, -0.5932823841347137 
24.40999999995645, -0.5896974187668785 
24.419999999956428, -0.5884969137736481 
24.429999999956404, -0.5883804690452745 
24.43999999995638, -0.5884732410513178 
24.449999999956358, -0.5886435380586812 
24.459999999956334, -0.5884981156384564 
24.46999999995631, -0.5889345821115791 
24.479999999956288, -0.5776259987120594 
24.489999999956265, -0.5770939881172175 
24.49999999995624, -0.5769771938820979 
24.509999999956218, -0.5767424179323128 
24.519999999956195, -0.5765902043507166 
24.52999999995617, -0.5768348676213572 
24.539999999956148, -0.5818844248930676 
24.549999999956125, -0.5871182399971827 
24.5599999999561, -0.587158539494656 
24.569999999956078, -0.5862183164486365 
24.579999999956055, -0.5852375967024065 
24.58999999995603, -0.5849794230211366 
24.599999999956008, -0.5851302296800994 
24.609999999955985, -0.5858030845122588 
24.61999999995596, -0.5860333138351769 
24.62999999995594, -0.5853331537677243 
24.639999999955915, -0.5735765697375255 
24.64999999995589, -0.5697879991105396 
24.65999999995587, -0.5696388777464434 
24.669999999955845, -0.5695894239899115 
24.67999999995582, -0.5695941223520656 
24.6899999999558, -0.5694819991275522 
24.699999999955775, -0.5723677147206557 
24.709999999955752, -0.5877649942499307 
24.71999999995573, -0.5880731340622593 
24.729999999955705, -0.5879179210807455 
24.739999999955682, -0.5874728664179332 
24.74999999995566, -0.5872238333558957 
24.759999999955635, -0.587307333406647 
24.769999999955612, -0.5888362953803783 
24.77999999995559, -0.5911042137489956 
24.789999999955565, -0.5911153792294102 
24.799999999955542, -0.589247033345988 
24.80999999995552, -0.5864886892883019 
24.819999999955495, -0.5859856257369522 
24.829999999955472, -0.5859894937417625 
24.83999999995545, -0.586187455413837 
24.849999999955426, -0.5862513358760687 
24.859999999955402, -0.5859743998314408 
24.86999999995538, -0.5779946861552254 
24.879999999955356, -0.56987497707943 
24.889999999955332, -0.5697911236745172 
24.89999999995531, -0.569617919049255 
24.909999999955286, -0.5694637211542528 
24.919999999955262, -0.5693589646866373 
24.92999999995524, -0.570811029017174 
24.939999999955216, -0.5821604710819137 
24.949999999955192, -0.5838398844213314 
24.95999999995517, -0.5836152707001153 
24.969999999955146, -0.5826807756479021 
24.979999999955123, -0.5822103167648865 
24.9899999999551, -0.5821661682056762 
24.999999999955076, -0.5826978123954418 
