t, s[1].omega / s[0].omega 
0, -0.5799977340674456 
0.009999999999999995, -0.5797825504089515 
0.019999999999999934, -0.5795825878694931 
0.029999999999999874, -0.5793790827286999 
0.04000000000000012, -0.5791497041550863 
0.050000000000000405, -0.5788766201873867 
0.06000000000000069, -0.5785511719304262 
0.07000000000000098, -0.5781745223975652 
0.08000000000000126, -0.5777563220102424 
0.09000000000000155, -0.5773140656127291 
0.10000000000000184, -0.5768750386997021 
0.11000000000000212, -0.5764819581419959 
0.12000000000000241, -0.576203212393705 
0.130000000000002, -0.5761487557163252 
0.1400000000000009, -0.5764925119958022 
0.1499999999999998, -0.5775003422362862 
0.1599999999999987, -0.5795567173383532 
0.1699999999999976, -0.5831688563973279 
0.1799999999999965, -0.5889010135585303 
0.1899999999999954, -0.5971684566425729 
0.1999999999999943, -0.6078690391356507 
0.2099999999999932, -0.6200505085926953 
0.2199999999999921, -0.6320608883423986 
0.229999999999991, -0.6423298571683544 
0.2399999999999899, -0.6501160083264245 
0.2499999999999888, -0.6555415116512232 
0.2599999999999877, -0.6591376675110456 
0.2699999999999866, -0.6614555904241987 
0.2799999999999855, -0.6629163420380176 
0.2899999999999844, -0.6638034740409746 
0.2999999999999833, -0.6642965412738658 
0.3099999999999822, -0.6645033435370521 
0.3199999999999811, -0.6644816597417396 
0.32999999999998, -0.6642513465709668 
0.3399999999999789, -0.6637992919129577 
0.3499999999999778, -0.6630797970146232 
0.35999999999997667, -0.6620140872200926 
0.36999999999997557, -0.6604957728819094 
0.37999999999997447, -0.6584127933582922 
0.38999999999997337, -0.6556937525274823 
0.39999999999997227, -0.65236744093305 
0.40999999999997117, -0.6485956124519527 
0.41999999999997006, -0.6446401547328126 
0.42999999999996896, -0.6407778142167847 
0.43999999999996786, -0.6372218706499582 
0.44999999999996676, -0.63409279473606 
0.45999999999996566, -0.6314320755090305 
0.46999999999996456, -0.6292317162573865 
0.47999999999996346, -0.6274597054308726 
0.48999999999996235, -0.6260755581708126 
0.49999999999996125, -0.625037625290393 
0.5099999999999602, -0.6243056839964141 
0.519999999999959, -0.6238416220420318 
0.529999999999958, -0.6236098202695244 
0.5399999999999568, -0.623577862164957 
0.5499999999999557, -0.6237176021435084 
0.5599999999999546, -0.624006358606531 
0.5699999999999535, -0.6244279299566389 
0.5799999999999524, -0.6249730734202416 
0.5899999999999513, -0.6256388683441549 
0.5999999999999502, -0.6264260202859102 
0.6099999999999491, -0.6273330384140798 
0.619999999999948, -0.6283471004313541 
0.6299999999999469, -0.6294339328980647 
0.6399999999999458, -0.630532490506811 
0.6499999999999447, -0.6315613647273473 
0.6599999999999436, -0.6324383588390801 
0.6699999999999425, -0.6331039551818279 
0.6799999999999414, -0.6335343222205352 
0.6899999999999403, -0.6337376122579212 
0.6999999999999392, -0.6337397798904777 
0.7099999999999381, -0.6335701255220332 
0.719999999999937, -0.6332522271187916 
0.7299999999999359, -0.6328006453478037 
0.7399999999999348, -0.6322218224480298 
0.7499999999999337, -0.6315181836996289 
0.7599999999999326, -0.6306958096888207 
0.7699999999999315, -0.629776912009973 
0.7799999999999304, -0.6288171473315549 
0.7899999999999293, -0.6279212985116877 
0.7999999999999282, -0.6272349872090854 
0.8099999999999271, -0.6268715223449184 
0.819999999999926, -0.6267589357568883 
0.8299999999999249, -0.626537180645967 
0.8399999999999238, -0.6257710423617497 
0.8499999999999227, -0.6244164836353374 
0.8599999999999216, -0.6229315380581004 
0.8699999999999205, -0.6218365290435662 
0.8799999999999194, -0.6213307951451089 
0.8899999999999183, -0.6213128356856581 
0.8999999999999172, -0.6215752769294536 
0.9099999999999161, -0.621938160442687 
0.919999999999915, -0.6222869061019243 
0.9299999999999139, -0.622561924211912 
0.9399999999999128, -0.6227370534175427 
0.9499999999999117, -0.6228015321586974 
0.9599999999999106, -0.6227481048089218 
0.9699999999999095, -0.6225661049446579 
0.9799999999999084, -0.6222383239861958 
0.9899999999999073, -0.6217416312249432 
0.9999999999999062, -0.6210523334587915 
1.0099999999999052, -0.6201567593774266 
1.019999999999904, -0.6190642411260231 
1.029999999999903, -0.6178149307041169 
1.039999999999902, -0.6164745774296045 
1.0499999999999008, -0.6151166532706399 
1.0599999999998997, -0.6138023093211672 
1.0699999999998986, -0.6125693922132454 
1.0799999999998975, -0.6114334277300515 
1.0899999999998964, -0.6103959098984505 
1.0999999999998953, -0.6094537634580289 
1.1099999999998942, -0.608606386439334 
1.119999999999893, -0.6078595958394704 
1.129999999999892, -0.6072273558354375 
1.1399999999998909, -0.6067323820095585 
1.1499999999998898, -0.606406306463103 
1.1599999999998887, -0.6062896776481418 
1.1699999999998876, -0.6064318869047158 
1.1799999999998865, -0.6068910881955424 
1.1899999999998854, -0.6077340937558626 
1.1999999999998843, -0.6090358258328834 
1.2099999999998832, -0.6108769257523605 
1.219999999999882, -0.6133364194758083 
1.229999999999881, -0.6164742833988099 
1.2399999999998799, -0.6202983109944888 
1.2499999999998788, -0.6247158730207403 
1.2599999999998777, -0.6294900813805653 
1.2699999999998766, -0.6342448219056425 
1.2799999999998755, -0.6385569252783498 
1.2899999999998744, -0.6421035085835778 
1.2999999999998733, -0.6447610895812341 
1.3099999999998722, -0.6465905790698078 
1.319999999999871, -0.6477485717767123 
1.32999999999987, -0.6484029832512879 
1.3399999999998689, -0.6486885644110519 
1.3499999999998678, -0.6486948942015115 
1.3599999999998666, -0.6484685533378918 
1.3699999999998655, -0.6480168828351947 
1.3799999999998644, -0.6473072178303766 
1.3899999999998633, -0.6462585753926721 
1.3999999999998622, -0.6447238007516947 
1.4099999999998611, -0.6424623655592728 
1.41999999999986, -0.6391134355823348 
1.429999999999859, -0.634204802991576 
1.4399999999998578, -0.6272725540768619 
1.4499999999998567, -0.6181534395470148 
1.4599999999998556, -0.6073261154791417 
1.4699999999998545, -0.5959321054105288 
1.4799999999998534, -0.585297164375788 
1.4899999999998523, -0.5763493772948698 
1.4999999999998512, -0.5694087346552805 
1.5099999999998501, -0.5643415610506026 
1.519999999999849, -0.560808225561177 
1.529999999999848, -0.5584366488205051 
1.5399999999998468, -0.5569026824266121 
1.5499999999998457, -0.5559523713253082 
1.5599999999998446, -0.5553980823353651 
1.5699999999998435, -0.5551062021956568 
1.5799999999998424, -0.5549840766996038 
1.5899999999998413, -0.5549688927872856 
1.5999999999998402, -0.5550191803085239 
1.6099999999998391, -0.5551089091888664 
1.619999999999838, -0.5552239011609756 
1.629999999999837, -0.5553599969524398 
1.6399999999998358, -0.5555219120869673 
1.6499999999998347, -0.5557211426541739 
1.6599999999998336, -0.5559712855407695 
1.6699999999998325, -0.5562804017651859 
1.6799999999998314, -0.5566424380231345 
1.6899999999998303, -0.557031929266765 
1.6999999999998292, -0.5574063063966561 
1.709999999999828, -0.5577166511848349 
1.719999999999827, -0.5579219254120984 
1.729999999999826, -0.5579986906838997 
1.7399999999998248, -0.5579419023960108 
1.7499999999998237, -0.5577589064068348 
1.7599999999998226, -0.5574618704569616 
1.7699999999998215, -0.557062439653753 
1.7799999999998204, -0.5565697637462036 
1.7899999999998193, -0.5559916717828585 
1.7999999999998182, -0.5553387386032878 
1.809999999999817, -0.5546313076114657 
1.819999999999816, -0.5539088810097087 
1.8299999999998149, -0.5532374247085795 
1.8399999999998138, -0.5526993870759564 
1.8499999999998127, -0.5523330489022322 
1.8599999999998116, -0.5519870460150205 
1.8699999999998105, -0.551155222273734 
1.8799999999998094, -0.5490872280038179 
1.8899999999998083, -0.5454133803383532 
1.8999999999998072, -0.5407102067813281 
1.909999999999806, -0.5361319553724745 
1.919999999999805, -0.5325392050329552 
1.9299999999998039, -0.5301501442268453 
1.9399999999998028, -0.5287620204103072 
1.9499999999998017, -0.5280558044459283 
1.9599999999998006, -0.5277563076236247 
1.9699999999997995, -0.5276719001141629 
1.9799999999997984, -0.5276829454548613 
1.9899999999997973, -0.5277190558376184 
1.9999999999997962, -0.527739618330621 
2.0099999999998173, -0.5277204190567755 
2.0199999999998384, -0.5276456430473281 
2.0299999999998595, -0.5275041190359298 
2.0399999999998806, -0.5272890293231497 
2.0499999999999017, -0.5270003031211229 
2.059999999999923, -0.5266480606368231 
2.069999999999944, -0.5262541991752122 
2.079999999999965, -0.525849162076384 
2.089999999999986, -0.5254635203678097 
2.100000000000007, -0.5251178601408141 
2.1100000000000283, -0.524816150964379 
2.1200000000000494, -0.5245458371296784 
2.1300000000000705, -0.5242841602454295 
2.1400000000000916, -0.5240071550810463 
2.1500000000001127, -0.5236969821049157 
2.160000000000134, -0.5233451551370212 
2.170000000000155, -0.5229522290727363 
2.180000000000176, -0.5225263273006433 
2.190000000000197, -0.5220828525574157 
2.2000000000002182, -0.5216469138965625 
2.2100000000002393, -0.5212595324113728 
2.2200000000002604, -0.5209888272948988 
2.2300000000002815, -0.5209477209338218 
2.2400000000003026, -0.5213192107179548 
2.2500000000003237, -0.5223865493114886 
2.260000000000345, -0.5245535697115791 
2.270000000000366, -0.5283125328295858 
2.280000000000387, -0.5340787281980638 
2.290000000000408, -0.5418312138464819 
2.3000000000004293, -0.5507316880534521 
2.3100000000004504, -0.5592554776218772 
2.3200000000004715, -0.5660732120939133 
2.3300000000004926, -0.5708215169185686 
2.3400000000005137, -0.5739278671410192 
2.3500000000005348, -0.5759826957509732 
2.360000000000556, -0.5774003514652118 
2.370000000000577, -0.5784068517622726 
2.380000000000598, -0.5791198582898529 
2.390000000000619, -0.5796065228505579 
2.4000000000006403, -0.5799096706732952 
2.4100000000006614, -0.5800570323535188 
2.4200000000006825, -0.5800639028768809 
2.4300000000007036, -0.5799337610444797 
2.4400000000007247, -0.5796587194225802 
2.450000000000746, -0.579221195822246 
2.460000000000767, -0.5785985923344392 
2.470000000000788, -0.57777266711972 
2.480000000000809, -0.5767429719075066 
2.49000000000083, -0.5755387620182962 
2.5000000000008513, -0.5742202240962999 
2.5100000000008724, -0.57286445118987 
2.5200000000008935, -0.5715431410810972 
2.5300000000009146, -0.5703053882333683 
2.5400000000009357, -0.5691733323603796 
2.550000000000957, -0.5681485949614606 
2.560000000000978, -0.5672228267249239 
2.570000000000999, -0.5663869959035135 
2.58000000000102, -0.5656373490898827 
2.5900000000010412, -0.5649784676238595 
2.6000000000010624, -0.5644247965173251 
2.6100000000010835, -0.5640018679968267 
2.6200000000011046, -0.5637479024465474 
2.6300000000011257, -0.5637160272419297 
2.6400000000011468, -0.5639771239545671 
2.650000000001168, -0.5646231669909142 
2.660000000001189, -0.565770576129182 
2.67000000000121, -0.5675621350668151 
2.680000000001231, -0.570163794536173 
2.6900000000012523, -0.5737486070251667 
2.7000000000012734, -0.5784550064796325 
2.7100000000012945, -0.5843068505160145 
2.7200000000013156, -0.5911040084361585 
2.7300000000013367, -0.5983482656387811 
2.740000000001358, -0.605317641317572 
2.750000000001379, -0.6113241111620866 
2.7600000000014, -0.6159863547814359 
2.770000000001421, -0.619298039638672 
2.780000000001442, -0.6214898378861252 
2.7900000000014633, -0.6228528725569638 
2.8000000000014844, -0.6236353252383721 
2.8100000000015055, -0.6240127409997659 
2.8200000000015266, -0.6240938155605157 
2.8300000000015477, -0.6239339348680547 
2.840000000001569, -0.6235447872303836 
2.85000000000159, -0.6228968259192347 
2.860000000001611, -0.6219144559851365 
2.870000000001632, -0.6204659439968853 
2.8800000000016532, -0.6183552574580365 
2.8900000000016743, -0.6153344484302815 
2.9000000000016954, -0.6111679071551157 
2.9100000000017165, -0.6057663333142448 
2.9200000000017377, -0.5993334676768203 
2.9300000000017588, -0.5923854294768348 
2.94000000000178, -0.585571005742455 
2.950000000001801, -0.5794230484182805 
2.960000000001822, -0.5742267870819505 
2.970000000001843, -0.5700407361152222 
2.9800000000018643, -0.5667856638758966 
2.9900000000018854, -0.5643255516191442 
3.0000000000019065, -0.5625162911103453 
3.0100000000019276, -0.5612276869654399 
3.0200000000019487, -0.5603503080922294 
3.03000000000197, -0.5597955942871149 
3.040000000001991, -0.5594936866412517 
3.050000000002012, -0.5593909081086331 
3.060000000002033, -0.5594475644960748 
3.070000000002054, -0.5596362374319281 
3.0800000000020753, -0.5599405617348674 
3.0900000000020964, -0.5603543168590316 
3.1000000000021175, -0.5608803259170325 
3.1100000000021386, -0.5615281267151068 
3.1200000000021597, -0.5623089476615656 
3.130000000002181, -0.5632268507352431 
3.140000000002202, -0.5642667857621706 
3.150000000002223, -0.5653839234088771 
3.160000000002244, -0.5665021564050317 
3.1700000000022652, -0.56752823720342 
3.1800000000022863, -0.5683780820476849 
3.1900000000023074, -0.56900024088815 
3.2000000000023285, -0.5693824551283965 
3.2100000000023496, -0.5695410716106023 
3.2200000000023707, -0.5695039312627882 
3.230000000002392, -0.5692962659435974 
3.240000000002413, -0.5689324175351551 
3.250000000002434, -0.5684116079941544 
3.260000000002455, -0.5677148269515706 
3.2700000000024763, -0.5668000985712351 
3.2800000000024974, -0.565593118647982 
3.2900000000025185, -0.5639686134073316 
3.3000000000025396, -0.5617152045977636 
3.3100000000025607, -0.5584789983831574 
3.3200000000025818, -0.5537107867593549 
3.330000000002603, -0.5467329770484319 
3.340000000002624, -0.5371268655716829 
3.350000000002645, -0.5253743332604783 
3.360000000002666, -0.5130329131047118 
3.3700000000026873, -0.5019239275813644 
3.3800000000027084, -0.493139037226962 
3.3900000000027295, -0.4868254555680041 
3.4000000000027506, -0.48257619168160043 
3.4100000000027717, -0.47984246180264306 
3.420000000002793, -0.4781434236653224 
3.430000000002814, -0.4771217845940755 
3.440000000002835, -0.4765325306069058 
3.450000000002856, -0.4762146955016709 
3.460000000002877, -0.47606516883091665 
3.4700000000028983, -0.47601915796484884 
3.4800000000029194, -0.4760370064428189 
3.4900000000029405, -0.47609598451152324 
3.5000000000029616, -0.47618574101570194 
3.5100000000029827, -0.4763062659354125 
3.520000000003004, -0.4764670675478504 
3.530000000003025, -0.4766858530559056 
3.540000000003046, -0.47698479806210103 
3.550000000003067, -0.4773831864041935 
3.5600000000030882, -0.4778870839369449 
3.5700000000031094, -0.4784793455843735 
3.5800000000031305, -0.47911552183237693 
3.5900000000031516, -0.4797308071683277 
3.6000000000031727, -0.48025753752226913 
3.6100000000031938, -0.48064441522221724 
3.620000000003215, -0.4808663793423772 
3.630000000003236, -0.48092151093847535 
3.640000000003257, -0.4808202452106586 
3.650000000003278, -0.480574034115519 
3.6600000000032993, -0.480186865328208 
3.6700000000033204, -0.47964910075153105 
3.6800000000033415, -0.4789311200372233 
3.6900000000033626, -0.47797332782115765 
3.7000000000033837, -0.4766678526670501 
3.710000000003405, -0.4748256566402179 
3.720000000003426, -0.4721248072294095 
3.730000000003447, -0.4680565615821955 
3.740000000003468, -0.46195354121786714 
3.750000000003489, -0.453273240240691 
3.7600000000035103, -0.4421780760846702 
3.7700000000035314, -0.4298943226334925 
3.7800000000035525, -0.4181840603152949 
3.7900000000035736, -0.4083518845736295 
3.8000000000035947, -0.4008148513856444 
3.810000000003616, -0.3953557806886108 
3.820000000003637, -0.3915247956217855 
3.830000000003658, -0.3888812140386432 
3.840000000003679, -0.38707728657277146 
3.8500000000037002, -0.38586364392889994 
3.8600000000037213, -0.3850700605683108 
3.8700000000037424, -0.38458414286017795 
3.8800000000037635, -0.38433460733638697 
3.8900000000037847, -0.38427987565353855 
3.9000000000038058, -0.38440110218778706 
3.910000000003827, -0.3846985957576803 
3.920000000003848, -0.38519073000411413 
3.930000000003869, -0.3859143791245814 
3.94000000000389, -0.3869253934104968 
3.9500000000039113, -0.3882964083417792 
3.9600000000039324, -0.3901072742767586 
3.9700000000039535, -0.39242143125528817 
3.9800000000039746, -0.39524344412978707 
3.9900000000039957, -0.39846665549921123 
4.000000000004016, -0.4018476018747621 
4.010000000003993, -0.40505585606735045 
4.02000000000397, -0.40779565993865924 
4.030000000003946, -0.40991305329365285 
4.040000000003923, -0.41140971497278916 
4.0500000000039, -0.41238081876847116 
4.0600000000038765, -0.4129444677505177 
4.070000000003853, -0.4132003755756207 
4.08000000000383, -0.4132160415019114 
4.090000000003807, -0.413026351498762 
4.100000000003783, -0.41263649308361605 
4.11000000000376, -0.4120242551094956 
4.120000000003737, -0.41114232399918993 
4.130000000003713, -0.40992494060784634 
4.14000000000369, -0.4083062803681409 
4.150000000003667, -0.40625580435952297 
4.1600000000036434, -0.40382124662659064 
4.17000000000362, -0.4011478281936597 
4.180000000003597, -0.39844403685489616 
4.1900000000035735, -0.39590833391505237 
4.20000000000355, -0.3936691437637071 
4.210000000003527, -0.39177132858377434 
4.220000000003504, -0.39019842878334454 
4.23000000000348, -0.38890382377210536 
4.240000000003457, -0.3878345883722823 
4.250000000003434, -0.3869449199977059 
4.26000000000341, -0.38620187691411434 
4.270000000003387, -0.3855870439643917 
4.280000000003364, -0.38509697409306554 
4.2900000000033405, -0.3847443474361468 
4.300000000003317, -0.38456120530451754 
4.310000000003294, -0.38460545882054437 
4.320000000003271, -0.3849720702232378 
4.330000000003247, -0.38581056433223015 
4.340000000003224, -0.38734997820162664 
4.350000000003201, -0.38992851909698273 
4.360000000003177, -0.39401197375719615 
4.370000000003154, -0.4001519612879906 
4.380000000003131, -0.40878389036966495 
4.390000000003107, -0.419776618585525 
4.400000000003084, -0.431942354348507 
4.410000000003061, -0.44322913200571856 
4.4200000000030375, -0.45192657731366087 
4.430000000003014, -0.45766876748272106 
4.440000000002991, -0.46113331203278446 
4.450000000002968, -0.4631866477794859 
4.460000000002944, -0.4644425001791256 
4.470000000002921, -0.46524379539339844 
4.480000000002898, -0.46576593390124177 
4.490000000002874, -0.4660986218334888 
4.500000000002851, -0.4662894811639357 
4.510000000002828, -0.46636407249837025 
4.520000000002804, -0.4663347520040843 
4.530000000002781, -0.46620504871568513 
4.540000000002758, -0.4659729470917033 
4.5500000000027345, -0.4656349891443076 
4.560000000002711, -0.46519207484546204 
4.570000000002688, -0.46465615085253675 
4.580000000002665, -0.46405465852316236 
4.590000000002641, -0.46342864808697826 
4.600000000002618, -0.4628232747531641 
4.610000000002595, -0.4622747085561115 
4.620000000002571, -0.46180021412415506 
4.630000000002548, -0.4613957850613156 
4.640000000002525, -0.46104120496463336 
4.6500000000025015, -0.46070922894756583 
4.660000000002478, -0.46037459761315896 
4.670000000002455, -0.4600196585024334 
4.6800000000024315, -0.4596358553120556 
4.690000000002408, -0.4592226223331199 
4.700000000002385, -0.45878596940377625 
4.710000000002362, -0.4583385259028764 
4.720000000002338, -0.45790210177820156 
4.730000000002315, -0.45751353399483613 
4.740000000002292, -0.4572345488034034 
4.750000000002268, -0.4571656589233811 
4.760000000002245, -0.45746046748378993 
4.770000000002222, -0.45832527693514297 
4.7800000000021985, -0.45996326106082847 
4.790000000002175, -0.46239335053543684 
4.800000000002152, -0.4651290697089439 
4.810000000002129, -0.4670079920844718 
4.820000000002105, -0.4667711955199677 
4.830000000002082, -0.46421831412658887 
4.840000000002059, -0.46045291709924097 
4.850000000002035, -0.45682617178109763 
4.860000000002012, -0.4540562776587639 
4.870000000001989, -0.45222693922153673 
4.880000000001965, -0.4511346095017523 
4.890000000001942, -0.45053468061375385 
4.900000000001919, -0.4502335412996561 
4.9100000000018955, -0.45010024452032366 
4.920000000001872, -0.45005272754574505 
4.930000000001849, -0.4500415191515225 
4.940000000001826, -0.45003736692790525 
4.950000000001802, -0.450023395231105 
4.960000000001779, -0.44999101484691534 
4.970000000001756, -0.44993870726812657 
4.980000000001732, -0.4498727091927927 
4.990000000001709, -0.449808115853133 
5.000000000001686, -0.4497683035090958 
5.0100000000016625, -0.4497807473123935 
5.020000000001639, -0.4498689381748302 
5.030000000001616, -0.45004255191483544 
5.0400000000015925, -0.4502898585801328 
5.050000000001569, -0.45057663237152673 
5.060000000001546, -0.45085381244517303 
5.070000000001523, -0.45107148259687424 
5.080000000001499, -0.4511920719515336 
5.090000000001476, -0.45119603429019717 
5.100000000001453, -0.45107891880998013 
5.110000000001429, -0.4508438139334975 
5.120000000001406, -0.45049356661610673 
5.130000000001383, -0.4500245976804492 
5.1400000000013595, -0.4494216210722902 
5.150000000001336, -0.44865104363727976 
5.160000000001313, -0.44764943624948084 
5.17000000000129, -0.44630113297679036 
5.180000000001266, -0.4443959912716977 
5.190000000001243, -0.44156107442146036 
5.20000000000122, -0.43719290954693746 
5.210000000001196, -0.43051927713458193 
5.220000000001173, -0.4210203513736116 
5.23000000000115, -0.409146515526763 
5.240000000001126, -0.3965178271984435 
5.250000000001103, -0.3850258652058307 
5.26000000000108, -0.3757790527994398 
5.2700000000010565, -0.3689242595313597 
5.280000000001033, -0.36407667151926226 
5.29000000000101, -0.36072906693603957 
5.300000000000987, -0.35844353464830375 
5.310000000000963, -0.35689631588874166 
5.32000000000094, -0.355864762156431 
5.330000000000917, -0.3552018680399439 
5.340000000000893, -0.3548140583478248 
5.35000000000087, -0.35464543478169874 
5.360000000000847, -0.3546678505990307 
5.3700000000008234, -0.3548755127934736 
5.3800000000008, -0.35528300077830005 
5.390000000000777, -0.35592577969164285 
5.4000000000007535, -0.35686208854777396 
5.41000000000073, -0.3581741541586384 
5.420000000000707, -0.3599645756075205 
5.430000000000684, -0.3623402395631569 
5.44000000000066, -0.36537319788720035 
5.450000000000637, -0.3690338580275538 
5.460000000000614, -0.3731207024822933 
5.47000000000059, -0.37725498564116966 
5.480000000000567, -0.38099880916344336 
5.490000000000544, -0.3840375357541955 
5.5000000000005205, -0.38627731975990903 
5.510000000000497, -0.38780087091794024 
5.520000000000474, -0.3887628142124594 
5.5300000000004506, -0.38931189121772525 
5.540000000000427, -0.38955944572966644 
5.550000000000404, -0.38957596462748556 
5.560000000000381, -0.3893971245070832 
5.570000000000357, -0.3890304827303018 
5.580000000000334, -0.3884609943143403 
5.590000000000311, -0.38765737742416323 
5.600000000000287, -0.3865834474906146 
5.610000000000264, -0.3852180509746862 
5.620000000000241, -0.3835809574859896 
5.6300000000002175, -0.38175037896861236 
5.640000000000194, -0.37985324987457814 
5.650000000000171, -0.3780267080198564 
5.660000000000148, -0.3763750939281886 
5.670000000000124, -0.3749489055651693 
5.680000000000101, -0.3737499658280165 
5.690000000000078, -0.372749798790606 
5.700000000000054, -0.3719082154443396 
5.710000000000031, -0.3711863524070626 
5.720000000000008, -0.37055369056015375 
5.729999999999984, -0.3699907305117231 
5.739999999999961, -0.36948951134241337 
5.749999999999938, -0.3690539637517736 
5.7599999999999145, -0.3687016588466917 
5.769999999999891, -0.3684682173110529 
5.779999999999868, -0.3684156518226419 
5.789999999999845, -0.3686460292610886 
5.799999999999821, -0.3693211412080974 
5.809999999999798, -0.37068462303286404 
5.819999999999775, -0.3730682985639395 
5.829999999999751, -0.3768280361455548 
5.839999999999728, -0.3821022343681063 
5.849999999999705, -0.3883347522496796 
5.8599999999996815, -0.39393320985111446 
5.869999999999658, -0.3969736008728134 
5.879999999999635, -0.3968295079028476 
5.8899999999996115, -0.394629530654541 
5.899999999999588, -0.39195079965037244 
5.909999999999565, -0.38971615265155035 
5.919999999999542, -0.38815659990052087 
5.929999999999518, -0.38717373575399827 
5.939999999999495, -0.3865954454016829 
5.949999999999472, -0.38627482678980124 
5.959999999999448, -0.38610916136072204 
5.969999999999425, -0.38603279947737756 
5.979999999999402, -0.38600599311623845 
5.9899999999993785, -0.38600610512299705 
5.999999999999355, -0.3860221682328727 
6.009999999999332, -0.3860523265269475 
6.019999999999309, -0.3861033734059264 
6.029999999999285, -0.3861913080143371 
6.039999999999262, -0.3863413459613791 
6.049999999999239, -0.3865854891526563 
6.059999999999215, -0.38695614426416386 
6.069999999999192, -0.3874755843600196 
6.079999999999169, -0.3881431215851961 
6.089999999999145, -0.3889247135190743 
6.099999999999122, -0.38975235106583084 
6.109999999999099, -0.39053868698807015 
6.1199999999990755, -0.3912025881475273 
6.129999999999052, -0.3916910077767802 
6.139999999999029, -0.39198480667774593 
6.149999999999006, -0.3920892485276589 
6.159999999998982, -0.39201872387382025 
6.169999999998959, -0.39178346014137105 
6.179999999998936, -0.3913799783746059 
6.189999999998912, -0.39078312775985685 
6.199999999998889, -0.389936465699786 
6.209999999998866, -0.3887384574790697 
6.2199999999988425, -0.3870251302290685 
6.229999999998819, -0.38455942841592133 
6.239999999998796, -0.3810580374643843 
6.2499999999987725, -0.3763043934747844 
6.259999999998749, -0.3703510641485324 
6.269999999998726, -0.363662709416486 
6.279999999998703, -0.3569840005159438 
6.289999999998679, -0.35098623303845916 
6.299999999998656, -0.3460169785587253 
6.309999999998633, -0.3421083622530209 
6.319999999998609, -0.3391184286347262 
6.329999999998586, -0.3368566419004257 
6.339999999998563, -0.33514937219935825 
6.3499999999985395, -0.3338615175955434 
6.359999999998516, -0.33289748306711653 
6.369999999998493, -0.3321956337236073 
6.37999999999847, -0.3317225668535355 
6.389999999998446, -0.33146958251695 
6.399999999998423, -0.3314522126761196 
6.4099999999984, -0.3317133431245597 
6.419999999998376, -0.33233064025935477 
6.429999999998353, -0.33342921829977157 
6.43999999999833, -0.3352000384180741 
6.449999999998306, -0.33792161407799026 
6.459999999998283, -0.34197288876633825 
6.46999999999826, -0.3478013874771707 
6.4799999999982365, -0.3557733335390873 
6.489999999998213, -0.36583532900324217 
6.49999999999819, -0.3771146104755707 
6.509999999998167, -0.3879694421625469 
6.519999999998143, -0.39683433206777163 
6.52999999999812, -0.40310872680726983 
6.539999999998097, -0.40713883429461406 
6.549999999998073, -0.40960958942598974 
6.55999999999805, -0.41110811272063597 
6.569999999998027, -0.4120180658862343 
6.5799999999980034, -0.41256324554578033 
6.58999999999798, -0.4128689279860214 
6.599999999997957, -0.4130040301649223 
6.6099999999979335, -0.4130050236671384 
6.61999999999791, -0.41288894512114505 
6.629999999997887, -0.41266122717967235 
6.639999999997864, -0.41232202726249056 
6.64999999999784, -0.41187315349394044 
6.659999999997817, -0.4113257831689044 
6.669999999997794, -0.41070655656558613 
6.67999999999777, -0.4100578073645095 
6.689999999997747, -0.4094294549465885 
6.699999999997724, -0.4088654186964158 
6.7099999999977005, -0.40839141195422873 
6.719999999997677, -0.4080096532366199 
6.729999999997654, -0.4077015992583763 
6.7399999999976306, -0.4074363542621984 
6.749999999997607, -0.4071808747348947 
6.759999999997584, -0.4069080161680946 
6.769999999997561, -0.4066000789520346 
6.779999999997537, -0.4062481439714219 
6.789999999997514, -0.4058492692121895 
6.799999999997491, -0.4054036223510139 
6.809999999997467, -0.404912593958198 
6.819999999997444, -0.404377859231177 
6.829999999997421, -0.40380034783791957 
6.8399999999973975, -0.4031762614292863 
6.849999999997374, -0.4024827531027869 
6.859999999997351, -0.4016360783136096 
6.869999999997328, -0.4003921606511932 
6.879999999997304, -0.39817521130537886 
6.889999999997281, -0.39396363209735885 
6.899999999997258, -0.3866587825274058 
6.909999999997234, -0.3761780616959156 
6.919999999997211, -0.36415958687468547 
6.929999999997188, -0.35293577396837755 
6.939999999997164, -0.3439610794067306 
6.949999999997141, -0.3374654902901662 
6.959999999997118, -0.333017550511303 
6.9699999999970945, -0.33005282063555774 
6.979999999997071, -0.3281011719558834 
6.989999999997048, -0.32682839799733554 
6.999999999997025, -0.32601329483293184 
7.009999999997001, -0.3255151215978206 
7.019999999996978, -0.3252476536725367 
7.029999999996955, -0.32516181911839553 
7.039999999996931, -0.32523528246240535 
7.049999999996908, -0.32546708582850326 
7.059999999996885, -0.3258758998934364 
7.0699999999968615, -0.3265007082796373 
7.079999999996838, -0.3274025116934273 
7.089999999996815, -0.3286646004780383 
7.0999999999967915, -0.3303867363014986 
7.109999999996768, -0.3326652928945005 
7.119999999996745, -0.3355499695866866 
7.129999999996722, -0.3389778484084252 
7.139999999996698, -0.3427185222150505 
7.149999999996675, -0.3463985052123993 
7.159999999996652, -0.349635464347353 
7.169999999996628, -0.35219434589325244 
7.179999999996605, -0.35403871565835465 
7.189999999996582, -0.355266924276943 
7.1999999999965585, -0.35601985443164863 
7.209999999996535, -0.35642262983125317 
7.219999999996512, -0.3565645524659108 
7.229999999996489, -0.3564991094756861 
7.239999999996465, -0.3562498973795619 
7.249999999996442, -0.3558167421478369 
7.259999999996419, -0.3551817893983813 
7.269999999996395, -0.35431824110589133 
7.279999999996372, -0.35320514525899893 
7.289999999996349, -0.3518484195122979 
7.299999999996325, -0.35029980177246584 
7.309999999996302, -0.34865803462283684 
7.319999999996279, -0.34704384170097397 
7.3299999999962555, -0.3455617508005347 
7.339999999996232, -0.3442731684745057 
7.349999999996209, -0.3431924741163536 
7.359999999996186, -0.34229957082150647 
7.369999999996162, -0.3415569005850109 
7.379999999996139, -0.34092351060166937 
7.389999999996116, -0.34036390949279 
7.399999999996092, -0.3398521015179222 
7.409999999996069, -0.3393723006576297 
7.419999999996046, -0.338918180897282 
7.4299999999960225, -0.33849229562530864 
7.439999999995999, -0.33810678139813344 
7.449999999995976, -0.3377859546684684 
7.4599999999959525, -0.3375708164209594 
7.469999999995929, -0.33752389578522723 
7.479999999995906, -0.3377278008379946 
7.489999999995883, -0.3382570185506327 
7.499999999995859, -0.339074578415213 
7.509999999995836, -0.33978585845378395 
7.519999999995813, -0.33930689957395044 
7.529999999995789, -0.335973690096239 
7.539999999995766, -0.32881004060341656 
7.549999999995743, -0.31895917921061556 
7.5599999999957195, -0.3089567411855657 
7.569999999995696, -0.3006859591826417 
7.579999999995673, -0.29464899942807654 
7.58999999999565, -0.2905259628972042 
7.599999999995626, -0.28779512331178897 
7.609999999995603, -0.28600910227959636 
7.61999999999558, -0.28485078395977287 
7.629999999995556, -0.2841130701445719 
7.639999999995533, -0.2836668131304223 
7.64999999999551, -0.28343537474533786 
7.659999999995486, -0.28337802764900444 
7.669999999995463, -0.28348048749809474 
7.67999999999544, -0.2837506661536172 
7.6899999999954165, -0.2842182506857232 
7.699999999995393, -0.2849370043085104 
7.70999999999537, -0.2859883462562077 
7.719999999995347, -0.2874832843346556 
7.729999999995323, -0.2895563077285329 
7.7399999999953, -0.2923391289283029 
7.749999999995277, -0.2958988360514202 
7.759999999995253, -0.3001412026784228 
7.76999999999523, -0.3047352795803107 
7.779999999995207, -0.3091678395216135 
7.789999999995183, -0.31295609481319775 
7.79999999999516, -0.3158549168430642 
7.809999999995137, -0.317883619530814 
7.8199999999951135, -0.31920765586385813 
7.82999999999509, -0.320016217478515 
7.839999999995067, -0.3204616992801583 
7.849999999995044, -0.32064756959219787 
7.85999999999502, -0.32063588322396985 
7.869999999994997, -0.3204581872198301 
7.879999999994974, -0.3201249319851023 
7.88999999999495, -0.319633867405355 
7.899999999994927, -0.3189795788628188 
7.909999999994904, -0.31816555108605993 
7.9199999999948805, -0.3172167661573518 
7.929999999994857, -0.31618621255826185 
7.939999999994834, -0.3151481311872195 
7.9499999999948106, -0.31417864564780695 
7.959999999994787, -0.3133344480491127 
7.969999999994764, -0.31264090931487665 
7.979999999994741, -0.3120924949076379 
7.989999999994717, -0.3116612462932302 
7.999999999994694, -0.3113080889135013 
8.00999999999467, -0.310993314562996 
8.019999999994647, -0.31068379700332976 
8.029999999994624, -0.31035576020899347 
8.0399999999946, -0.30999362700282196 
8.049999999994577, -0.3095865959731263 
8.059999999994554, -0.3091243723674034 
8.06999999999453, -0.30859229082184103 
8.079999999994508, -0.3079644555612804 
8.089999999994484, -0.307191291553337 
8.099999999994461, -0.30617419707263815 
8.109999999994438, -0.3047149163664441 
8.119999999994414, -0.3024286331354881 
8.129999999994391, -0.298651000458568 
8.139999999994368, -0.29250803193428754 
8.149999999994344, -0.2834494914617113 
8.159999999994321, -0.2721013937051854 
8.169999999994298, -0.2603212010090772 
8.179999999994275, -0.24998417633252257 
8.189999999994251, -0.24194645865866304 
8.199999999994228, -0.23612323712766226 
8.209999999994205, -0.2320376811272195 
8.219999999994181, -0.22919460062128133 
8.229999999994158, -0.22720965362782097 
8.239999999994135, -0.22581775867526047 
8.249999999994111, -0.22484718418875554 
8.259999999994088, -0.22419291987675988 
8.269999999994065, -0.2237977693854801 
8.279999999994041, -0.2236415622075901 
8.289999999994018, -0.22373744713459692 
8.299999999993995, -0.22413481660003437 
8.309999999993972, -0.22492949357358244 
8.319999999993948, -0.22628275359425945 
8.329999999993925, -0.22845035092291632 
8.339999999993902, -0.23181703347870336 
8.349999999993878, -0.23691041026665666 
8.359999999993855, -0.24431261568632184 
8.369999999993832, -0.254313931217956 
8.379999999993808, -0.26625723628185505 
8.389999999993785, -0.27816254756647335 
8.399999999993762, -0.2876858454040026 
8.409999999993738, -0.29380977248430196 
8.419999999993715, -0.2971238663370129 
8.429999999993692, -0.2987465048866384 
8.439999999993669, -0.2995236768631544 
8.449999999993645, -0.29991254808745077 
8.459999999993622, -0.30012230545259777 
8.469999999993599, -0.3002416452057217 
8.479999999993575, -0.30030766120211033 
8.489999999993552, -0.30033673871326944 
8.499999999993529, -0.3003375671152408 
8.509999999993505, -0.300317008842387 
8.519999999993482, -0.3002836299673485 
8.529999999993459, -0.3002507665905527 
8.539999999993436, -0.30023939551185963 
8.549999999993412, -0.30027994607254116 
8.559999999993389, -0.3004115292336684 
8.569999999993366, -0.300677208400596 
8.579999999993342, -0.30111480429882287 
8.589999999993319, -0.30174386123785385 
8.599999999993296, -0.3025513013504092 
8.609999999993272, -0.3034820955561451 
8.619999999993249, -0.30444444374374463 
8.629999999993226, -0.3053337014083058 
8.639999999993202, -0.3060642878756256 
8.64999999999318, -0.3065897730103907 
8.659999999993156, -0.3069014330448712 
8.669999999993133, -0.30701249441432144 
8.67999999999311, -0.30694054198628834 
8.689999999993086, -0.3066946458621453 
8.699999999993063, -0.3062671554704507 
8.70999999999304, -0.3056277213158196 
8.719999999993016, -0.30471819423383273 
8.729999999992993, -0.30345056979667 
8.73999999999297, -0.30171607358882 
8.749999999992946, -0.29941904156846333 
8.759999999992923, -0.2965420580867515 
8.7699999999929, -0.2932133786245805 
8.779999999992876, -0.2897085179599138 
8.789999999992853, -0.2863522359017924 
8.79999999999283, -0.28339024213225833 
8.809999999992806, -0.2809288085491149 
8.819999999992783, -0.2789573957958957 
8.82999999999276, -0.27740355069113665 
8.839999999992736, -0.27617798289331474 
8.849999999992713, -0.2751992142578088 
8.85999999999269, -0.27440314919913594 
8.869999999992666, -0.2737447611485034 
8.879999999992643, -0.27319674255685744 
8.88999999999262, -0.2727478910833629 
8.899999999992596, -0.27240283782498337 
8.909999999992573, -0.2721841933003359 
8.91999999999255, -0.2721380245954451 
8.929999999992527, -0.27234336806761855 
8.939999999992503, -0.2729250397371765 
8.94999999999248, -0.2740628578102106 
8.959999999992457, -0.27597095021191864 
8.969999999992433, -0.27877552635552616 
8.97999999999241, -0.28217107808645164 
8.989999999992387, -0.2848877703497631 
8.999999999992363, -0.28471360091467834 
9.00999999999234, -0.2801581817318288 
9.019999999992317, -0.2723306601259665 
9.029999999992294, -0.26395694581393964 
9.03999999999227, -0.2569860441585678 
9.049999999992247, -0.25192088084049175 
9.059999999992224, -0.24847870836380276 
9.0699999999922, -0.24620503644448882 
9.079999999992177, -0.24471944716124572 
9.089999999992154, -0.2437577080304314 
9.09999999999213, -0.2431506434385926 
9.109999999992107, -0.24279566606799471 
9.119999999992084, -0.24263539959884314 
9.12999999999206, -0.24264452518411112 
9.139999999992037, -0.2428231774469408 
9.149999999992014, -0.24319531616355908 
9.15999999999199, -0.2438110270224557 
9.169999999991967, -0.24475185542970687 
9.179999999991944, -0.24613745564967945 
9.18999999999192, -0.24812890059826284 
9.199999999991897, -0.2509170652940601 
9.209999999991874, -0.2546735795124803 
9.21999999999185, -0.2594396444847124 
9.229999999991827, -0.26497333024571895 
9.239999999991804, -0.27068861157940927 
9.24999999999178, -0.2758523090996646 
9.259999999991757, -0.2799486497885094 
9.269999999991734, -0.28286778268248497 
9.27999999999171, -0.2847939758161805 
9.289999999991688, -0.28599834546741126 
9.299999999991664, -0.28671372072461654 
9.309999999991641, -0.28710213767519377 
9.319999999991618, -0.2872647347870215 
9.329999999991594, -0.2872600733792463 
9.339999999991571, -0.28711935190578386 
9.349999999991548, -0.28685755237848287 
9.359999999991524, -0.2864825130024363 
9.369999999991501, -0.2860037304196475 
9.379999999991478, -0.2854409063702001 
9.389999999991455, -0.2848296439593697 
9.399999999991431, -0.2842203486521039 
9.409999999991408, -0.2836688601163383 
9.419999999991385, -0.2832225787028466 
9.429999999991361, -0.282908589931566 
9.439999999991338, -0.28272797112930376 
9.449999999991315, -0.2826568126518595 
9.459999999991291, -0.28265302148882354 
9.469999999991268, -0.28266726908456985 
9.479999999991245, -0.2826545450777508 
9.489999999991221, -0.28258164645758094 
9.499999999991198, -0.2824280636158337 
9.509999999991175, -0.28218142036734106 
9.519999999991152, -0.2818303277417017 
9.529999999991128, -0.28135644713981145 
9.539999999991105, -0.280725418803765 
9.549999999991082, -0.2798745320289413 
9.559999999991058, -0.2786942639328461 
9.569999999991035, -0.27700294788643526 
9.579999999991012, -0.27452495371389457 
9.589999999990988, -0.2709122403379653 
9.599999999990965, -0.26588348578245496 
9.609999999990942, -0.25949925958281284 
9.619999999990918, -0.252356501648129 
9.629999999990895, -0.2453793376510307 
9.639999999990872, -0.23932529265552174 
9.649999999990849, -0.23450246191103133 
9.659999999990825, -0.23085002010363315 
9.669999999990802, -0.22814543658804257 
9.679999999990779, -0.22614953619551584 
9.689999999990755, -0.22466577158690715 
9.699999999990732, -0.22355108287403863 
9.709999999990709, -0.22270918152115549 
9.719999999990685, -0.22208088626616682 
9.729999999990662, -0.22163674580533305 
9.739999999990639, -0.22137351205126646 
9.749999999990616, -0.22131512316930274 
9.759999999990592, -0.2215190979904739 
9.769999999990569, -0.22208987839234892 
9.779999999990546, -0.22320079757952005 
9.789999999990522, -0.2251232736826389 
9.799999999990499, -0.22824703893554302 
9.809999999990476, -0.23302870895155853 
9.819999999990452, -0.23971181827974158 
9.829999999990429, -0.2476466042200302 
9.839999999990406, -0.25462805793930043 
9.849999999990382, -0.25782213812511834 
9.85999999999036, -0.25642165522059435 
9.869999999990336, -0.2523319720047721 
9.879999999990313, -0.24789669908427384 
9.88999999999029, -0.24429966328185398 
9.899999999990266, -0.24173718805806965 
9.909999999990243, -0.2400169490225577 
9.91999999999022, -0.2388935622375506 
9.929999999990196, -0.23817386272805313 
9.939999999990173, -0.23772777709341666 
9.94999999999015, -0.23747489205583872 
9.959999999990126, -0.23737020150620114 
9.969999999990103, -0.23739439109028648 
9.97999999999008, -0.2375487965153388 
9.989999999990056, -0.23785417866015646 
9.999999999990033, -0.23835246074157374 
10.00999999999001, -0.23911047374805317 
10.019999999989986, -0.24022399218451515 
10.029999999989963, -0.24181814042086508 
10.03999999998994, -0.24403553220464938 
10.049999999989916, -0.24699697350171776 
10.059999999989893, -0.25072077713215524 
10.06999999998987, -0.2550199264317391 
10.079999999989846, -0.25946708612076597 
10.089999999989823, -0.2635298331083575 
10.0999999999898, -0.266815980840989 
10.109999999989776, -0.26921218067117736 
10.119999999989753, -0.2708248617961662 
10.12999999998973, -0.2718420045849099 
10.139999999989707, -0.2724376058201366 
10.149999999989683, -0.27273880765887265 
10.15999999998966, -0.2728271140122248 
10.169999999989637, -0.2727495095877669 
10.179999999989613, -0.2725295491053714 
10.18999999998959, -0.2721767729352385 
10.199999999989567, -0.27169571660751207 
10.209999999989543, -0.27109569614021567 
10.21999999998952, -0.2704003973681868 
10.229999999989497, -0.2696532342362737 
10.239999999989474, -0.26891367748714695 
10.24999999998945, -0.2682441912661948 
10.259999999989427, -0.26769404814552844 
10.269999999989404, -0.2672879311088635 
10.27999999998938, -0.2670226716057243 
10.289999999989357, -0.2668709079288675 
10.299999999989334, -0.2667894649108679 
10.30999999998931, -0.2667303077890252 
10.319999999989287, -0.26665080255941076 
10.329999999989264, -0.2665195789602998 
10.33999999998924, -0.26631642564989033 
10.349999999989217, -0.26602759897043493 
10.359999999989194, -0.2656389400125274 
10.36999999998917, -0.26512798980026053 
10.379999999989147, -0.2644543219422812 
10.389999999989124, -0.2635456817895484 
10.3999999999891, -0.26227702737465286 
10.409999999989077, -0.26044295712251364 
10.419999999989054, -0.25773916077410197 
10.42999999998903, -0.25380435916053523 
10.439999999989007, -0.24840218830242278 
10.449999999988984, -0.2417201539830231 
10.45999999998896, -0.2344932890945773 
10.469999999988937, -0.22767366973005493 
10.479999999988914, -0.22192565516534377 
10.48999999998889, -0.21744075339155336 
10.499999999988868, -0.21408745699722428 
10.509999999988844, -0.2116205266925252 
10.519999999988821, -0.20980374227717266 
10.529999999988798, -0.2084519857825516 
10.539999999988774, -0.20743413977538702 
10.549999999988751, -0.2066638854747735 
10.559999999988728, -0.20608986384305444 
10.569999999988704, -0.20568891595220928 
10.579999999988681, -0.20546342770609188 
10.589999999988658, -0.20544332796772516 
10.599999999988635, -0.2056936503720351 
10.609999999988611, -0.2063289899378765 
10.619999999988588, -0.20753522098323285 
10.629999999988565, -0.20959190541434242 
10.639999999988541, -0.21286304089445157 
10.649999999988518, -0.21765615477727612 
10.659999999988495, -0.2237613348592334 
10.669999999988471, -0.22967688950326734 
10.679999999988448, -0.2325783731876477 
10.689999999988425, -0.2305241636699636 
10.699999999988401, -0.22470853096574808 
10.709999999988378, -0.21802061928847377 
10.719999999988355, -0.21239221968209449 
10.729999999988332, -0.2083044838009082 
10.739999999988308, -0.20552715612538436 
10.749999999988285, -0.20368932063726883 
10.759999999988262, -0.20248589451106827 
10.769999999988238, -0.20170837971316624 
10.779999999988215, -0.20122600677694052 
10.789999999988192, -0.20096270925521048 
10.799999999988168, -0.20088074074850765 
10.809999999988145, -0.20097153113024588 
10.819999999988122, -0.2012525024634642 
10.829999999988098, -0.2017688457333536 
10.839999999988075, -0.20259974300852296 
10.849999999988052, -0.20386837967426094 
10.859999999988029, -0.20575313077531784 
10.869999999988005, -0.20849084707430862 
10.879999999987982, -0.21234833687891647 
10.889999999987959, -0.21751847738723548 
10.899999999987935, -0.22391216210531456 
10.909999999987912, -0.23095002955576888 
10.919999999987889, -0.23764951883473148 
10.929999999987865, -0.243126006820507 
10.939999999987842, -0.24704891728866332 
10.949999999987819, -0.24960616967882854 
10.959999999987796, -0.25118146243503214 
10.969999999987772, -0.2521193447600497 
10.979999999987749, -0.2526572424404302 
10.989999999987726, -0.25294038660341667 
10.999999999987702, -0.2530528860315171 
11.009999999987679, -0.25304226835640187 
11.019999999987656, -0.2529355072780729 
11.029999999987632, -0.2527496225044674 
11.039999999987609, -0.25249970411035927 
11.049999999987586, -0.25220565331390943 
11.059999999987562, -0.25189707264696226 
11.06999999998754, -0.2516143992929487 
11.079999999987516, -0.2514047494326452 
11.089999999987493, -0.251313139678751 
11.09999999998747, -0.25137176610872103 
11.109999999987446, -0.25159012069619335 
11.119999999987423, -0.25194827448187007 
11.1299999999874, -0.252396626407768 
11.139999999987376, -0.2528655970637571 
11.149999999987353, -0.25328389585631067 
11.15999999998733, -0.25359654677543203 
11.169999999987306, -0.2537729101680846 
11.179999999987283, -0.2538026391784968 
11.18999999998726, -0.25368497423129355 
11.199999999987236, -0.25341744717720627 
11.209999999987213, -0.2529864848154101 
11.21999999998719, -0.2523594213442383 
11.229999999987166, -0.25147700079506985 
11.239999999987143, -0.2502478817470516 
11.24999999998712, -0.24855254449387948 
11.259999999987096, -0.24627196383818473 
11.269999999987073, -0.24335481818411311 
11.27999999998705, -0.23990298432641244 
11.289999999987026, -0.23619874959047685 
11.299999999987003, -0.2326103929783742 
11.30999999998698, -0.22943598924110806 
11.319999999986956, -0.22681411882367053 
11.329999999986933, -0.224740827136401 
11.33999999998691, -0.223134577438181 
11.349999999986887, -0.22189182881874775 
11.359999999986863, -0.22091711504743688 
11.36999999998684, -0.22013422322250328 
11.379999999986817, -0.21948774477435884 
11.389999999986793, -0.21894084983648682 
11.39999999998677, -0.2184722641463071 
11.409999999986747, -0.2180739054265962 
11.419999999986723, -0.2177498202443715 
11.4299999999867, -0.2175163883752918 
11.439999999986677, -0.21740255495126362 
11.449999999986654, -0.2174455315766152 
11.45999999998663, -0.21766822325997354 
11.469999999986607, -0.21800336608882845 
11.479999999986584, -0.2181001292780861 
11.48999999998656, -0.2169927809531808 
11.499999999986537, -0.21297803945834132 
11.509999999986514, -0.204621558790011 
11.51999999998649, -0.1927056080876634 
11.529999999986467, -0.18020230715226854 
11.539999999986444, -0.16971036517150379 
11.54999999998642, -0.16202531479753718 
11.559999999986397, -0.1567575003622266 
11.569999999986374, -0.1532257903707015 
11.57999999998635, -0.1508564903972383 
11.589999999986327, -0.14925434159357537 
11.599999999986304, -0.1481687841056029 
11.60999999998628, -0.14744905175480652 
11.619999999986257, -0.1470114369164256 
11.629999999986234, -0.1468200673595575 
11.63999999998621, -0.1468785630803549 
11.649999999986187, -0.1472308594327585 
11.659999999986164, -0.14797137819343675 
11.66999999998614, -0.14926656014666334 
11.679999999986117, -0.15139026109134252 
11.689999999986094, -0.154769684878227 
11.69999999998607, -0.16001053376481567 
11.709999999986048, -0.16778732419135134 
11.719999999986024, -0.17835641923107076 
11.729999999986001, -0.19061104332988305 
11.739999999985978, -0.20171592176013386 
11.749999999985954, -0.2089468969967668 
11.759999999985931, -0.21200578095275152 
11.769999999985908, -0.21248545412250236 
11.779999999985884, -0.21196298314720918 
11.789999999985861, -0.21126615940509916 
11.799999999985838, -0.21068067922039177 
11.809999999985815, -0.21025634417110456 
11.819999999985791, -0.20997105221105578 
11.829999999985768, -0.2097928623783305 
11.839999999985745, -0.20969812085748973 
11.849999999985721, -0.20967495625978247 
11.859999999985698, -0.209723372876724 
11.869999999985675, -0.20985564249674438 
11.879999999985651, -0.210097982788407 
11.889999999985628, -0.21049347091593829 
11.899999999985605, -0.2111054639113815 
11.909999999985581, -0.2120198325626801 
11.919999999985558, -0.21334234906920918 
11.929999999985535, -0.21518388693470564 
11.939999999985512, -0.21762237866428863 
11.949999999985488, -0.22063637909496658 
11.959999999985465, -0.22403698541501466 
11.969999999985442, -0.22747084016372915 
11.979999999985418, -0.23054554689271547 
11.989999999985395, -0.23300037186523959 
11.999999999985372, -0.2347772202351741 
12.009999999985348, -0.2359631450007918 
12.019999999985325, -0.23669459714112287 
12.029999999985302, -0.23709532537290964 
12.039999999985278, -0.23725521546905534 
12.049999999985255, -0.23723105596374006 
12.059999999985232, -0.2370541922416472 
12.069999999985209, -0.2367390341931584 
12.079999999985185, -0.2362916498915486 
12.089999999985162, -0.23571927510661456 
12.099999999985139, -0.23504048663954316 
12.109999999985115, -0.2342929149237592 
12.119999999985092, -0.23353330881439352 
12.129999999985069, -0.23282733284701035 
12.139999999985045, -0.23223328902642967 
12.149999999985022, -0.23178809807703432 
12.159999999984999, -0.23150081021143504 
12.169999999984976, -0.23135338712893164 
12.179999999984952, -0.2313066104545621 
12.189999999984929, -0.23130976283405266 
12.199999999984906, -0.2313121179719435 
12.209999999984882, -0.2312723417553924 
12.219999999984859, -0.23116215249113675 
12.229999999984836, -0.23096373628406103 
12.239999999984812, -0.23066321752698343 
12.249999999984789, -0.23024258991111438 
12.259999999984766, -0.22967076858539798 
12.269999999984742, -0.22889271315736764 
12.27999999998472, -0.2278152128868362 
12.289999999984696, -0.22629072441319678 
12.299999999984673, -0.22411063867182243 
12.30999999998465, -0.22103942788961425 
12.319999999984626, -0.2169323889334255 
12.329999999984603, -0.2119182248997027 
12.33999999998458, -0.2064802194586423 
12.349999999984556, -0.20126832315024043 
12.359999999984533, -0.19677752668063822 
12.36999999998451, -0.19319280127246155 
12.379999999984486, -0.1904571722086693 
12.389999999984463, -0.18840848315736358 
12.39999999998444, -0.18687376293282684 
12.409999999984416, -0.18570886128282305 
12.419999999984393, -0.18480668863682145 
12.42999999998437, -0.18409340277174396 
12.439999999984346, -0.1835219873632587 
12.449999999984323, -0.18306681742467384 
12.4599999999843, -0.18272039975067172 
12.469999999984276, -0.18249263723153797 
12.479999999984253, -0.18241252091420965 
12.48999999998423, -0.18253109805468465 
12.499999999984206, -0.18292083660585123 
12.509999999984183, -0.18365495108257882 
12.51999999998416, -0.1847212852016236 
12.529999999984136, -0.1857811754610908 
12.539999999984113, -0.18573414205561994 
12.54999999998409, -0.18254983559775245 
12.559999999984067, -0.17457302647239065 
12.569999999984043, -0.16284420884881365 
12.57999999998402, -0.15070549337817235 
12.589999999983997, -0.14075765234610665 
12.599999999983973, -0.13361693461725294 
12.60999999998395, -0.12878857200158653 
12.619999999983927, -0.12557758423508197 
12.629999999983903, -0.12343352195600403 
12.63999999998388, -0.12198926916238997 
12.649999999983857, -0.12101734135872703 
12.659999999983834, -0.12038426571510959 
12.66999999998381, -0.1200197226561204 
12.679999999983787, -0.11989967656657467 
12.689999999983764, -0.12004059804934328 
12.69999999998374, -0.12050348943389219 
12.709999999983717, -0.12140865332132958 
12.719999999983694, -0.12296399015870967 
12.72999999998367, -0.12550862721218276 
12.739999999983647, -0.12956033797858293 
12.749999999983624, -0.13580179143560625 
12.7599999999836, -0.14480698334446157 
12.769999999983577, -0.15621206790521683 
12.779999999983554, -0.16769552274002247 
12.78999999998353, -0.1757744154889656 
12.799999999983507, -0.1789094672593327 
12.809999999983484, -0.1785476693951668 
12.81999999998346, -0.1768697978027453 
12.829999999983437, -0.1751488403780807 
12.839999999983414, -0.17379698650531547 
12.84999999998339, -0.17283783694755334 
12.859999999983367, -0.17218934546197745 
12.869999999983344, -0.17176785571008302 
12.87999999998332, -0.17151359077329956 
12.889999999983297, -0.17139166137052425 
12.899999999983274, -0.17138846906651953 
12.90999999998325, -0.17150941828215074 
12.919999999983228, -0.1717793572743391 
12.929999999983204, -0.17224597350017484 
12.939999999983181, -0.1729860041845925 
12.949999999983158, -0.17411343727824924 
12.959999999983134, -0.17578655087246167 
12.969999999983111, -0.1782042839662864 
12.979999999983088, -0.18156994523803716 
12.989999999983064, -0.18598973285650897 
12.999999999983041, -0.19130423086935716 
13.009999999983018, -0.19697132274909582 
13.019999999982995, -0.20221471232596602 
13.029999999982971, -0.20642337559502769 
13.039999999982948, -0.20942079263661112 
13.049999999982925, -0.21138016326128786 
13.059999999982901, -0.21259034849020791 
13.069999999982878, -0.2133039768684124 
13.079999999982855, -0.21369631094763739 
13.089999999982831, -0.21387639599505665 
13.099999999982808, -0.2139085794780796 
13.109999999982785, -0.21383018585698466 
13.119999999982761, -0.21366402707608656 
13.129999999982738, -0.21342768122355352 
13.139999999982715, -0.21314108761241282 
13.149999999982692, -0.21283247004821654 
13.159999999982668, -0.21254108524971635 
13.169999999982645, -0.21231507199473015 
13.179999999982622, -0.2122043538991792 
13.189999999982598, -0.21225064051931192 
13.199999999982575, -0.21247690949868883 
13.209999999982552, -0.21287798846292688 
13.219999999982528, -0.21341492494513212 
13.229999999982505, -0.21401840261719376 
13.239999999982482, -0.21460474525790002 
13.249999999982458, -0.2150990366649606 
13.259999999982435, -0.21545230360088832 
13.269999999982412, -0.2156440321069771 
13.279999999982389, -0.21567264522668098 
13.289999999982365, -0.2155422518912788 
13.299999999982342, -0.21525144401526025 
13.309999999982319, -0.21478541269080925 
13.319999999982295, -0.21411070626137393 
13.329999999982272, -0.21317310882366028 
13.339999999982249, -0.2119026058365828 
13.349999999982225, -0.21023327750992976 
13.359999999982202, -0.20814369959290063 
13.369999999982179, -0.20570497407563773 
13.379999999982156, -0.20309598231226297 
13.389999999982132, -0.20055213611278 
13.399999999982109, -0.19827501539635323 
13.409999999982086, -0.19637171683289414 
13.419999999982062, -0.19485457704359152 
13.429999999982039, -0.1936760193252058 
13.439999999982016, -0.1927643715012663 
13.449999999981992, -0.19204675206134092 
13.459999999981969, -0.19146013955528998 
13.469999999981946, -0.19095511685731736 
13.479999999981922, -0.19049547908324688 
13.4899999999819, -0.19005555130858148 
13.499999999981876, -0.18961631886025804 
13.509999999981853, -0.18916071380922456 
13.51999999998183, -0.18866720110665727 
13.529999999981806, -0.18809878433958332 
13.539999999981783, -0.18738094377042885 
13.54999999998176, -0.1863563911978236 
13.559999999981736, -0.1847020493625007 
13.569999999981713, -0.18182267422048123 
13.57999999998169, -0.17686202155762026 
13.589999999981666, -0.16915354795034648 
13.599999999981643, -0.1591097836476028 
13.60999999998162, -0.14845743710407477 
13.619999999981596, -0.1390695856460271 
13.629999999981573, -0.1318209197943209 
13.63999999998155, -0.1266275000358989 
13.649999999981526, -0.12301833251888461 
13.659999999981503, -0.1205168187584632 
13.66999999998148, -0.11876242917344386 
13.679999999981456, -0.11751190754598526 
13.689999999981433, -0.11661044242009563 
13.69999999998141, -0.11596485357582229 
13.709999999981386, -0.1155255181858266 
13.719999999981363, -0.11527662589849934 
13.72999999998134, -0.11523352080715236 
13.739999999981316, -0.11544662288381893 
13.749999999981293, -0.1160119349748739 
13.75999999998127, -0.11708636408754439 
13.769999999981247, -0.1188958643796475 
13.779999999981223, -0.12168890254493914 
13.7899999999812, -0.12550176420194983 
13.799999999981177, -0.12953474095785003 
13.809999999981153, -0.13141362816986962 
13.81999999998113, -0.12811767813981711 
13.829999999981107, -0.1194016393712043 
13.839999999981083, -0.10869509346965175 
13.84999999998106, -0.09938650135077122 
13.859999999981037, -0.0926031603130453 
13.869999999981014, -0.08802708503080008 
13.87999999998099, -0.08500967629186251 
13.889999999980967, -0.08301615985110308 
13.899999999980944, -0.08168987446351789 
13.90999999998092, -0.08081251922694402 
13.919999999980897, -0.08025888779335646 
13.929999999980874, -0.07996646306836472 
13.93999999998085, -0.0799195540597765 
13.949999999980827, -0.08014520794292779 
13.959999999980804, -0.08071998714103244 
13.96999999998078, -0.08178924470965157 
13.979999999980757, -0.08360232751227287 
13.989999999980734, -0.08656387235705104 
13.99999999998071, -0.09127672859858743 
14.009999999980687, -0.09846260802397626 
14.019999999980664, -0.10846001830377798 
14.02999999998064, -0.12005612187566309 
14.039999999980617, -0.12982454730784718 
14.049999999980594, -0.1345142456836641 
14.05999999998057, -0.1343301371113222 
14.069999999980547, -0.13184808235317041 
14.079999999980524, -0.12911587007772218 
14.0899999999805, -0.12691904055325268 
14.099999999980477, -0.12534469630926565 
14.109999999980454, -0.12426841696334534 
14.11999999998043, -0.1235519892313905 
14.129999999980408, -0.12309375716877333 
14.139999999980384, -0.1228312072024006 
14.149999999980361, -0.12273404887133217 
14.159999999980338, -0.12279897201413086 
14.169999999980314, -0.12304867227698199 
14.179999999980291, -0.12353578995778784 
14.189999999980268, -0.12435239602832762 
14.199999999980244, -0.12564572963087964 
14.209999999980221, -0.12763915903067014 
14.219999999980198, -0.130649302133549 
14.229999999980175, -0.1350667045131136 
14.239999999980151, -0.14122399754937892 
14.249999999980128, -0.1490683036393377 
14.259999999980105, -0.15777253050237447 
14.269999999980081, -0.1658494004329185 
14.279999999980058, -0.17204710222875844 
14.289999999980035, -0.17608753209558647 
14.299999999980011, -0.17844425513207293 
14.309999999979988, -0.1797406819861695 
14.319999999979965, -0.18043742282475247 
14.329999999979941, -0.18080631909245387 
14.339999999979918, -0.18099347678865796 
14.349999999979895, -0.1810759003907751 
14.359999999979872, -0.18109587496639293 
14.369999999979848, -0.1810797480210875 
14.379999999979825, -0.18104854942676124 
14.389999999979802, -0.18102489585480522 
14.399999999979778, -0.1810381440278427 
14.409999999979755, -0.18112810012940525 
14.419999999979732, -0.18134662443791483 
14.429999999979708, -0.18175606426910332 
14.439999999979685, -0.18242305118126084 
14.449999999979662, -0.183405160187674 
14.459999999979638, -0.18472760862090873 
14.469999999979615, -0.18635265196913176 
14.479999999979592, -0.18815907523236763 
14.489999999979569, -0.1899599163906859 
14.499999999979545, -0.19156505139010033 
14.509999999979522, -0.1928490302171581 
14.519999999979499, -0.19377518983530465 
14.529999999979475, -0.194372031253139 
14.539999999979452, -0.19469421244234694 
14.549999999979429, -0.1947941452310667 
14.559999999979405, -0.19470918747692928 
14.569999999979382, -0.19445913947533752 
14.579999999979359, -0.19404892241127208 
14.589999999979335, -0.1934745398706012 
14.599999999979312, -0.19273264694245545 
14.609999999979289, -0.19183361034708668 
14.619999999979266, -0.19081419911259528 
14.629999999979242, -0.18974153727408652 
14.639999999979219, -0.1887015386278853 
14.649999999979196, -0.1877757346666231 
14.659999999979172, -0.18702001336398155 
14.669999999979149, -0.18645556892890477 
14.679999999979126, -0.18607149143675325 
14.689999999979102, -0.18583298464011438 
14.69999999997908, -0.18569124966758532 
14.709999999979056, -0.1855937903141154 
14.719999999979033, -0.18549356270807077 
14.72999999997901, -0.18535432999710877 
14.739999999978986, -0.1851506680314827 
14.749999999978963, -0.18486345469901305 
14.75999999997894, -0.1844728030204565 
14.769999999978916, -0.1839495932607848 
14.779999999978893, -0.18324526547081482 
14.78999999997887, -0.182278870631546 
14.799999999978846, -0.18092235352379266 
14.809999999978823, -0.17899307195136022 
14.8199999999788, -0.17627957361147317 
14.829999999978776, -0.1726389448066317 
14.839999999978753, -0.1681585516300596 
14.84999999997873, -0.16324684962792965 
14.859999999978706, -0.15848970532368167 
14.869999999978683, -0.15435975161221535 
14.87999999997866, -0.15105222138735425 
14.889999999978636, -0.14853024529826322 
14.899999999978613, -0.14664888828980688 
14.90999999997859, -0.1452466188155634 
14.919999999978566, -0.1441856376396302 
14.929999999978543, -0.14336134394960784 
14.93999999997852, -0.14269943838946839 
14.949999999978496, -0.1421498093953734 
14.959999999978473, -0.1416805563453206 
14.96999999997845, -0.14127304360424842 
14.979999999978427, -0.14091777951777149 
14.989999999978403, -0.14060983304106534 
14.99999999997838, -0.1403402779365358 
15.009999999978357, -0.14007484276277613 
15.019999999978333, -0.13969960330455766 
15.02999999997831, -0.13889834015559865 
15.039999999978287, -0.13694674897722325 
15.049999999978263, -0.1326047917124627 
15.05999999997824, -0.12469922532701053 
15.069999999978217, -0.1135898929431213 
15.079999999978194, -0.10163799104879283 
15.08999999997817, -0.09133080066262649 
15.099999999978147, -0.08364799608910081 
15.109999999978124, -0.07833399382419032 
15.1199999999781, -0.07474965159905585 
15.129999999978077, -0.0723241169258599 
15.139999999978054, -0.07065595969940595 
15.14999999997803, -0.06948786693957484 
15.159999999978007, -0.06866256845124245 
15.169999999977984, -0.06808915132961937 
15.17999999997796, -0.06772244164553748 
15.189999999977937, -0.06755276633348364 
15.199999999977914, -0.06760377893694211 
15.20999999997789, -0.06793709451047256 
15.219999999977867, -0.06866202918749109 
15.229999999977844, -0.06994265264650609 
15.23999999997782, -0.07197063296344902 
15.249999999977797, -0.07480644306094024 
15.259999999977774, -0.07789628453647487 
15.26999999997775, -0.07928853744576747 
15.279999999977727, -0.07589572033563866 
15.289999999977704, -0.06662547053402977 
15.29999999997768, -0.05461729017221727 
15.309999999977657, -0.04388902004350416 
15.319999999977634, -0.03603996789105584 
15.32999999997761, -0.030785945817936228 
15.339999999977588, -0.02735657352095889 
15.349999999977564, -0.025106108111302 
15.359999999977541, -0.023607218968760967 
15.369999999977518, -0.022600699451994413 
15.379999999977494, -0.02193753899712674 
15.389999999977471, -0.021540258853842167 
15.399999999977448, -0.021382212178799268 
15.409999999977424, -0.021480451356948344 
15.419999999977401, -0.021899922444650746 
15.429999999977378, -0.022768922992464274 
15.439999999977355, -0.02430496459171657 
15.449999999977331, -0.026837395258382524 
15.459999999977308, -0.03075977738300441 
15.469999999977285, -0.03620011785675465 
15.479999999977261, -0.042075852724668954 
15.489999999977238, -0.04508959222912477 
15.499999999977215, -0.041645653361555665 
15.509999999977191, -0.032564439706331896 
15.519999999977168, -0.022368924266689953 
15.529999999977145, -0.014180960954959678 
15.539999999977121, -0.008518736738400026 
15.549999999977098, -0.004805570241139127 
15.559999999977075, -0.0023866153286104703 
15.569999999977052, -0.0007945318838870607 
15.579999999977028, 0.0001363333011152282 
15.589999999977005, 0.00038635918568039697 
15.599999999976982, 0.0003555665016062045 
15.609999999976958, 0.00007659787880396818 
15.619999999976935, -0.00010844703847432252 
15.629999999976912, -0.0005398268273202816 
15.639999999976888, -0.0014280837263491606 
15.649999999976865, -0.003000152184842296 
15.659999999976842, -0.005613680295595638 
15.669999999976818, -0.009739009231281463 
15.679999999976795, -0.01568324916353495 
15.689999999976772, -0.022655159056215967 
15.699999999976749, -0.027473082288894512 
15.709999999976725, -0.025972636904265843 
15.719999999976702, -0.018159981516208998 
15.729999999976679, -0.008483505949020722 
15.739999999976655, -0.000446536229916488 
15.749999999976632, 0.004769668613452402 
15.759999999976609, 0.00803074629744339 
15.769999999976585, 0.010001377680793514 
15.779999999976562, 0.01114593293604983 
15.789999999976539, 0.011754194661742247 
15.799999999976515, 0.011993860849727155 
15.809999999976492, 0.011952662665574328 
15.819999999976469, 0.01166227313072648 
15.829999999976446, 0.011107147312152227 
15.839999999976422, 0.010220561631885268 
15.849999999976399, 0.008867576271042272 
15.859999999976376, 0.006814345743288578 
15.869999999976352, 0.0036941853433414794 
15.879999999976329, -0.0008884953686089837 
15.889999999976306, -0.006923199053770618 
15.899999999976282, -0.013828170246883051 
15.90999999997626, -0.018192192752981548 
15.919999999976236, -0.01593407407737845 
15.929999999976213, -0.007577169879057886 
15.93999999997619, 0.0021028418557390285 
15.949999999976166, 0.009574699945255331 
15.959999999976143, 0.014598565291044075 
15.96999999997612, 0.0177328887494833 
15.979999999976096, 0.019617238942178615 
15.989999999976073, 0.02070515865249768 
15.99999999997605, 0.021275835443919134 
16.009999999976028, 0.021489264904863914 
16.019999999976005, 0.021427735657303663 
16.02999999997598, 0.021118645138791907 
16.039999999975958, 0.02054233318059929 
16.049999999975935, 0.019627241354150345 
16.05999999997591, 0.018232418469030627 
16.069999999975888, 0.016118611217485077 
16.079999999975865, 0.01292570126802715 
16.08999999997584, 0.008243197498219378 
16.099999999975818, 0.0020418988963086466 
16.109999999975795, -0.003876317641618234 
16.11999999997577, -0.0057884073465208855 
16.129999999975748, -0.0005818839243328555 
16.139999999975725, 0.009160168061801453 
16.1499999999757, 0.018882495256523933 
16.15999999997568, 0.0261004326844147 
16.169999999975655, 0.03078452725576018 
16.17999999997563, 0.033657276859024726 
16.18999999997561, 0.035367204200396414 
16.199999999975585, 0.03634368932451901 
16.20999999997556, 0.0368434238074545 
16.21999999997554, 0.03701073572926432 
16.229999999975515, 0.03691753451550691 
16.239999999975492, 0.03658399555293722 
16.24999999997547, 0.03598490311899287 
16.259999999975445, 0.03504447465206427 
16.269999999975422, 0.0336215809266106 
16.2799999999754, 0.03149378168978333 
16.289999999975375, 0.028381001863494466 
16.299999999975352, 0.024151792206934804 
16.30999999997533, 0.01951724104479878 
16.319999999975305, 0.017131973162279966 
16.329999999975282, 0.02079079556337021 
16.33999999997526, 0.030723639309411098 
16.349999999975235, 0.042318452228409555 
16.359999999975212, 0.05162651422489537 
16.36999999997519, 0.057847627634880404 
16.379999999975166, 0.061692440565964145 
16.389999999975142, 0.0639958531167318 
16.39999999997512, 0.06534499678300816 
16.409999999975096, 0.06609779436352063 
16.419999999975072, 0.06646107171754947 
16.42999999997505, 0.06654885782763978 
16.439999999975026, 0.06641630661184149 
16.449999999975002, 0.06607675914511382 
16.45999999997498, 0.06550843198381937 
16.469999999974956, 0.06465658821398863 
16.479999999974932, 0.06344277558302522 
16.48999999997491, 0.061815712815849175 
16.499999999974886, 0.05993696946267916 
16.509999999974863, 0.05865042919820399 
16.51999999997484, 0.06004229405251408 
16.529999999974816, 0.0665530276275628 
16.539999999974793, 0.07768458787189132 
16.54999999997477, 0.08943064268089877 
16.559999999974746, 0.09857619371784732 
16.569999999974723, 0.1046118762187174 
16.5799999999747, 0.10831173297758918 
16.589999999974676, 0.11051509507215532 
16.599999999974653, 0.11180455197374621 
16.60999999997463, 0.11253600725577573 
16.619999999974606, 0.11291941875389903 
16.629999999974583, 0.11307842862075146 
16.63999999997456, 0.11308677433411196 
16.649999999974536, 0.11299060366758655 
16.659999999974513, 0.11282521353174677 
16.66999999997449, 0.11263485251559324 
16.679999999974466, 0.11250824351169766 
16.689999999974443, 0.11264939496013529 
16.69999999997442, 0.11349511209758498 
16.709999999974396, 0.11579776290733694 
16.719999999974373, 0.12035236330634506 
16.72999999997435, 0.12711668910392077 
16.739999999974327, 0.13467265569545372 
16.749999999974303, 0.1412624564520791 
16.75999999997428, 0.14607254347501478 
16.769999999974257, 0.14922098424430535 
16.779999999974233, 0.15115369624286362 
16.78999999997421, 0.15228374753752136 
16.799999999974187, 0.15290541239743327 
16.809999999974163, 0.1532123814515286 
16.81999999997414, 0.15333149083618317 
16.829999999974117, 0.1533486582459266 
16.839999999974093, 0.15332632692741446 
16.84999999997407, 0.15331615735073875 
16.859999999974047, 0.1533702126049083 
16.869999999974024, 0.1535525041742719 
16.879999999974, 0.15395047907164908 
16.889999999973977, 0.15468068019611364 
16.899999999973954, 0.15587274798841205 
16.90999999997393, 0.1576097992731967 
16.919999999973907, 0.1598316630432016 
16.929999999973884, 0.16228264503259132 
16.93999999997386, 0.16460063005430706 
16.949999999973837, 0.16649478938405698 
16.959999999973814, 0.16784551758849892 
16.96999999997379, 0.1686745546701603 
16.979999999973767, 0.16906771861356149 
16.989999999973744, 0.16912166163429532 
16.99999999997372, 0.16892520543246678 
17.009999999973697, 0.16855886347141813 
17.019999999973674, 0.16809717765070628 
17.02999999997365, 0.16760717464458777 
17.039999999973627, 0.16714402469489423 
17.049999999973604, 0.1667482436393466 
17.05999999997358, 0.16644692899463615 
17.069999999973557, 0.16625785554534034 
17.079999999973534, 0.16619329491178608 
17.08999999997351, 0.16626066828907266 
17.099999999973488, 0.16645852120956947 
17.109999999973464, 0.16676861237102023 
17.11999999997344, 0.1671483450331136 
17.129999999973418, 0.1675302512492465 
17.139999999973394, 0.16783222123160807 
17.14999999997337, 0.1679734274566394 
17.159999999973348, 0.16788539287964316 
17.169999999973324, 0.1675129885197219 
17.1799999999733, 0.16681097340151219 
17.189999999973278, 0.1657478475876319 
17.199999999973254, 0.1643259048774552 
17.20999999997323, 0.1626123321562122 
17.219999999973208, 0.16075387773724636 
17.229999999973185, 0.15894298951390073 
17.23999999997316, 0.1573449096492544 
17.249999999973138, 0.15604234287737517 
17.259999999973115, 0.15503513029390031 
17.26999999997309, 0.15427575201877325 
17.279999999973068, 0.15370399666270035 
17.289999999973045, 0.1532647344148291 
17.29999999997302, 0.15291138851630176 
17.309999999972998, 0.15260212224572156 
17.319999999972975, 0.15229354329072126 
17.32999999997295, 0.15193407564018957 
17.339999999972928, 0.15145729978914405 
17.349999999972905, 0.15077405090525792 
17.35999999997288, 0.1497611834442023 
17.36999999997286, 0.1482468347783594 
17.379999999972835, 0.14600164272178623 
17.38999999997281, 0.14276971542004735 
17.39999999997279, 0.13840441162931694 
17.409999999972765, 0.13313063513051993 
17.41999999997274, 0.12770610366149518 
17.42999999997272, 0.12308477545820526 
17.439999999972695, 0.11978125310501335 
17.449999999972672, 0.11769266741220714 
17.45999999997265, 0.11643228484127419 
17.469999999972625, 0.11564334678671388 
17.479999999972602, 0.11509224087216359 
17.48999999997258, 0.11464476619781987 
17.499999999972555, 0.11422320823388728 
17.509999999972532, 0.11377441833000512 
17.51999999997251, 0.11324894399386062 
17.529999999972485, 0.11258519690157232 
17.539999999972462, 0.11169285479749025 
17.54999999997244, 0.1104298435252119 
17.559999999972415, 0.10856682952734684 
17.569999999972392, 0.10573654328155227 
17.57999999997237, 0.1013895358757095 
17.589999999972346, 0.09486648286933085 
17.599999999972322, 0.08586269635484077 
17.6099999999723, 0.07540156074272572 
17.619999999972276, 0.06610346536629122 
17.629999999972252, 0.06016273447957828 
17.63999999997223, 0.05748318687204006 
17.649999999972206, 0.05667365900835867 
17.659999999972182, 0.056585037164803856 
17.66999999997216, 0.05665280204795283 
17.679999999972136, 0.05667071091910678 
17.689999999972112, 0.05658074371721729 
17.69999999997209, 0.05637032897341478 
17.709999999972066, 0.05603121281444564 
17.719999999972043, 0.0555424167293214 
17.72999999997202, 0.054859163217962546 
17.739999999971996, 0.053899033233418436 
17.749999999971973, 0.05251908168057625 
17.75999999997195, 0.05047709774159431 
17.769999999971926, 0.04737188563967965 
17.779999999971903, 0.0425783989125224 
17.78999999997188, 0.03528493129811226 
17.799999999971856, 0.02496168603987276 
17.809999999971833, 0.012596433012433137 
17.81999999997181, 0.0014874700664560777 
17.829999999971786, -0.004786109032027945 
17.839999999971763, -0.006525241284691584 
17.84999999997174, -0.005912514243457408 
17.859999999971716, -0.004650221560286679 
17.869999999971693, -0.0034692071262160994 
17.87999999997167, -0.0025536603849471867 
17.889999999971646, -0.0018973678489709947 
17.899999999971623, -0.0014557030025813687 
17.9099999999716, -0.0011935926445458419 
17.919999999971576, -0.0010975819134378241 
17.929999999971553, -0.0011795757309121266 
17.93999999997153, -0.0014821350822811072 
17.949999999971507, -0.002089866508119019 
17.959999999971483, -0.0031510060331941627 
17.96999999997146, -0.004914108986617807 
17.979999999971437, -0.007781685422517634 
17.989999999971413, -0.012359152352148945 
17.99999999997139, -0.01939055497313634 
18.009999999971367, -0.029295084024143003 
18.019999999971343, -0.041097790192751824 
18.02999999997132, -0.0518654984762751 
18.039999999971297, -0.05873295192224617 
18.049999999971273, -0.061486027453220335 
18.05999999997125, -0.06180273023107954 
18.069999999971227, -0.061212352680277894 
18.079999999971204, -0.060473460042718974 
18.08999999997118, -0.05984227887497014 
18.099999999971157, -0.05936864124196486 
18.109999999971134, -0.05904171929595908 
18.11999999997111, -0.05884389516675285 
18.129999999971087, -0.05876783385528874 
18.139999999971064, -0.05882226517439552 
18.14999999997104, -0.059036297398874824 
18.159999999971017, -0.059466236529411964 
18.169999999970994, -0.06020726880533498 
18.17999999997097, -0.06141205224964029 
18.189999999970947, -0.06331676515654565 
18.199999999970924, -0.06626697424238596 
18.2099999999709, -0.0707081229385281 
18.219999999970877, -0.07704625194114169 
18.229999999970854, -0.08525455753102178 
18.23999999997083, -0.09436780240296908 
18.249999999970807, -0.10262061528578756 
18.259999999970784, -0.10861887416676756 
18.26999999997076, -0.1122141318893238 
18.279999999970737, -0.11408770859205497 
18.289999999970714, -0.11498009067859465 
18.29999999997069, -0.11537852985138701 
18.309999999970668, -0.11554253631177809 
18.319999999970644, -0.11559886714627335 
18.32999999997062, -0.11560945991165354 
18.339999999970598, -0.11560802497545677 
18.349999999970574, -0.11561845798915835 
18.35999999997055, -0.11566484941143787 
18.369999999970528, -0.11577822275828793 
18.379999999970504, -0.11600230126520243 
18.38999999997048, -0.11639906714032204 
18.399999999970458, -0.11705385359186123 
18.409999999970434, -0.11807819548632004 
18.41999999997041, -0.11960502830843167 
18.429999999970388, -0.1217640254577828 
18.439999999970365, -0.12462033823451306 
18.44999999997034, -0.12807878780526166 
18.459999999970318, -0.13181823114647284 
18.469999999970295, -0.13536706140805785 
18.47999999997027, -0.13832005544392018 
18.489999999970248, -0.14050941972501868 
18.499999999970225, -0.14199118724897905 
18.5099999999702, -0.14292357881494314 
18.519999999970178, -0.1434668502522097 
18.529999999970155, -0.1437430453863025 
18.53999999997013, -0.14383343335814575 
18.549999999970108, -0.14378874801906974 
18.559999999970085, -0.14364069539652888 
18.56999999997006, -0.1434118954346221 
18.57999999997004, -0.14312435511520638 
18.589999999970015, -0.1428064486874606 
18.59999999996999, -0.14249723300289546 
18.60999999996997, -0.14224641169259342 
18.619999999969945, -0.14210945429230631 
18.62999999996992, -0.14213936333939398 
18.6399999999699, -0.1423769501852447 
18.649999999969875, -0.14283992205342688 
18.659999999969852, -0.14351111911149322 
18.66999999996983, -0.14433084808063495 
18.679999999969805, -0.14520317319467818 
18.689999999969782, -0.1460207970183569 
18.69999999996976, -0.14669700069777747 
18.709999999969735, -0.14718452243723734 
18.719999999969712, -0.14747290811592678 
18.72999999996969, -0.1475727304449783 
18.739999999969665, -0.14749911989549888 
18.749999999969642, -0.14726083179550797 
18.75999999996962, -0.14685524118344434 
18.769999999969595, -0.14626821939709628 
18.779999999969572, -0.14547919647166657 
18.78999999996955, -0.1444730443119299 
18.799999999969526, -0.143258627026366 
18.809999999969502, -0.14188686080164908 
18.81999999996948, -0.14045356163826608 
18.829999999969456, -0.13907723547947476 
18.839999999969432, -0.13786228276787976 
18.84999999996941, -0.1368715157907477 
18.859999999969386, -0.1361207605444855 
18.869999999969362, -0.1355891013737103 
18.87999999996934, -0.13523283461374394 
18.889999999969316, -0.13499736836208742 
18.899999999969292, -0.13482684381303098 
18.90999999996927, -0.1346716775526688 
18.919999999969246, -0.13449274419407323 
18.929999999969223, -0.13426106705072433 
18.9399999999692, -0.13395349895695363 
18.949999999969176, -0.13354583794216462 
18.959999999969153, -0.13300431187819264 
18.96999999996913, -0.13227533056736654 
18.979999999969106, -0.1312734388081267 
18.989999999969083, -0.12987069645538585 
18.99999999996906, -0.12790025381349307 
19.009999999969036, -0.12520108974195843 
19.019999999969013, -0.12172603476662643 
19.02999999996899, -0.11766645430589986 
19.039999999968966, -0.11345322781894326 
19.049999999968943, -0.10956634053289256 
19.05999999996892, -0.10631505370790106 
19.069999999968896, -0.10377588849132516 
19.079999999968873, -0.10186977663712829 
19.08999999996885, -0.10046020627623342 
19.099999999968826, -0.0994121284978979 
19.109999999968803, -0.0986140144505717 
19.11999999996878, -0.09798108772013445 
19.129999999968756, -0.09745172373958243 
19.139999999968733, -0.09698197419140007 
19.14999999996871, -0.09653965429340221 
19.159999999968687, -0.09609800873774367 
19.169999999968663, -0.09562794013478448 
19.17999999996864, -0.09508617560608681 
19.189999999968617, -0.09439399815249297 
19.199999999968593, -0.093397680353406 
19.20999999996857, -0.0918034753380088 
19.219999999968547, -0.0891110076214111 
19.229999999968523, -0.08467085861903871 
19.2399999999685, -0.07808981582477446 
19.249999999968477, -0.06987174876986404 
19.259999999968453, -0.061433810582543505 
19.26999999996843, -0.05415119465667291 
19.279999999968407, -0.04859010630675302 
19.289999999968384, -0.04462257439069539 
19.29999999996836, -0.041863919726528455 
19.309999999968337, -0.03994243087840691 
19.319999999968314, -0.038579262039061986 
19.32999999996829, -0.03758472822840479 
19.339999999968267, -0.036835114187441516 
19.349999999968244, -0.03625161446926631 
19.35999999996822, -0.03578520129122116 
19.369999999968197, -0.03540618874209816 
19.379999999968174, -0.03509614187355175 
19.38999999996815, -0.03483871327165808 
19.399999999968127, -0.03460284205789746 
19.409999999968104, -0.034304163233283995 
19.41999999996808, -0.033717968300321415 
19.429999999968057, -0.03231924326579078 
19.439999999968034, -0.029134659083498365 
19.44999999996801, -0.023027204958273477 
19.459999999967987, -0.013854099696552814 
19.469999999967964, -0.0033572268963143583 
19.47999999996794, 0.0057895617595704295 
19.489999999967917, 0.012515527118983216 
19.499999999967894, 0.01704006366737565 
19.50999999996787, 0.01992638354950692 
19.519999999967848, 0.021719375505864943 
19.529999999967824, 0.02281041759508076 
19.5399999999678, 0.023453066679166405 
19.549999999967778, 0.023805763265208793 
19.559999999967754, 0.023966317906630518 
19.56999999996773, 0.023994763762578315 
19.579999999967708, 0.023928233598057663 
19.589999999967684, 0.023792225514793673 
19.59999999996766, 0.023613389519656088 
19.609999999967638, 0.023442426108614713 
19.619999999967614, 0.023403627105678202 
19.62999999996759, 0.023796101333645483 
19.639999999967568, 0.025244947837810165 
19.649999999967545, 0.028730483431180186 
19.65999999996752, 0.03503171925611714 
19.669999999967498, 0.043588993652951755 
19.679999999967475, 0.0523994120090027 
19.68999999996745, 0.059643124454422006 
19.699999999967428, 0.06476984834454212 
19.709999999967405, 0.06810471730623943 
19.71999999996738, 0.07018017836298254 
19.729999999967358, 0.07143561997838413 
19.739999999967335, 0.07217136435674712 
19.74999999996731, 0.07258037019913641 
19.759999999967288, 0.07278540753508592 
19.769999999967265, 0.07286618612615385 
19.77999999996724, 0.07287777726790183 
19.78999999996722, 0.0728645855974214 
19.799999999967195, 0.07287431554917792 
19.80999999996717, 0.0729771573051765 
19.81999999996715, 0.07329675382273865 
19.829999999967125, 0.0740566321085411 
19.8399999999671, 0.07562193696575534 
19.84999999996708, 0.07844682724919143 
19.859999999967055, 0.08278287910070535 
19.869999999967032, 0.0882452232328508 
19.87999999996701, 0.09382240654483805 
19.889999999966985, 0.09854536627827527 
19.899999999966962, 0.10201897336314081 
19.90999999996694, 0.10434009802623993 
19.919999999966915, 0.10578793615886066 
19.929999999966892, 0.10663275269093175 
19.93999999996687, 0.10708038741215106 
19.949999999966845, 0.10727618027622485 
19.959999999966822, 0.10732179346954021 
19.9699999999668, 0.10728990858665648 
19.979999999966775, 0.1072352139687798 
19.989999999966752, 0.10720350666999434 
19.99999999996673, 0.10724068771549908 
20.009999999966706, 0.1074026251385664 
20.019999999966682, 0.10776541204659888 
20.02999999996666, 0.10843180422855883 
20.039999999966636, 0.10952177222965495 
20.049999999966612, 0.11112776914662063 
20.05999999996659, 0.11323082127792435 
20.069999999966566, 0.11563314500921432 
20.079999999966542, 0.1180030736994097 
20.08999999996652, 0.12002989759805557 
20.099999999966496, 0.12154901811284809 
20.109999999966472, 0.12254657745389441 
20.11999999996645, 0.12309314583578716 
20.129999999966426, 0.12328404513458284 
20.139999999966403, 0.12321164772649644 
20.14999999996638, 0.12295928463925365 
20.159999999966356, 0.12260172279947637 
20.169999999966333, 0.1222044062885069 
20.17999999996631, 0.12182106346354041 
20.189999999966286, 0.12149261369725603 
20.199999999966263, 0.12124927039009173 
20.20999999996624, 0.1211150317127802 
20.219999999966216, 0.1211120576492821 
20.229999999966193, 0.1212620991334152 
20.23999999996617, 0.12158239477676244 
20.249999999966146, 0.12207470912784917 
20.259999999966123, 0.1227103576849323 
20.2699999999661, 0.12342090329122364 
20.279999999966076, 0.12410629101124368 
20.289999999966053, 0.12466074601317675 
20.29999999996603, 0.125000032160728 
20.309999999966006, 0.12507301047195465 
20.319999999965983, 0.12485714608787057 
20.32999999996596, 0.12435069664068696 
20.339999999965936, 0.12357266493669831 
20.349999999965913, 0.12257100812464376 
20.35999999996589, 0.12142845330885954 
20.369999999965867, 0.12025225275898632 
20.379999999965843, 0.1191465996098359 
20.38999999996582, 0.11818461943467999 
20.399999999965797, 0.11739815075303198 
20.409999999965773, 0.11678646099193872 
20.41999999996575, 0.11633189535804807 
20.429999999965727, 0.11601183113221862 
20.439999999965703, 0.11580354153964383 
20.44999999996568, 0.11568319879553582 
20.459999999965657, 0.1156216190078944 
20.469999999965633, 0.11557956865644417 
20.47999999996561, 0.1155052077588484 
20.489999999965587, 0.11533479127703114 
20.499999999965564, 0.11499513196245707 
20.50999999996554, 0.11440492981036403 
20.519999999965517, 0.11347475309323929 
20.529999999965494, 0.11211230350043891 
20.53999999996547, 0.11024673937640117 
20.549999999965447, 0.10788279710042303 
20.559999999965424, 0.10516468385827764 
20.5699999999654, 0.10238029621800986 
20.579999999965377, 0.09985246180535443 
20.589999999965354, 0.09778940653928711 
20.59999999996533, 0.09622854219536606 
20.609999999965307, 0.09509163076407738 
20.619999999965284, 0.09426561239576449 
20.62999999996526, 0.09364990381683355 
20.639999999965237, 0.09316884505259203 
20.649999999965214, 0.09276702955687707 
20.65999999996519, 0.09239986833358513 
20.669999999965167, 0.09202418523291483 
20.679999999965144, 0.09158979983942672 
20.68999999996512, 0.09103160418197884 
20.699999999965097, 0.0902608933466173 
20.709999999965074, 0.08915448485911785 
20.71999999996505, 0.08754238726250933 
20.729999999965028, 0.08520401202267032 
20.739999999965004, 0.08190450605064695 
20.74999999996498, 0.07752571643418944 
20.759999999964958, 0.0722973591279141 
20.769999999964934, 0.06692106925497063 
20.77999999996491, 0.062267536389986354 
20.789999999964888, 0.058829911490609246 
20.799999999964864, 0.05655493308303376 
20.80999999996484, 0.05511288615679325 
20.819999999964818, 0.05417639927090573 
20.829999999964794, 0.05351889252962901 
20.83999999996477, 0.05300441251360671 
20.849999999964748, 0.052552998890212664 
20.859999999964725, 0.052112467972372754 
20.8699999999647, 0.051639645531817005 
20.879999999964678, 0.05108723217588077 
20.889999999964655, 0.0503924032078039 
20.89999999996463, 0.04946398413930876 
20.909999999964608, 0.04816545915572621 
20.919999999964585, 0.04629257859397584 
20.92999999996456, 0.043552105781555786 
20.939999999964538, 0.03957387687641389 
20.949999999964515, 0.0340401751442194 
20.95999999996449, 0.0270290006306148 
20.969999999964468, 0.019404780211451967 
20.979999999964445, 0.012605784682699864 
20.98999999996442, 0.007657935287318352 
20.9999999999644, 0.004586454916729791 
21.009999999964375, 0.0028262650481377495 
21.01999999996435, 0.0018040451887085984 
21.02999999996433, 0.001147728345196036 
21.039999999964305, 0.0006569679561949425 
21.04999999996428, 0.00023011002207964622 
21.05999999996426, -7.768026644460938e-7 
21.069999999964235, -0.00001136458093373083 
21.079999999964212, -0.00008300167944461944 
21.08999999996419, -0.00026147145032395065 
21.099999999964165, -0.0006107101995748734 
21.109999999964142, -0.0012267493774167433 
21.11999999996412, -0.002254467103617485 
21.129999999964095, -0.0039082598999007935 
21.139999999964072, -0.006486660582126623 
21.14999999996405, -0.010343535920774876 
21.159999999964025, -0.015733550676122646 
21.169999999964002, -0.02247035900752062 
21.17999999996398, -0.029625243508464027 
21.189999999963955, -0.03584796612312983 
21.199999999963932, -0.04027208719221195 
21.20999999996391, -0.04293233170134038 
21.219999999963886, -0.04435232322616481 
21.229999999963862, -0.045050469464295625 
21.23999999996384, -0.045368623277959035 
21.249999999963816, -0.0454969901467618 
21.259999999963792, -0.04553580878651593 
21.26999999996377, -0.045540269124335994 
21.279999999963746, -0.04554646981435997 
21.289999999963722, -0.045586184944476145 
21.2999999999637, -0.04569652437482663 
21.309999999963676, -0.0459279586133782 
21.319999999963652, -0.04635254953036658 
21.32999999996363, -0.0470732297682349 
21.339999999963606, -0.048233329610763945 
21.349999999963583, -0.0500205086198527 
21.35999999996356, -0.052646913552071704 
21.369999999963536, -0.05627019986546541 
21.379999999963513, -0.060830892592017835 
21.38999999996349, -0.0658897356482574 
21.399999999963466, -0.07070050009691488 
21.409999999963443, -0.07460083252030116 
21.41999999996342, -0.077352677450194 
21.429999999963396, -0.07910368925782567 
21.439999999963373, -0.08014229116992197 
21.44999999996335, -0.08072514095913601 
21.459999999963326, -0.0810289607137587 
21.469999999963303, -0.0811629324372749 
21.47999999996328, -0.08119288569085581 
21.489999999963256, -0.08116086816434598 
21.499999999963233, -0.08109862040313823 
21.50999999996321, -0.08103696688360185 
21.519999999963186, -0.08101275701546848 
21.529999999963163, -0.0810739530797097 
21.53999999996314, -0.08128279444663625 
21.549999999963116, -0.081716664538443 
21.559999999963093, -0.0824653205923508 
21.56999999996307, -0.08362014945616969 
21.579999999963047, -0.08524721631618967 
21.589999999963023, -0.08733903508165278 
21.599999999963, -0.08976311140024777 
21.609999999962977, -0.09226007838831166 
21.619999999962953, -0.09453160573155846 
21.62999999996293, -0.09636698138239302 
21.639999999962907, -0.09770321538143534 
21.649999999962883, -0.09859057825053859 
21.65999999996286, -0.09912399970004407 
21.669999999962837, -0.09939483002197096 
21.679999999962813, -0.09947243736307332 
21.68999999996279, -0.0994036325819074 
21.699999999962767, -0.09921890821348632 
21.709999999962744, -0.09894041795371523 
21.71999999996272, -0.09859010797453209 
21.729999999962697, -0.09819702254192042 
21.739999999962674, -0.09780197816288547 
21.74999999996265, -0.0974574848458046 
21.759999999962627, -0.09722244243849255 
21.769999999962604, -0.09715372831277065 
21.77999999996258, -0.09729723596191008 
21.789999999962557, -0.09767846272548195 
21.799999999962534, -0.0982913106280873 
21.80999999996251, -0.09908771880056058 
21.819999999962487, -0.09997783682465457 
21.829999999962464, -0.10084982956220263 
21.83999999996244, -0.10160331107817004 
21.849999999962417, -0.10217555717449489 
21.859999999962394, -0.10254559279097904 
21.86999999996237, -0.102720471780097 
21.879999999962347, -0.10271744124113433 
21.889999999962324, -0.1025510906743486 
21.8999999999623, -0.1022273543838735 
21.909999999962277, -0.10174324200052061 
21.919999999962254, -0.10109161652897114 
21.92999999996223, -0.10027114778699175 
21.939999999962208, -0.09930006719839192 
21.949999999962184, -0.09822770563911762 
21.95999999996216, -0.09713406090018752 
21.969999999962138, -0.09611260938148421 
21.979999999962114, -0.09524477606421444 
21.98999999996209, -0.09458135001782474 
21.999999999962068, -0.09413792759447695 
22.009999999962044, -0.09389965925489951 
22.01999999996202, -0.09382821633052811 
22.029999999961998, -0.09386900768319159 
22.039999999961974, -0.0939602856331517 
22.04999999996195, -0.09404395178769402 
22.059999999961928, -0.09407419841533202 
22.069999999961905, -0.0940200320116973 
22.07999999996188, -0.09386139217009615 
22.089999999961858, -0.09358167560889946 
22.099999999961835, -0.0931596392161625 
22.10999999996181, -0.09256240516545652 
22.119999999961788, -0.09174104859558886 
22.129999999961765, -0.09063223266488774 
22.13999999996174, -0.089172770017617 
22.149999999961718, -0.08733367162345021 
22.159999999961695, -0.08516611149367367 
22.16999999996167, -0.08282460960337262 
22.179999999961648, -0.08052906658455719 
22.189999999961625, -0.07847982073430303 
22.1999999999616, -0.07679136197847151 
22.20999999996158, -0.07548458748122548 
22.219999999961555, -0.07451812534812474 
22.22999999996153, -0.0738229649231409 
22.23999999996151, -0.07332445141464256 
22.249999999961485, -0.07295310856485648 
22.25999999996146, -0.07264956830576787 
22.26999999996144, -0.07236626202617076 
22.279999999961415, -0.07206623704596393 
22.289999999961392, -0.07171916247824259 
22.29999999996137, -0.07129497942647657 
22.309999999961345, -0.07075549686502099 
22.319999999961322, -0.07004365107168023 
22.3299999999613, -0.06907039724794697 
22.339999999961275, -0.06770277033953527 
22.349999999961252, -0.06576717301322267 
22.35999999996123, -0.06309777200037824 
22.369999999961205, -0.059653563479294625 
22.379999999961182, -0.05564852989435335 
22.38999999996116, -0.051538924124059526 
22.399999999961135, -0.04780875069524581 
22.409999999961112, -0.0447463941549242 
22.41999999996109, -0.04240114173090139 
22.429999999961066, -0.04067569443736237 
22.439999999961042, -0.03942633747334869 
22.44999999996102, -0.038517200674794395 
22.459999999960996, -0.03783774424637087 
22.469999999960972, -0.037303536234218115 
22.47999999996095, -0.03685184384304281 
22.489999999960926, -0.03643595760869646 
22.499999999960902, -0.03601886491059294 
22.50999999996088, -0.03556588071948095 
22.519999999960856, -0.03503522074395825 
22.529999999960832, -0.034364586236821135 
22.53999999996081, -0.033451209506432655 
22.549999999960786, -0.03212538985664927 
22.559999999960763, -0.030131196130544758 
22.56999999996074, -0.02716204571438437 
22.579999999960716, -0.02302587313519664 
22.589999999960693, -0.01791239375353018 
22.59999999996067, -0.012476336943266365 
22.609999999960646, -0.007502129151733055 
22.619999999960623, -0.0034691170032937224 
22.6299999999606, -0.0004511785753468892 
22.639999999960576, 0.0013577234133411204 
22.649999999960553, 0.0024523322903359113 
22.65999999996053, 0.0031069992605272916 
22.669999999960506, 0.003469068295112375 
22.679999999960483, 0.003644747623159699 
22.68999999996046, 0.0037095015847518993 
22.699999999960436, 0.003717766748119242 
22.709999999960413, 0.0037116133385869236 
22.71999999996039, 0.0037294592398003194 
22.729999999960366, 0.0038165261639248036 
22.739999999960343, 0.0040395005927705814 
22.74999999996032, 0.004508239477586666 
22.759999999960296, 0.005403865600939463 
22.769999999960273, 0.006996076851017051 
22.77999999996025, 0.00959426780247217 
22.789999999960227, 0.013356884977813436 
22.799999999960203, 0.018020287427475155 
22.80999999996018, 0.022874069345718003 
22.819999999960157, 0.02715720468584785 
22.829999999960133, 0.030465031243623604 
22.83999999996011, 0.032784008989927386 
22.849999999960087, 0.03429876457590643 
22.859999999960063, 0.03522820525421459 
22.86999999996004, 0.03575669490812513 
22.879999999960017, 0.03602241402492637 
22.889999999959993, 0.03612510691837166 
22.89999999995997, 0.03613659002867987 
22.909999999959947, 0.03610999298786714 
22.919999999959924, 0.03608810459795265 
22.9299999999599, 0.03611208081138593 
22.939999999959877, 0.03623190197085174 
22.949999999959854, 0.03651998374407291 
22.95999999995983, 0.037087973292305766 
22.969999999959807, 0.03810021946058393 
22.979999999959784, 0.03976062867568839 
22.98999999995976, 0.042230849409758756 
22.999999999959737, 0.04547008427931791 
23.009999999959714, 0.04912123669237065 
23.01999999995969, 0.05263389686642426 
23.029999999959667, 0.05556063002045934 
23.039999999959644, 0.05772870499392082 
23.04999999995962, 0.059188477816453 
23.059999999959597, 0.06008477045968098 
23.069999999959574, 0.06057035356268967 
23.07999999995955, 0.06077397158100576 
23.089999999959527, 0.060796588784372094 
23.099999999959504, 0.06071590380224068 
23.10999999995948, 0.060591541060516826 
23.119999999959457, 0.060470031114983044 
23.129999999959434, 0.060390476201454144 
23.13999999995941, 0.06039145308445407 
23.149999999959388, 0.0605190396807795 
23.159999999959364, 0.06083496543194693 
23.16999999995934, 0.061421503211061004 
23.179999999959318, 0.06237454344826833 
23.189999999959294, 0.06377117387250056 
23.19999999995927, 0.06560711167633991 
23.209999999959248, 0.06773859382768349 
23.219999999959224, 0.0698994050255661 
23.2299999999592, 0.07181140038069293 
23.239999999959178, 0.07329855404470793 
23.249999999959154, 0.07431574048864395 
23.25999999995913, 0.07490626551719612 
23.269999999959108, 0.07514957128463585 
23.279999999959085, 0.0751308778633871 
23.28999999995906, 0.07493064506683707 
23.299999999959038, 0.0746220942045545 
23.309999999959015, 0.07426930456737998 
23.31999999995899, 0.07392485737743228 
23.329999999958968, 0.07362922311251252 
23.339999999958945, 0.07341337777298516 
23.34999999995892, 0.07330390882684983 
23.359999999958898, 0.07332847352282132 
23.369999999958875, 0.07351902421517095 
23.37999999995885, 0.07390969465999103 
23.389999999958828, 0.07452584196419272 
23.399999999958805, 0.07536337616895848 
23.40999999995878, 0.07636674545614539 
23.41999999995876, 0.0774248843920912 
23.429999999958735, 0.07839893318932543 
23.43999999995871, 0.07916769120052133 
23.44999999995869, 0.0796585468144789 
23.459999999958665, 0.07984901748135347 
23.46999999995864, 0.0797515377871855 
23.47999999995862, 0.07939998569265233 
23.489999999958595, 0.0788448328265802 
23.499999999958572, 0.07815214975235654 
23.50999999995855, 0.07739831644692999 
23.519999999958525, 0.07665771912093386 
23.529999999958502, 0.07598923572201205 
23.53999999995848, 0.07542968547892125 
23.549999999958455, 0.07499657137009644 
23.559999999958432, 0.07469591306222548 
23.56999999995841, 0.07452957711649971 
23.579999999958385, 0.07449868780851107 
23.589999999958362, 0.07460193624742609 
23.59999999995834, 0.07482912730479731 
23.609999999958315, 0.07515237030787257 
23.619999999958292, 0.07552019944149521 
23.62999999995827, 0.07586061703169987 
23.639999999958246, 0.07609389169684008 
23.649999999958222, 0.076147896673764 
23.6599999999582, 0.07596719952693329 
23.669999999958176, 0.07551472921286405 
23.679999999958152, 0.07477300647218674 
23.68999999995813, 0.07375219821143511 
23.699999999958106, 0.07250364283343763 
23.709999999958082, 0.07112545391373648 
23.71999999995806, 0.06974460926560964 
23.729999999958036, 0.06847844388839072 
23.739999999958012, 0.06740101643523694 
23.74999999995799, 0.06653572513187289 
23.759999999957966, 0.06587049856118768 
23.769999999957943, 0.06537816893896115 
23.77999999995792, 0.06503016242958819 
23.789999999957896, 0.06480137441909133 
23.799999999957873, 0.06466865554042797 
23.80999999995785, 0.0646058667933327 
23.819999999957826, 0.06457821509393938 
23.829999999957803, 0.06453855588597543 
23.83999999995778, 0.06442754643579818 
23.849999999957756, 0.0641771679948189 
23.859999999957733, 0.06371489796229998 
23.86999999995771, 0.06296690558425266 
23.879999999957686, 0.06186375413347968 
23.889999999957663, 0.06035734612026885 
23.89999999995764, 0.05845540971983574 
23.909999999957616, 0.056260817032969965 
23.919999999957593, 0.05397524766931093 
23.92999999995757, 0.05183485403923248 
23.939999999957546, 0.050013489424560034 
23.949999999957523, 0.048572406797990055 
23.9599999999575, 0.04748175459723998 
23.969999999957476, 0.04667156688035063 
23.979999999957453, 0.04606989290022369 
23.98999999995743, 0.04561826361297501 
23.999999999957407, 0.04527238602654572 
24.009999999957383, 0.04499661643049298 
24.01999999995736, 0.044756857162311287 
24.029999999957337, 0.0445139538432678 
24.039999999957313, 0.04421867999846432 
24.04999999995729, 0.04380870994889748 
24.059999999957267, 0.043207007840456876 
24.069999999957243, 0.04232086759771388 
24.07999999995722, 0.041043597007143634 
24.089999999957197, 0.03926753924495098 
24.099999999957173, 0.036923584580569255 
24.10999999995715, 0.03405297830839724 
24.119999999957127, 0.030871888078262986 
24.129999999957104, 0.027739755663194275 
24.13999999995708, 0.02500235719373541 
24.149999999957057, 0.022836598535179102 
24.159999999957034, 0.021231461273953978 
24.16999999995701, 0.02007424052411453 
24.179999999956987, 0.019236445906656793 
24.189999999956964, 0.018613967861097626 
24.19999999995694, 0.0181329982877365 
24.209999999956917, 0.017742250071278255 
24.219999999956894, 0.017402624420204068 
24.22999999995687, 0.017077918172451252 
24.239999999956847, 0.016727188979835335 
24.249999999956824, 0.016298750024159807 
24.2599999999568, 0.01572557625001669 
24.269999999956777, 0.014921654637032683 
24.279999999956754, 0.013779578229128824 
24.28999999995673, 0.01217365920126565 
24.299999999956707, 0.009981006577837296 
24.309999999956684, 0.00713897885353206 
24.31999999995666, 0.0037382673912159763 
24.329999999956637, 0.00008508968784773616 
24.339999999956614, -0.0029554665419240407 
24.34999999995659, -0.005431004215129573 
24.359999999956568, -0.007220481167353463 
24.369999999956544, -0.008392634722091185 
24.37999999995652, -0.009099388672623969 
24.389999999956498, -0.009487090607035576 
24.399999999956474, -0.009665154878880488 
24.40999999995645, -0.009707519269065691 
24.419999999956428, -0.009664076907859198 
24.429999999956404, -0.009572334658748887 
24.43999999995638, -0.009467029807131822 
24.449999999956358, -0.009387735510461993 
24.459999999956334, -0.009384669783116127 
24.46999999995631, -0.009522851165993452 
24.479999999956288, -0.00988486136770431 
24.489999999956265, -0.010571730437922675 
24.49999999995624, -0.01169786607959324 
24.509999999956218, -0.013369072983426003 
24.519999999956195, -0.01562929122250164 
24.52999999995617, -0.01838142043008898 
24.539999999956148, -0.02134285947702734 
24.549999999956125, -0.024123688424552474 
24.5599999999561, -0.02640747644960497 
24.569999999956078, -0.028075567366327114 
24.579999999956055, -0.029182576016305427 
24.58999999995603, -0.02985747380333096 
24.599999999956008, -0.030227845606954445 
24.609999999955985, -0.030391118474963192 
24.61999999995596, -0.03041411201295417 
24.62999999995594, -0.03034218949250504 
24.639999999955915, -0.030209445793102908 
24.64999999995589, -0.03004757571234894 
24.65999999995587, -0.02989301236152947 
24.669999999955845, -0.02979199946805781 
24.67999999995582, -0.02980322525640468 
24.6899999999558, -0.02999810728634199 
24.699999999955775, -0.030458848735662347 
24.709999999955752, -0.03127218880849809 
24.71999999995573, -0.032512283238101444 
24.729999999955705, -0.03420465360970061 
24.739999999955682, -0.036276372302449685 
24.74999999995566, -0.03852970531817819 
24.759999999955635, -0.04069007162327694 
24.769999999955612, -0.04251902052238922 
24.77999999995559, -0.04390234607707367 
24.789999999955565, -0.044849685620139655 
24.799999999955542, -0.04543693853795478 
24.80999999995552, -0.04575191030828645 
24.819999999955495, -0.04586744810173983 
24.829999999955472, -0.04583594807270379 
24.83999999995545, -0.04569371635090549 
24.849999999955426, -0.04546838679303 
24.859999999955402, -0.04518670145890548 
24.86999999995538, -0.0448813612672106 
24.879999999955356, -0.04459551927352962 
24.889999999955332, -0.04438355738023064 
24.89999999995531, -0.04430807372966934 
24.909999999955286, -0.04443449074904979 
24.919999999955262, -0.04482399650269388 
24.92999999995524, -0.04552235569553081 
24.939999999955216, -0.0465406225499934 
24.949999999955192, -0.04783040578596465 
24.95999999995517, -0.04927143625738389 
24.969999999955146, -0.050695294447507186 
24.979999999955123, -0.05194338971215769 
24.9899999999551, -0.052919541982108576 
24.999999999955076, -0.05360132287309448 
