t, s[1].omega / s[0].omega 
0, -0.6600138459377242 
0.009999999999999995, -0.6613937018540901 
0.019999999999999934, -0.6626952979428807 
0.029999999999999874, -0.6638173177683476 
0.04000000000000012, -0.6646846753842952 
0.050000000000000405, -0.6652667435698421 
0.06000000000000069, -0.6655740435861672 
0.07000000000000098, -0.6656404587776452 
0.08000000000000126, -0.6655046434635098 
0.09000000000000155, -0.6651986298083479 
0.10000000000000184, -0.6647444076920033 
0.11000000000000212, -0.6641566499106818 
0.12000000000000241, -0.6634509208066737 
0.130000000000002, -0.6626592604934312 
0.1400000000000009, -0.6618574647648076 
0.1499999999999998, -0.661208748309023 
0.1599999999999987, -0.6610215530225768 
0.1699999999999976, -0.6617940354683909 
0.1799999999999965, -0.664164957092896 
0.1899999999999954, -0.6686476746308098 
0.1999999999999943, -0.6751501023585195 
0.2099999999999932, -0.6826994860167 
0.2199999999999921, -0.6899294292218359 
0.229999999999991, -0.6959632616915796 
0.2399999999999899, -0.7006667889301108 
0.2499999999999888, -0.7042528062265367 
0.2599999999999877, -0.7069473108569009 
0.2699999999999866, -0.7089219050315929 
0.2799999999999855, -0.7103175194304646 
0.2899999999999844, -0.7112564484642087 
0.2999999999999833, -0.7118393551190129 
0.3099999999999822, -0.7121406734116488 
0.3199999999999811, -0.7122067260682182 
0.32999999999998, -0.7120552211222567 
0.3399999999999789, -0.7116740528771471 
0.3499999999999778, -0.7110186630987049 
0.35999999999997667, -0.7100097713401129 
0.36999999999997557, -0.7085374437065346 
0.37999999999997447, -0.7064820482790599 
0.38999999999997337, -0.703760805645586 
0.39999999999997227, -0.7003896786821346 
0.40999999999997117, -0.6965204002678698 
0.41999999999997006, -0.6924117208411228 
0.42999999999996896, -0.6883458026845617 
0.43999999999996786, -0.6845486888379965 
0.44999999999996676, -0.6811580941660941 
0.45999999999996566, -0.6782341827152314 
0.46999999999996456, -0.6757865816644872 
0.47999999999996346, -0.6737979660117849 
0.48999999999996235, -0.6722381247482558 
0.49999999999996125, -0.6710701918680899 
0.5099999999999602, -0.6702527537800573 
0.519999999999959, -0.6697408655932502 
0.529999999999958, -0.669487603034706 
0.5399999999999568, -0.6694465013709979 
0.5499999999999557, -0.6695744343511685 
0.5599999999999546, -0.6698342587281907 
0.5699999999999535, -0.6701967442250331 
0.5799999999999524, -0.6706415767069966 
0.5899999999999513, -0.6711572033495556 
0.5999999999999502, -0.6717388977526871 
0.6099999999999491, -0.6723841067039544 
0.619999999999948, -0.673084785082511 
0.6299999999999469, -0.6738185974523204 
0.6399999999999458, -0.6745436887091278 
0.6499999999999447, -0.675202449114239 
0.6599999999999436, -0.6757354114936862 
0.6699999999999425, -0.6760985711106473 
0.6799999999999414, -0.6762736690870499 
0.6899999999999403, -0.6762665837638494 
0.6999999999999392, -0.6760980507445157 
0.7099999999999381, -0.6757943852639622 
0.719999999999937, -0.6753832033209632 
0.7299999999999359, -0.6748956853352862 
0.7399999999999348, -0.6743758580201222 
0.7499999999999337, -0.673898289808745 
0.7599999999999326, -0.6735969143571315 
0.7699999999999315, -0.673707635109483 
0.7799999999999304, -0.6746232009577613 
0.7899999999999293, -0.6769456896933146 
0.7999999999999282, -0.6814929675849168 
0.8099999999999271, -0.6891704128709192 
0.819999999999926, -0.7005970718830338 
0.8299999999999249, -0.7155037496748023 
0.8399999999999238, -0.7323097557141696 
0.8499999999999227, -0.7485457978304046 
0.8599999999999216, -0.7620900650351743 
0.8699999999999205, -0.7720960540051756 
0.8799999999999194, -0.7788694750164401 
0.8899999999999183, -0.7832023038033348 
0.8999999999999172, -0.7858709634810257 
0.9099999999999161, -0.787455305307814 
0.919999999999915, -0.7883367192484636 
0.9299999999999139, -0.7887473842465695 
0.9399999999999128, -0.7888164627471221 
0.9499999999999117, -0.7885999327305513 
0.9599999999999106, -0.7880939373140756 
0.9699999999999095, -0.7872332405317811 
0.9799999999999084, -0.7858751792172154 
0.9899999999999073, -0.7837699680998479 
0.9999999999999062, -0.7805261743374952 
1.0099999999999052, -0.7756048478595483 
1.019999999999904, -0.7684175743306303 
1.029999999999903, -0.7586101745467692 
1.039999999999902, -0.7464639247170737 
1.0499999999999008, -0.7330714406552381 
1.0599999999998997, -0.719979734247048 
1.0699999999998986, -0.7085292786389259 
1.0799999999998975, -0.6994282275075645 
1.0899999999998964, -0.6927566512832943 
1.0999999999998953, -0.688201553094424 
1.1099999999998942, -0.6852954213589186 
1.119999999999893, -0.6835702320058353 
1.129999999999892, -0.6826310980999767 
1.1399999999998909, -0.68217784754808 
1.1499999999998898, -0.6819988220494524 
1.1599999999998887, -0.6819528747845904 
1.1699999999998876, -0.6819489994671813 
1.1799999999998865, -0.6819285218630773 
1.1899999999998854, -0.6818519600130566 
1.1999999999998843, -0.6816911960760551 
1.2099999999998832, -0.6814269119688516 
1.219999999999882, -0.6810503926605803 
1.229999999999881, -0.6805671157571973 
1.2399999999998799, -0.6799978368033148 
1.2499999999998788, -0.6793736532955033 
1.2599999999998777, -0.6787259162224156 
1.2699999999998766, -0.6780764388832488 
1.2799999999998755, -0.6774335441310577 
1.2899999999998744, -0.6767952217669506 
1.2999999999998733, -0.6761563297833576 
1.3099999999998722, -0.6755156033543976 
1.319999999999871, -0.6748800932212726 
1.32999999999987, -0.6742672374503725 
1.3399999999998689, -0.6737060216823162 
1.3499999999998678, -0.6732383156426508 
1.3599999999998666, -0.67292044800769 
1.3699999999998655, -0.6728243070029571 
1.3799999999998644, -0.6730370793489369 
1.3899999999998633, -0.6736591006701272 
1.3999999999998622, -0.6747998347258279 
1.4099999999998611, -0.6765721227915986 
1.41999999999986, -0.6790838930235559 
1.429999999999859, -0.6824242492529857 
1.4399999999998578, -0.686638182256069 
1.4499999999998567, -0.6916843913387953 
1.4599999999998556, -0.6973806953631226 
1.4699999999998545, -0.7033669189395315 
1.4799999999998534, -0.7091408860659314 
1.4899999999998523, -0.7141985815395291 
1.4999999999998512, -0.7182119954192394 
1.5099999999998501, -0.7211138880206377 
1.519999999999849, -0.7230407474313996 
1.529999999999848, -0.7242113218494455 
1.5399999999998468, -0.7248323742108564 
1.5499999999998457, -0.7250580549987153 
1.5599999999998446, -0.7249845091965865 
1.5699999999998435, -0.7246567612092438 
1.5799999999998424, -0.7240747883553095 
1.5899999999998413, -0.7231934110413019 
1.5999999999998402, -0.721913670355568 
1.6099999999998391, -0.7200636801572718 
1.619999999999838, -0.7173667977189538 
1.629999999999837, -0.7133981929038042 
1.6399999999998358, -0.7075486678258833 
1.6499999999998347, -0.699070765525601 
1.6599999999998336, -0.6873734774054434 
1.6699999999998325, -0.6726661082193661 
1.6799999999998314, -0.6565021816687999 
1.6899999999998303, -0.6413197676314557 
1.6999999999998292, -0.6290933075657074 
1.709999999999828, -0.6204760266517229 
1.719999999999827, -0.6150334953122109 
1.729999999999826, -0.6119056840471597 
1.7399999999998248, -0.6102706167842179 
1.7499999999998237, -0.6095135653912 
1.7599999999998226, -0.6092300370215653 
1.7699999999998215, -0.6091739000550054 
1.7799999999998204, -0.6092026920664981 
1.7899999999998193, -0.6092358182803158 
1.7999999999998182, -0.6092266171138362 
1.809999999999817, -0.6091452756495166 
1.819999999999816, -0.6089696646528834 
1.8299999999998149, -0.6086823115395738 
1.8399999999998138, -0.6082724646533073 
1.8499999999998127, -0.6077415419081147 
1.8599999999998116, -0.6071081614878007 
1.8699999999998105, -0.6064075752247654 
1.8799999999998094, -0.6056829354901418 
1.8899999999998083, -0.604971959387025 
1.8999999999998072, -0.6042964761514209 
1.909999999999806, -0.6036600865167607 
1.919999999999805, -0.6030535797997281 
1.9299999999998039, -0.6024638509590053 
1.9399999999998028, -0.6018817772016573 
1.9499999999998017, -0.6013068499173431 
1.9599999999998006, -0.6007491147382357 
1.9699999999997995, -0.6002303645668736 
1.9799999999997984, -0.5997863374937492 
1.9899999999997973, -0.5994708012441154 
1.9999999999997962, -0.5993616553036044 
2.0099999999998173, -0.5995687412129669 
2.0199999999998384, -0.6002427319707955 
2.0299999999998595, -0.6015839070392898 
2.0399999999998806, -0.6038481421637105 
2.0499999999999017, -0.6073438139370458 
2.059999999999923, -0.6124059435071197 
2.069999999999944, -0.619323320997662 
2.079999999999965, -0.6281914723335053 
2.089999999999986, -0.6387024490945701 
2.100000000000007, -0.6499964063767043 
2.1100000000000283, -0.6608061736764388 
2.1200000000000494, -0.6699602766560535 
2.1300000000000705, -0.6768814580549987 
2.1400000000000916, -0.681655750482449 
2.1500000000001127, -0.6847336446646921 
2.160000000000134, -0.6866151447842835 
2.170000000000155, -0.6876964012963775 
2.180000000000176, -0.6882438699395593 
2.190000000000197, -0.6884178291148368 
2.2000000000002182, -0.6883006422728541 
2.2100000000002393, -0.6879149142446348 
2.2200000000002604, -0.6872289098303395 
2.2300000000002815, -0.6861492699694474 
2.2400000000003026, -0.684501499467265 
2.2500000000003237, -0.6820026748491013 
2.260000000000345, -0.6782458903725559 
2.270000000000366, -0.6727475580453277 
2.280000000000387, -0.6651317463966245 
2.290000000000408, -0.6554486324375984 
2.3000000000004293, -0.6444012047462258 
2.3100000000004504, -0.6331698901912926 
2.3200000000004715, -0.6228990988224259 
2.3300000000004926, -0.6142872294341468 
2.3400000000005137, -0.6075300172577406 
2.3500000000005348, -0.6024887157717853 
2.360000000000556, -0.5988782660626939 
2.370000000000577, -0.5963881535772839 
2.380000000000598, -0.5947388801485516 
2.390000000000619, -0.5937003865565711 
2.4000000000006403, -0.5930928318917293 
2.4100000000006614, -0.5927806212464259 
2.4200000000006825, -0.5926645376944439 
2.4300000000007036, -0.5926740023384558 
2.4400000000007247, -0.5927603832139162 
2.450000000000746, -0.592891858705868 
2.460000000000767, -0.5930500515130935 
2.470000000000788, -0.5932281719673641 
2.480000000000809, -0.5934296332641912 
2.49000000000083, -0.5936653385955205 
2.5000000000008513, -0.593947936421757 
2.5100000000008724, -0.5942830320248286 
2.5200000000008935, -0.5946601736338285 
2.5300000000009146, -0.59504857777892 
2.5400000000009357, -0.5954017877220579 
2.550000000000957, -0.5956706845698989 
2.560000000000978, -0.5958180961822632 
2.570000000000999, -0.5958267467897607 
2.58000000000102, -0.5956977689902954 
2.5900000000010412, -0.5954437020246689 
2.6000000000010624, -0.5950817679174288 
2.6100000000010835, -0.5946309780603681 
2.6200000000011046, -0.5941142620107053 
2.6300000000011257, -0.5935662997608556 
2.6400000000011468, -0.5930487293725536 
2.650000000001168, -0.5926758049107718 
2.660000000001189, -0.5926537572471253 
2.67000000000121, -0.5933322482627164 
2.680000000001231, -0.5952476568703001 
2.6900000000012523, -0.5990928473240096 
2.7000000000012734, -0.6054868171533762 
2.7100000000012945, -0.6144589074064365 
2.7200000000013156, -0.6249415206088259 
2.7300000000013367, -0.6350445481890363 
2.740000000001358, -0.643248566358962 
2.750000000001379, -0.6492078193258466 
2.7600000000014, -0.6533747851263472 
2.770000000001421, -0.6563077142034691 
2.780000000001442, -0.6583925249144774 
2.7900000000014633, -0.6598643464555096 
2.8000000000014844, -0.6608759676452239 
2.8100000000015055, -0.6615351340808815 
2.8200000000015266, -0.6619183185283469 
2.8300000000015477, -0.6620755032525758 
2.840000000001569, -0.6620321324864438 
2.85000000000159, -0.6617896595556538 
2.860000000001611, -0.6613251568601088 
2.870000000001632, -0.6605915408181537 
2.8800000000016532, -0.6595223227177613 
2.8900000000016743, -0.6580470804793597 
2.9000000000016954, -0.6561218185504392 
2.9100000000017165, -0.6537665633365299 
2.9200000000017377, -0.6510857809884765 
2.9300000000017588, -0.6482483416315377 
2.94000000000178, -0.6454346232909934 
2.950000000001801, -0.6427866226736441 
2.960000000001822, -0.64038810601677 
2.970000000001843, -0.6382729270238167 
2.9800000000018643, -0.6364446612921738 
2.9900000000018854, -0.6348941868907922 
3.0000000000019065, -0.6336104096211616 
3.0100000000019276, -0.6325847330800561 
3.0200000000019487, -0.6318115744082273 
3.03000000000197, -0.6312870746467347 
3.040000000001991, -0.6310075143943689 
3.050000000002012, -0.6309683467039008 
3.060000000002033, -0.6311642701188938 
3.070000000002054, -0.6315903452155537 
3.0800000000020753, -0.6322437860716958 
3.0900000000020964, -0.633125703285552 
3.1000000000021175, -0.6342416579241063 
3.1100000000021386, -0.6355993611326346 
3.1200000000021597, -0.6372014814925357 
3.130000000002181, -0.6390322120040512 
3.140000000002202, -0.6410395452726114 
3.150000000002223, -0.6431218301519851 
3.160000000002244, -0.6451331229533059 
3.1700000000022652, -0.6469163882061142 
3.1800000000022863, -0.6483517378024151 
3.1900000000023074, -0.6493885940217259 
3.2000000000023285, -0.6500423713147171 
3.2100000000023496, -0.6503660232788397 
3.2200000000023707, -0.6504195856185486 
3.230000000002392, -0.6502509445540298 
3.240000000002413, -0.6498879205313984 
3.250000000002434, -0.6493366300196011 
3.260000000002455, -0.6485818869916852 
3.2700000000024763, -0.6475875886358418 
3.2800000000024974, -0.6462964077837137 
3.2900000000025185, -0.6446276781164542 
3.3000000000025396, -0.6424683025786597 
3.3100000000025607, -0.6396419002940517 
3.3200000000025818, -0.6358357933802952 
3.330000000002603, -0.6305166049707283 
3.340000000002624, -0.6230453312842237 
3.350000000002645, -0.6132824735036012 
3.360000000002666, -0.6022969927729969 
3.3700000000026873, -0.5920347196339371 
3.3800000000027084, -0.5840259920624801 
3.3900000000027295, -0.57865849316043 
3.4000000000027506, -0.575486950166859 
3.4100000000027717, -0.5738196173758188 
3.420000000002793, -0.5730584999483802 
3.430000000002814, -0.572788889761529 
3.440000000002835, -0.5727548730658716 
3.450000000002856, -0.5728091687646962 
3.460000000002877, -0.5728701710500357 
3.4700000000028983, -0.5728924502634084 
3.4800000000029194, -0.5728485809406888 
3.4900000000029405, -0.5727190981963599 
3.5000000000029616, -0.5724884260363597 
3.5100000000029827, -0.5721456787314582 
3.520000000003004, -0.5716892268756918 
3.530000000003025, -0.5711323567449712 
3.540000000003046, -0.5705053591330586 
3.550000000003067, -0.5698500241595791 
3.5600000000030882, -0.56920741861474 
3.5700000000031094, -0.5686052546728858 
3.5800000000031305, -0.5680516261769228 
3.5900000000031516, -0.5675373735787378 
3.6000000000031727, -0.5670443911636591 
3.6100000000031938, -0.5665550345212694 
3.620000000003215, -0.5660587870329464 
3.630000000003236, -0.5655551845602748 
3.640000000003257, -0.5650545483182972 
3.650000000003278, -0.5645789399262148 
3.6600000000032993, -0.5641652555189998 
3.6700000000033204, -0.5638716233956519 
3.6800000000033415, -0.5637878888358372 
3.6900000000033626, -0.5640508905889285 
3.7000000000033837, -0.5648649781440647 
3.710000000003405, -0.5665268764671938 
3.720000000003426, -0.569449638466034 
3.730000000003447, -0.5741691902478302 
3.740000000003468, -0.5812940196142499 
3.750000000003489, -0.5913286774453274 
3.7600000000035103, -0.60431318983129 
3.7700000000035314, -0.619389476362364 
3.7800000000035525, -0.6347356089101328 
3.7900000000035736, -0.6482808069355666 
3.8000000000035947, -0.658752215702276 
3.810000000003616, -0.6660483285957726 
3.820000000003637, -0.6707926439488803 
3.830000000003658, -0.6737516876229782 
3.840000000003679, -0.6755416473199973 
3.8500000000037002, -0.6765782245838324 
3.8600000000037213, -0.677117912843322 
3.8700000000037424, -0.6773081227251618 
3.8800000000037635, -0.6772224243746607 
3.8900000000037847, -0.6768795681762328 
3.9000000000038058, -0.6762495737502432 
3.910000000003827, -0.675250181516856 
3.920000000003848, -0.6737382142945278 
3.930000000003869, -0.6715064419740434 
3.94000000000389, -0.6683084291899221 
3.9500000000039113, -0.6639407864522613 
3.9600000000039324, -0.6583822469675589 
3.9700000000039535, -0.6519071486354105 
3.9800000000039746, -0.645048200589348 
3.9900000000039957, -0.6384000549717042 
4.000000000004016, -0.632415581751769 
4.010000000003993, -0.6273267311753975 
4.02000000000397, -0.6231810668561759 
4.030000000003946, -0.6199169890903276 
4.040000000003923, -0.6174254671874426 
4.0500000000039, -0.6155860038081364 
4.0600000000038765, -0.6142832869413378 
4.070000000003853, -0.6134134666592519 
4.08000000000383, -0.6128860446861458 
4.090000000003807, -0.6126242739270585 
4.100000000003783, -0.6125650695376329 
4.11000000000376, -0.6126586283096908 
4.120000000003737, -0.612867806257658 
4.130000000003713, -0.6131673831842547 
4.14000000000369, -0.6135432987678473 
4.150000000003667, -0.6139915649051442 
4.1600000000036434, -0.6145158988984063 
4.17000000000362, -0.6151226825569011 
4.180000000003597, -0.6158124889494883 
4.1900000000035735, -0.6165696851624168 
4.20000000000355, -0.6173548435192469 
4.210000000003527, -0.6181063765738762 
4.220000000003504, -0.6187544120627584 
4.23000000000348, -0.6192412204263353 
4.240000000003457, -0.6195360682621172 
4.250000000003434, -0.6196365000061428 
4.26000000000341, -0.6195587502067352 
4.270000000003387, -0.6193257780585788 
4.280000000003364, -0.6189592017928504 
4.2900000000033405, -0.618476942240961 
4.300000000003317, -0.6178962790247281 
4.310000000003294, -0.6172425365022759 
4.320000000003271, -0.6165653290797147 
4.330000000003247, -0.6159657909874268 
4.340000000003224, -0.6156371946078997 
4.350000000003201, -0.615912112354261 
4.360000000003177, -0.6172808134723906 
4.370000000003154, -0.6202923929556229 
4.380000000003131, -0.625226895161123 
4.390000000003107, -0.6316210224024534 
4.400000000003084, -0.6381971371206994 
4.410000000003061, -0.6436670004763982 
4.4200000000030375, -0.64762811560547 
4.430000000003014, -0.6504486118420072 
4.440000000002991, -0.6525922695919956 
4.450000000002968, -0.6543010775234237 
4.460000000002944, -0.6556548770984303 
4.470000000002921, -0.6566855620596732 
4.480000000002898, -0.6574261807260078 
4.490000000002874, -0.657915226928045 
4.500000000002851, -0.6581882201500968 
4.510000000002828, -0.6582700034029136 
4.520000000002804, -0.6581699206097131 
4.530000000002781, -0.6578788894358097 
4.540000000002758, -0.6573679003851931 
4.5500000000027345, -0.656589437421389 
4.560000000002711, -0.6554856953598086 
4.570000000002688, -0.6540080384423091 
4.580000000002665, -0.6521465872419699 
4.590000000002641, -0.6499560310448825 
4.600000000002618, -0.6475557916405582 
4.610000000002595, -0.6450970349489646 
4.620000000002571, -0.6427169922995083 
4.630000000002548, -0.6405094468406293 
4.640000000002525, -0.6385215424490207 
4.6500000000025015, -0.6367673509709902 
4.660000000002478, -0.6352446551654968 
4.670000000002455, -0.633947327539948 
4.6800000000024315, -0.6328717747219719 
4.690000000002408, -0.632018836675304 
4.700000000002385, -0.6313930814921678 
4.710000000002362, -0.6310010572904565 
4.720000000002338, -0.6308495721308383 
4.730000000002315, -0.6309446851887002 
4.740000000002292, -0.631291751035986 
4.750000000002268, -0.6318964869054806 
4.760000000002245, -0.6327666016988731 
4.770000000002222, -0.6339130098136071 
4.7800000000021985, -0.6353490118874487 
4.790000000002175, -0.6370851522458608 
4.800000000002152, -0.6391173631330453 
4.810000000002129, -0.6414079961673675 
4.820000000002105, -0.6438653834792013 
4.830000000002082, -0.6463367400101718 
4.840000000002059, -0.6486319409067849 
4.850000000002035, -0.650577950267005 
4.860000000002012, -0.652073001458028 
4.870000000001989, -0.6531036614381838 
4.880000000001965, -0.6537203515934024 
4.890000000001942, -0.6539976109658965 
4.900000000001919, -0.6540036190200309 
4.9100000000018955, -0.6537852977974153 
4.920000000001872, -0.6533638361113325 
4.930000000001849, -0.6527340065056315 
4.940000000001826, -0.6518630047155304 
4.950000000001802, -0.6506865212009398 
4.960000000001779, -0.6491000974284497 
4.970000000001756, -0.6469419715583713 
4.980000000001732, -0.6439592276283396 
4.990000000001709, -0.6397477375262273 
5.000000000001686, -0.6336891545470489 
5.0100000000016625, -0.6250355599901335 
5.020000000001639, -0.613423747706239 
5.030000000001616, -0.5996968633591261 
5.0400000000015925, -0.5859740544969904 
5.050000000001569, -0.5744108729861808 
5.060000000001546, -0.565997987608424 
5.070000000001523, -0.5605421898518775 
5.080000000001499, -0.5573099163968017 
5.090000000001476, -0.5555424127821359 
5.100000000001453, -0.5546581334201046 
5.110000000001429, -0.5542694120726744 
5.120000000001406, -0.5541369936532875 
5.130000000001383, -0.5541197064184503 
5.1400000000013595, -0.5541359838385482 
5.150000000001336, -0.5541382836588185 
5.160000000001313, -0.554097501085688 
5.17000000000129, -0.5539945710732075 
5.180000000001266, -0.5538174213410849 
5.190000000001243, -0.5535619627858387 
5.20000000000122, -0.5532352628618399 
5.210000000001196, -0.5528576911242064 
5.220000000001173, -0.5524603590462925 
5.23000000000115, -0.5520765824659384 
5.240000000001126, -0.5517305434106136 
5.250000000001103, -0.5514289465604608 
5.26000000000108, -0.5511599199550352 
5.2700000000010565, -0.550899312148218 
5.280000000001033, -0.5506207498686889 
5.29000000000101, -0.5503044134083854 
5.300000000000987, -0.5499413041713899 
5.310000000000963, -0.5495333282122301 
5.32000000000094, -0.549091942206317 
5.330000000000917, -0.5486382690290614 
5.340000000000893, -0.5482066666249755 
5.35000000000087, -0.5478531681334814 
5.360000000000847, -0.5476704349849616 
5.3700000000008234, -0.5478114979581324 
5.3800000000008, -0.5485246500617926 
5.390000000000777, -0.5501991720784309 
5.4000000000007535, -0.5534106889300653 
5.41000000000073, -0.5589253075669218 
5.420000000000707, -0.5675651532589466 
5.430000000000684, -0.5797964680532506 
5.44000000000066, -0.5950604488692691 
5.450000000000637, -0.6114049493439244 
5.460000000000614, -0.626239847166519 
5.47000000000059, -0.6378354976858429 
5.480000000000567, -0.6459706453894378 
5.490000000000544, -0.6513459141957095 
5.5000000000005205, -0.654810876339698 
5.510000000000497, -0.657022538519714 
5.520000000000474, -0.6584155425147198 
5.5300000000004506, -0.659262061746048 
5.540000000000427, -0.6597283056142973 
5.550000000000404, -0.6599112591277734 
5.560000000000381, -0.6598595969281928 
5.570000000000357, -0.6595840628168321 
5.580000000000334, -0.6590610861702695 
5.590000000000311, -0.6582330844335049 
5.600000000000287, -0.65701077008638 
5.610000000000264, -0.655286498232669 
5.620000000000241, -0.652969040879409 
5.6300000000002175, -0.6500391837753694 
5.640000000000194, -0.6465982102703394 
5.650000000000171, -0.6428643653299578 
5.660000000000148, -0.6391051868867246 
5.670000000000124, -0.6355518460350045 
5.680000000000101, -0.6323510820854328 
5.690000000000078, -0.6295664616109999 
5.700000000000054, -0.6272053207824497 
5.710000000000031, -0.6252468848442204 
5.720000000000008, -0.6236610086350018 
5.729999999999984, -0.6224172849113844 
5.739999999999961, -0.621487865584454 
5.749999999999938, -0.6208473102017472 
5.7599999999999145, -0.6204717001989499 
5.769999999999891, -0.6203382106816845 
5.779999999999868, -0.6204255625444094 
5.789999999999845, -0.6207152785851804 
5.799999999999821, -0.6211933814933617 
5.809999999999798, -0.6218519997101362 
5.819999999999775, -0.6226901300935644 
5.829999999999751, -0.6237124117844547 
5.839999999999728, -0.6249243162472069 
5.849999999999705, -0.6263222971237731 
5.8599999999996815, -0.6278793405560554 
5.869999999999658, -0.6295309164592846 
5.879999999999635, -0.6311718679671867 
5.8899999999996115, -0.6326744801470408 
5.899999999999588, -0.6339248042749334 
5.909999999999565, -0.6348562617885604 
5.919999999999542, -0.6354589009455899 
5.929999999999518, -0.6357633012496218 
5.939999999999495, -0.6358154126237889 
5.949999999999472, -0.6356569696788246 
5.959999999999448, -0.635315523821707 
5.969999999999425, -0.634801429221237 
5.979999999999402, -0.6341082339269384 
5.9899999999993785, -0.6332145264415849 
5.999999999999355, -0.6320868265858042 
6.009999999999332, -0.6306832198479084 
6.019999999999309, -0.6289540380729314 
6.029999999999285, -0.6268252791874314 
6.039999999999262, -0.6241342228286568 
6.049999999999239, -0.6205022996909502 
6.059999999999215, -0.615278204892874 
6.069999999999192, -0.6079151067666155 
6.079999999999169, -0.5988051702073034 
6.089999999999145, -0.5895196347274146 
6.099999999999122, -0.581770850333706 
6.109999999999099, -0.5763376546383612 
6.1199999999990755, -0.5730394579900524 
6.129999999999052, -0.5712821476869265 
6.139999999999029, -0.5704783643580413 
6.149999999999006, -0.570198568454657 
6.159999999998982, -0.5701715725640297 
6.169999999998959, -0.5702401947991829 
6.179999999998936, -0.5703177283742676 
6.189999999998912, -0.5703567075135949 
6.199999999998889, -0.5703292694489535 
6.209999999998866, -0.5702160225109446 
6.2199999999988425, -0.570001072910505 
6.229999999998819, -0.5696720317942168 
6.239999999998796, -0.5692241520606005 
6.2499999999987725, -0.5686664959421714 
6.259999999998749, -0.5680257828846603 
6.269999999998726, -0.5673431220514061 
6.279999999998703, -0.5666628540761852 
6.289999999998679, -0.5660188648314436 
6.299999999998656, -0.5654258818771977 
6.309999999998633, -0.5648795383774587 
6.319999999998609, -0.5643635623699451 
6.329999999998586, -0.5638594245065317 
6.339999999998563, -0.5633540692307915 
6.3499999999985395, -0.5628438990675725 
6.359999999998516, -0.5623359791053539 
6.369999999998493, -0.5618487767461375 
6.37999999999847, -0.5614145367230188 
6.389999999998446, -0.5610846318971584 
6.399999999998423, -0.5609387373152253 
6.4099999999984, -0.5610985500435302 
6.419999999998376, -0.5617466474559418 
6.429999999998353, -0.5631501958000507 
6.43999999999833, -0.5656860315249921 
6.449999999998306, -0.5698548840314724 
6.459999999998283, -0.5762531717061147 
6.46999999999826, -0.5854406484515924 
6.4799999999982365, -0.5976324187835758 
6.489999999998213, -0.6122558778089454 
6.49999999999819, -0.6277231612716914 
6.509999999998167, -0.6419244833739188 
6.519999999998143, -0.6532864768396678 
6.52999999999812, -0.6614039294580657 
6.539999999998097, -0.666765746634336 
6.549999999998073, -0.6701422301010342 
6.55999999999805, -0.6722027496742127 
6.569999999998027, -0.6734151689993209 
6.5799999999980034, -0.6740739257127296 
6.58999999999798, -0.6743519015624627 
6.599999999997957, -0.6743403856115429 
6.6099999999979335, -0.6740722969664484 
6.61999999999791, -0.6735315865547856 
6.629999999997887, -0.6726522345869032 
6.639999999997864, -0.6713108010743871 
6.64999999999784, -0.6693208987546609 
6.659999999997817, -0.6664482673908696 
6.669999999997794, -0.6624749444704066 
6.67999999999777, -0.657324035283731 
6.689999999997747, -0.6511869570780099 
6.699999999997724, -0.6445310580746964 
6.7099999999977005, -0.6379386173539233 
6.719999999997677, -0.6318957392135788 
6.729999999997654, -0.626681481195846 
6.7399999999976306, -0.6223814908527225 
6.749999999997607, -0.6189576980264133 
6.759999999997584, -0.6163135844370141 
6.769999999997561, -0.6143349442525055 
6.779999999997537, -0.6129097087659714 
6.789999999997514, -0.6119357067934188 
6.799999999997491, -0.611323050402693 
6.809999999997467, -0.610994665389221 
6.819999999997444, -0.6108863157603984 
6.829999999997421, -0.6109464232358766 
6.8399999999973975, -0.6111356902315052 
6.849999999997374, -0.611426579259414 
6.859999999997351, -0.6118027196727145 
6.869999999997328, -0.6122580466004336 
6.879999999997304, -0.6127948851353235 
6.889999999997281, -0.6134196355704006 
6.899999999997258, -0.614134984900462 
6.909999999997234, -0.6149294130018828 
6.919999999997211, -0.6157679780308702 
6.929999999997188, -0.6165909593184599 
6.939999999997164, -0.6173251841975659 
6.949999999997141, -0.6179047895991185 
6.959999999997118, -0.6182895630842022 
6.9699999999970945, -0.6184701187025803 
6.979999999997071, -0.6184598592106181 
6.989999999997048, -0.6182820417674503 
6.999999999997025, -0.6179596756753434 
7.009999999997001, -0.617511131593817 
7.019999999996978, -0.6169512260065066 
7.029999999996955, -0.6162974207984186 
7.039999999996931, -0.6155822857980593 
7.049999999996908, -0.6148750391536435 
7.059999999996885, -0.6143149683377735 
7.0699999999968615, -0.614153442630157 
7.079999999996838, -0.6147796848593535 
7.089999999996815, -0.6166599140484348 
7.0999999999967915, -0.620083273645711 
7.109999999996768, -0.624736008967237 
7.119999999996745, -0.6295467461940749 
7.129999999996722, -0.6333493503722554 
7.139999999996698, -0.635808989208303 
7.149999999996675, -0.6373967317748148 
7.159999999996652, -0.6386557594171838 
7.169999999996628, -0.6398135048910165 
7.179999999996605, -0.6408690361237397 
7.189999999996582, -0.6417644427217309 
7.1999999999965585, -0.6424640839279806 
7.209999999996535, -0.6429632924818135 
7.219999999996512, -0.6432742337475255 
7.229999999996489, -0.6434115625840903 
7.239999999996465, -0.6433829495057649 
7.249999999996442, -0.6431835976827113 
7.259999999996419, -0.6427934934813415 
7.269999999996395, -0.6421777214712301 
7.279999999996372, -0.6412922279495367 
7.289999999996349, -0.6400982263914549 
7.299999999996325, -0.6385849077384866 
7.309999999996302, -0.6367908916451508 
7.319999999996279, -0.6348076026380066 
7.3299999999962555, -0.63275617592034 
7.339999999996232, -0.6307509171588581 
7.349999999996209, -0.6288725615992841 
7.359999999996186, -0.6271626693684965 
7.369999999996162, -0.6256336945449823 
7.379999999996139, -0.6242836092861096 
7.389999999996116, -0.623107677666332 
7.399999999996092, -0.622105217906219 
7.409999999996069, -0.6212821812605661 
7.419999999996046, -0.6206511488247504 
7.4299999999960225, -0.6202300650797875 
7.439999999995999, -0.6200405829422821 
7.449999999995976, -0.6201066198666133 
7.4599999999959525, -0.620453566508832 
7.469999999995929, -0.6211083798799264 
7.479999999995906, -0.6221003985244101 
7.489999999995883, -0.6234620593473001 
7.499999999995859, -0.6252277258367243 
7.509999999995836, -0.6274276326416262 
7.519999999995813, -0.63007313081739 
7.529999999995789, -0.6331309320627038 
7.539999999995766, -0.6364914135608875 
7.549999999995743, -0.6399505338338193 
7.5599999999957195, -0.6432349672054528 
7.569999999995696, -0.6460799218447011 
7.579999999995673, -0.6483182735682208 
7.58999999999565, -0.6499174829282561 
7.599999999995626, -0.6509476426156197 
7.609999999995603, -0.6515204284860805 
7.61999999999558, -0.6517411941376772 
7.629999999995556, -0.651686179103231 
7.639999999995533, -0.6513964944900148 
7.64999999999551, -0.650877753573102 
7.659999999995486, -0.650097982923308 
7.669999999995463, -0.6489793457712789 
7.67999999999544, -0.6473796116442853 
7.6899999999954165, -0.6450580179694956 
7.699999999995393, -0.6416204209902052 
7.70999999999537, -0.6364524595264227 
7.719999999995347, -0.628708011145796 
7.729999999995323, -0.6175424550014774 
7.7399999999953, -0.6027870537141949 
7.749999999995277, -0.5857079384229564 
7.759999999995253, -0.5687874583307935 
7.76999999999523, -0.5543418809012592 
7.779999999995207, -0.5434188737014164 
7.789999999995183, -0.5358634252383634 
7.79999999999516, -0.5309567033567726 
7.809999999995137, -0.5279169468852385 
7.8199999999951135, -0.5261099484549024 
7.82999999999509, -0.5250831480548122 
7.839999999995067, -0.5245343371870379 
7.849999999995044, -0.5242691059318714 
7.85999999999502, -0.5241651233251162 
7.869999999994997, -0.5241464155370318 
7.879999999994974, -0.5241662668798449 
7.88999999999495, -0.5241966878206055 
7.899999999994927, -0.5242227617040736 
7.909999999994904, -0.5242404794497791 
7.9199999999948805, -0.5242564499105578 
7.929999999994857, -0.524287231591867 
7.939999999994834, -0.5243557977345344 
7.9499999999948106, -0.5244838954976117 
7.959999999994787, -0.5246817784812998 
7.969999999994764, -0.5249394456803849 
7.979999999994741, -0.5252243662607307 
7.989999999994717, -0.5254885846518939 
7.999999999994694, -0.5256829470636203 
8.00999999999467, -0.525770997547346 
8.019999999994647, -0.5257352398772428 
8.029999999994624, -0.5255744772810899 
8.0399999999946, -0.5252965797123952 
8.049999999994577, -0.5249117292936322 
8.059999999994554, -0.5244286923630918 
8.06999999999453, -0.5238544642518494 
8.079999999994508, -0.5231969435897951 
8.089999999994484, -0.5224703737140799 
8.099999999994461, -0.5217026005989878 
8.109999999994438, -0.5209389941614682 
8.119999999994414, -0.520224807217015 
8.129999999994391, -0.5195208060072823 
8.139999999994368, -0.5184896343237887 
8.149999999994344, -0.5162096137521863 
8.159999999994321, -0.5112888297518382 
8.169999999994298, -0.5029873661390187 
8.179999999994275, -0.4924720703579852 
8.189999999994251, -0.48218462731834216 
8.199999999994228, -0.4739551557933829 
8.209999999994205, -0.4682372937257545 
8.219999999994181, -0.464619176899226 
8.229999999994158, -0.4624720348360053 
8.239999999994135, -0.4612619530916932 
8.249999999994111, -0.4606160345694076 
8.259999999994088, -0.4602962075999719 
8.269999999994065, -0.4601571852211551 
8.279999999994041, -0.46011232981245886 
8.289999999994018, -0.46011063465186386 
8.299999999993995, -0.46012263142302723 
8.309999999993972, -0.4601326373862422 
8.319999999993948, -0.46013541124720014 
8.329999999993925, -0.4601356598146933 
8.339999999993902, -0.4601485752871951 
8.349999999993878, -0.46019901392050755 
8.359999999993855, -0.46031701506540745 
8.369999999993832, -0.46052891779822025 
8.379999999993808, -0.46084592838938016 
8.389999999993785, -0.4612543352680558 
8.399999999993762, -0.4617127037458488 
8.409999999993738, -0.46215997668484493 
8.419999999993715, -0.46253278780208856 
8.429999999993692, -0.46278315684269267 
8.439999999993669, -0.46288679461538906 
8.449999999993645, -0.46283963393802663 
8.459999999993622, -0.4626478101699642 
8.469999999993599, -0.4623173418730307 
8.479999999993575, -0.46184616922868116 
8.489999999993552, -0.4612176606403084 
8.499999999993529, -0.46039267226457853 
8.509999999993505, -0.4592955078552817 
8.519999999993482, -0.4577858953147461 
8.529999999993459, -0.4556038432250449 
8.539999999993436, -0.45227360975423075 
8.549999999993412, -0.4469896236555524 
8.559999999993389, -0.43865233155054373 
8.569999999993366, -0.42642457656846766 
8.579999999993342, -0.41083244531754903 
8.589999999993319, -0.39417604925973543 
8.599999999993296, -0.3791760418305726 
8.609999999993272, -0.3673400297191341 
8.619999999993249, -0.35875825971153236 
8.629999999993226, -0.35281233968606324 
8.639999999993202, -0.34877475675067904 
8.64999999999318, -0.3460530833662042 
8.659999999993156, -0.3442269573909706 
8.669999999993133, -0.34301602304932766 
8.67999999999311, -0.34223941556370624 
8.689999999993086, -0.3417840422618338 
8.699999999993063, -0.34158335932331807 
8.70999999999304, -0.341604531188543 
8.719999999993016, -0.3418417414475515 
8.729999999992993, -0.34231408419250065 
8.73999999999297, -0.34306698433412597 
8.749999999992946, -0.3441761015263807 
8.759999999992923, -0.3457517311511708 
8.7699999999929, -0.34793900116265214 
8.779999999992876, -0.35090356059721145 
8.789999999992853, -0.35478483370238506 
8.79999999999283, -0.35959990363836364 
8.809999999992806, -0.3651186336962403 
8.819999999992783, -0.3708151360306417 
8.82999999999276, -0.37602485345388276 
8.839999999992736, -0.380248104446648 
8.849999999992713, -0.38333378067472756 
8.85999999999269, -0.38541356599328697 
8.869999999992666, -0.38672723828599864 
8.879999999992643, -0.3874981349563351 
8.88999999999262, -0.38788890685225036 
8.899999999992596, -0.3880016697909289 
8.909999999992573, -0.3878907642627128 
8.91999999999255, -0.38757469500352687 
8.929999999992527, -0.387044982175727 
8.939999999992503, -0.3862745560774785 
8.94999999999248, -0.3852304241558696 
8.959999999992457, -0.38389457290571316 
8.969999999992433, -0.3822903881818175 
8.97999999999241, -0.38049986203235997 
8.989999999992387, -0.378652643264901 
8.999999999992363, -0.37688627005662984 
9.00999999999234, -0.3753030215767136 
9.019999999992317, -0.3739497538684612 
9.029999999992294, -0.3728240114141677 
9.03999999999227, -0.3718929279085235 
9.049999999992247, -0.3711121642565611 
9.059999999992224, -0.3704393670579421 
9.0699999999922, -0.3698415329837371 
9.079999999992177, -0.3692977145854408 
9.089999999992154, -0.36879924886568943 
9.09999999999213, -0.3683497281055629 
9.109999999992107, -0.36796655650797766 
9.119999999992084, -0.3676856132445289 
9.12999999999206, -0.3675705967492921 
9.139999999992037, -0.3677288974694824 
9.149999999992014, -0.3683352093474738 
9.15999999999199, -0.3696587989100624 
9.169999999991967, -0.3720700339892077 
9.179999999991944, -0.3759466404987629 
9.18999999999192, -0.38131363763484727 
9.199999999991897, -0.3871274518798803 
9.209999999991874, -0.39087056329324676 
9.21999999999185, -0.39001138254629913 
9.229999999991827, -0.38466023856447157 
9.239999999991804, -0.3774964339892326 
9.24999999999178, -0.371052993076157 
9.259999999991757, -0.3663138659738646 
9.269999999991734, -0.3631854939451194 
9.27999999999171, -0.3612386957512081 
9.289999999991688, -0.36006976896472553 
9.299999999991664, -0.3593888963258024 
9.309999999991641, -0.3590088611821841 
9.319999999991618, -0.3588146900021928 
9.329999999991594, -0.35873822134944283 
9.339999999991571, -0.35874119502984014 
9.349999999991548, -0.3588053199003247 
9.359999999991524, -0.35892727650872175 
9.369999999991501, -0.35911697676289955 
9.379999999991478, -0.3593975305937964 
9.389999999991455, -0.3598050926737757 
9.399999999991431, -0.3603863381926271 
9.409999999991408, -0.36119111921323416 
9.419999999991385, -0.36225819646896196 
9.429999999991361, -0.36359377194268155 
9.439999999991338, -0.3651482264491088 
9.449999999991315, -0.3668061164609949 
9.459999999991291, -0.3684074613996767 
9.469999999991268, -0.36979895394314766 
9.479999999991245, -0.3708834078310047 
9.489999999991221, -0.371634445309796 
9.499999999991198, -0.3720760991406299 
9.509999999991175, -0.3722510736140929 
9.519999999991152, -0.37219634088140124 
9.529999999991128, -0.37192954241295695 
9.539999999991105, -0.37144156727419986 
9.549999999991082, -0.3706902184882084 
9.559999999991058, -0.3695927831699904 
9.569999999991035, -0.368020552168742 
9.579999999991012, -0.3658075606993253 
9.589999999990988, -0.3627966861174242 
9.599999999990965, -0.3589390673024971 
9.609999999990942, -0.3544059325824247 
9.619999999990918, -0.3495990539847137 
9.629999999990895, -0.3449975810167909 
9.639999999990872, -0.34095697051768525 
9.649999999990849, -0.3376219786872526 
9.659999999990825, -0.33496960129502423 
9.669999999990802, -0.3328947209050421 
9.679999999990779, -0.33127488755484963 
9.689999999990755, -0.33000271022023675 
9.699999999990732, -0.3289966860832763 
9.709999999990709, -0.328201964355859 
9.719999999990685, -0.3275880328479765 
9.729999999990662, -0.327146917431696 
9.739999999990639, -0.32689380342816565 
9.749999999990616, -0.32687148242873215 
9.759999999990592, -0.32716031244895666 
9.769999999990569, -0.32789623192715706 
9.779999999990546, -0.32930037937478296 
9.789999999990522, -0.331723459265685 
9.799999999990499, -0.3357005758104806 
9.809999999990476, -0.341981996140566 
9.819999999990452, -0.3514231319383886 
9.829999999990429, -0.36449568000117527 
9.839999999990406, -0.3803117892475457 
9.849999999990382, -0.39602718684345617 
9.85999999999036, -0.4082854330317759 
9.869999999990336, -0.41578836745330533 
9.879999999990313, -0.4195981896673052 
9.88999999999029, -0.42138476880919906 
9.899999999990266, -0.4222753663330769 
9.909999999990243, -0.4227995151282909 
9.91999999999022, -0.42315863226698924 
9.929999999990196, -0.42341988736052844 
9.939999999990173, -0.4236042778154939 
9.94999999999015, -0.42371849951374935 
9.959999999990126, -0.4237646112746994 
9.969999999990103, -0.4237425588343503 
9.97999999999008, -0.4236513003817863 
9.989999999990056, -0.42349070777303677 
9.999999999990033, -0.42326497848196787 
10.00999999999001, -0.4229870643669217 
10.019999999989986, -0.4226820339146061 
10.029999999989963, -0.42238624697468374 
10.03999999998994, -0.42214043849610244 
10.049999999989916, -0.4219783009612536 
10.059999999989893, -0.421915147886871 
10.06999999998987, -0.42194143213477286 
10.079999999989846, -0.4220240625537258 
10.089999999989823, -0.42211575097297427 
10.0999999999898, -0.4221688573812479 
10.109999999989776, -0.4221471770471469 
10.119999999989753, -0.42203042133711904 
10.12999999998973, -0.4218112412318097 
10.139999999989707, -0.421488512352421 
10.149999999989683, -0.42106048754170844 
10.15999999998966, -0.4205190525795294 
10.169999999989637, -0.4198440318586525 
10.179999999989613, -0.4189946063786163 
10.18999999998959, -0.4178921030202038 
10.199999999989567, -0.41638275802519303 
10.209999999989543, -0.41416045384617234 
10.21999999998952, -0.41063154142556746 
10.229999999989497, -0.40477735895252254 
10.239999999989474, -0.39531369755812407 
10.24999999998945, -0.3816235244466076 
10.259999999989427, -0.36502874702988963 
10.269999999989404, -0.34850008842664154 
10.27999999998938, -0.33459553604223197 
10.289999999989357, -0.3241902225146611 
10.299999999989334, -0.31690467660003 
10.30999999998931, -0.3119558674786699 
10.319999999989287, -0.30862625538229016 
10.329999999989264, -0.30638859816584285 
10.33999999998924, -0.30488925837655756 
10.349999999989217, -0.303901224133151 
10.359999999989194, -0.30328343915531647 
10.36999999998917, -0.30295288749039767 
10.379999999989147, -0.3028675746224892 
10.389999999989124, -0.30301757158256615 
10.3999999999891, -0.30342210238570355 
10.409999999989077, -0.30413157225490284 
10.419999999989054, -0.3052339365824686 
10.42999999998903, -0.3068644252679308 
10.439999999989007, -0.3092152336885331 
10.449999999988984, -0.31253492211195477 
10.45999999998896, -0.31709299071318525 
10.469999999988937, -0.32306872355011323 
10.479999999988914, -0.33034323393578113 
10.48999999998889, -0.33830152947189385 
10.499999999988868, -0.3459221942463904 
10.509999999988844, -0.35226447655382864 
10.519999999988821, -0.3569308078300547 
10.529999999988798, -0.36006647787740514 
10.539999999988774, -0.36205358823220485 
10.549999999988751, -0.3632613977364117 
10.559999999988728, -0.3639576360641605 
10.569999999988704, -0.36431169826080445 
10.579999999988681, -0.36442191168333016 
10.589999999988658, -0.36433967419518826 
10.599999999988635, -0.3640859046596526 
10.609999999988611, -0.3636625000288089 
10.619999999988588, -0.36306279418541443 
10.629999999988565, -0.3622841214481102 
10.639999999988541, -0.36134239403243795 
10.649999999988518, -0.36028313315281935 
10.659999999988495, -0.3591800138063071 
10.669999999988471, -0.35811747699835106 
10.679999999988448, -0.3571661544120549 
10.689999999988425, -0.3563652969100834 
10.699999999988401, -0.355719147012321 
10.709999999988378, -0.355204360054276 
10.719999999988355, -0.35478227301355636 
10.729999999988332, -0.3544111677628149 
10.739999999988308, -0.3540553552669411 
10.749999999988285, -0.3536894565576661 
10.759999999988262, -0.35329826689546856 
10.769999999988238, -0.35287412941287827 
10.779999999988215, -0.3524138510886255 
10.789999999988192, -0.3519162180772489 
10.799999999988168, -0.3513798773355851 
10.809999999988145, -0.3507996929355318 
10.819999999988122, -0.3501562365514511 
10.829999999988098, -0.34938456989161065 
10.839999999988075, -0.34829058423060666 
10.849999999988052, -0.34636349837691705 
10.859999999988029, -0.3424888339294779 
10.869999999988005, -0.3349105017911727 
10.879999999987982, -0.3222958111925474 
10.889999999987959, -0.3057230724533628 
10.899999999987935, -0.2887161163242614 
10.909999999987912, -0.27445804062830464 
10.919999999987889, -0.26399222788405113 
10.929999999987865, -0.2568318772641486 
10.939999999987842, -0.2520680227365811 
10.949999999987819, -0.24891401738569688 
10.959999999987796, -0.24681816512742394 
10.969999999987772, -0.24542479681048687 
10.979999999987749, -0.2445138521244926 
10.989999999987726, -0.24395433692782315 
10.999999999987702, -0.2436747006726505 
11.009999999987679, -0.24364625825472164 
11.019999999987656, -0.2438760601860524 
11.029999999987632, -0.24440722591349404 
11.039999999987609, -0.24532623432452033 
11.049999999987586, -0.24677759154048404 
11.059999999987562, -0.2489858112541218 
11.06999999998754, -0.25227990241370374 
11.079999999987516, -0.2570993965353162 
11.089999999987493, -0.26392307230223955 
11.09999999998747, -0.27301634444954304 
11.109999999987446, -0.2839666491659679 
11.119999999987423, -0.2953729354831508 
11.1299999999874, -0.3053741603834363 
11.139999999987376, -0.31280577090212447 
11.149999999987353, -0.3176756546617939 
11.15999999998733, -0.3206433648928079 
11.169999999987306, -0.3224003491124456 
11.179999999987283, -0.3234322455227776 
11.18999999998726, -0.32402878810759217 
11.199999999987236, -0.32435169154214294 
11.209999999987213, -0.32448886855950543 
11.21999999998719, -0.3244870495292249 
11.229999999987166, -0.32437018628552133 
11.239999999987143, -0.32415077227393185 
11.24999999998712, -0.3238385721186119 
11.259999999987096, -0.3234487080962328 
11.269999999987073, -0.3230084017520364 
11.27999999998705, -0.32255942437194446 
11.289999999987026, -0.32215341775998807 
11.299999999987003, -0.3218406910311663 
11.30999999998698, -0.32165703680394575 
11.319999999986956, -0.3216136490306423 
11.329999999986933, -0.32169301799447253 
11.33999999998691, -0.32185212831535215 
11.349999999986887, -0.3220331991379913 
11.359999999986863, -0.3221789145310544 
11.36999999998684, -0.32224529612961683 
11.379999999986817, -0.32220627445247496 
11.389999999986793, -0.32204961315264385 
11.39999999998677, -0.32176818242089655 
11.409999999986747, -0.32135027683029543 
11.419999999986723, -0.320769701252388 
11.4299999999867, -0.3199734574633321 
11.439999999986677, -0.3188628488689865 
11.449999999986654, -0.3172631231525881 
11.45999999998663, -0.3148815195869219 
11.469999999986607, -0.3112771803877018 
11.479999999986584, -0.30592570409384456 
11.48999999998656, -0.29850801070322075 
11.499999999986537, -0.28937077109746195 
11.509999999986514, -0.2796566664807077 
11.51999999998649, -0.27071806531141396 
11.529999999986467, -0.26338322446871987 
11.539999999986444, -0.2577953781799665 
11.54999999998642, -0.2536985823752579 
11.559999999986397, -0.25073329376426556 
11.569999999986374, -0.24858232194597107 
11.57999999998635, -0.24700903377839684 
11.589999999986327, -0.2458513585911613 
11.599999999986304, -0.24500554793616652 
11.60999999998628, -0.24441202471968904 
11.619999999986257, -0.2440465253673511 
11.629999999986234, -0.24391708563545245 
11.63999999998621, -0.24406735109508979 
11.649999999986187, -0.24458768360387556 
11.659999999986164, -0.24563708902779108 
11.66999999998614, -0.24748047493057568 
11.679999999986117, -0.2505443477200421 
11.689999999986094, -0.2554791954332133 
11.69999999998607, -0.263158519228632 
11.709999999986048, -0.27439829800385346 
11.719999999986024, -0.2890530085327647 
11.729999999986001, -0.3047580388485652 
11.739999999985978, -0.31738916682368845 
11.749999999985954, -0.32437949086815077 
11.759999999985931, -0.32664544882615754 
11.769999999985908, -0.32657500111309457 
11.779999999985884, -0.3258581168567876 
11.789999999985861, -0.32519033345360016 
11.799999999985838, -0.3247319318620906 
11.809999999985815, -0.32445925210725896 
11.819999999985791, -0.32431356469411765 
11.829999999985768, -0.32424543430142794 
11.839999999985745, -0.32422185997352226 
11.849999999985721, -0.3242237715313499 
11.859999999985698, -0.32424281809470157 
11.869999999985675, -0.3242797575089692 
11.879999999985651, -0.3243446580559405 
11.889999999985628, -0.32445827909128705 
11.899999999985605, -0.3246533136366702 
11.909999999985581, -0.32497361256825064 
11.919999999985558, -0.3254694128472688 
11.929999999985535, -0.32618703267004023 
11.939999999985512, -0.3271524222135505 
11.949999999985488, -0.3283506361797259 
11.959999999985465, -0.329709830251115 
11.969999999985442, -0.33110524098274224 
11.979999999985418, -0.3323924420168351 
11.989999999985395, -0.33345493053234304 
11.999999999985372, -0.3342343082370112 
12.009999999985348, -0.33472708313363236 
12.019999999985325, -0.3349602695363879 
12.029999999985302, -0.33496588452909243 
12.039999999985278, -0.33476386715106365 
12.049999999985255, -0.3343523839361322 
12.059999999985232, -0.33370117754302336 
12.069999999985209, -0.3327452177199167 
12.079999999985185, -0.3313802594124897 
12.089999999985162, -0.32946943195671546 
12.099999999985139, -0.3268790223620378 
12.109999999985115, -0.32355796903157197 
12.119999999985092, -0.31963360235909744 
12.129999999985069, -0.31543394567802985 
12.139999999985045, -0.3113727606205775 
12.149999999985022, -0.30777599820641954 
12.159999999984999, -0.30479097907397673 
12.169999999984976, -0.3024110847102007 
12.179999999984952, -0.3005480458668751 
12.189999999984929, -0.29909171692328385 
12.199999999984906, -0.2979420840482545 
12.209999999984882, -0.2970211676050364 
12.219999999984859, -0.29627483903655955 
12.229999999984836, -0.29567103262776995 
12.239999999984812, -0.2951978843571118 
12.249999999984789, -0.2948638118414736 
12.259999999984766, -0.2947010306487838 
12.269999999984742, -0.2947741866976194 
12.27999999998472, -0.29519646956524215 
12.289999999984696, -0.2961561526852514 
12.299999999984673, -0.29795457782673856 
12.30999999998465, -0.3010439143471734 
12.319999999984626, -0.3060073820403089 
12.329999999984603, -0.31331411105920537 
12.33999999998458, -0.3225839878393583 
12.349999999984556, -0.33157129327955254 
12.359999999984533, -0.33661891209283723 
12.36999999998451, -0.3358401418019002 
12.379999999984486, -0.3310749420797824 
12.389999999984463, -0.32547484415620576 
12.39999999998444, -0.3208742499841599 
12.409999999984416, -0.31765831349296525 
12.419999999984393, -0.3155809477397872 
12.42999999998437, -0.31429251400242786 
12.439999999984346, -0.3135146096882192 
12.449999999984323, -0.3130600941082127 
12.4599999999843, -0.31281221500250556 
12.469999999984276, -0.3127017158656603 
12.479999999984253, -0.3126905548395569 
12.48999999998423, -0.31276217971192877 
12.499999999984206, -0.31291671792062864 
12.509999999984183, -0.313169538850243 
12.51999999998416, -0.3135517700275963 
12.529999999984136, -0.314111104781105 
12.539999999984113, -0.31491063231572747 
12.54999999998409, -0.31602248170157293 
12.559999999984067, -0.31751192532604583 
12.569999999984043, -0.3194078980992554 
12.57999999998402, -0.32166298741152904 
12.589999999983997, -0.32412447693429336 
12.599999999983973, -0.32655359587242894 
12.60999999998395, -0.32870546849151333 
12.619999999983927, -0.3304200041170432 
12.629999999983903, -0.3316556557111674 
12.63999999998388, -0.3324574187666898 
12.649999999983857, -0.3329032098824374 
12.659999999983834, -0.3330650457853459 
12.66999999998381, -0.33299141787565356 
12.679999999983787, -0.33270246059045305 
12.689999999983764, -0.3321898028752416 
12.69999999998374, -0.3314179471186456 
12.709999999983717, -0.33032911512483204 
12.719999999983694, -0.32885795897987213 
12.72999999998367, -0.32696332646194737 
12.739999999983647, -0.3246735077653739 
12.749999999983624, -0.32211738354138564 
12.7599999999836, -0.3195035007753254 
12.769999999983577, -0.3170467433960777 
12.779999999983554, -0.31489511284494065 
12.78999999998353, -0.3131043115575825 
12.799999999983507, -0.3116573241358345 
12.809999999983484, -0.31049873258638977 
12.81999999998346, -0.30956256144048283 
12.829999999983437, -0.30878863923458744 
12.839999999983414, -0.3081299573758003 
12.84999999998339, -0.30755457779481643 
12.859999999983367, -0.3070450007317903 
12.869999999983344, -0.30659722304711245 
12.87999999998332, -0.306221139015187 
12.889999999983297, -0.305943523592711 
12.899999999983274, -0.3058146328570219 
12.90999999998325, -0.30591901935464877 
12.919999999983228, -0.30638870245330707 
12.929999999983204, -0.30740692728466623 
12.939999999983181, -0.30916012976736706 
12.949999999983158, -0.3116280180531639 
12.959999999983134, -0.3140549747103226 
12.969999999983111, -0.31429899908575704 
12.979999999983088, -0.3094231040563875 
12.989999999983064, -0.29863083935212437 
12.999999999983041, -0.2849899677391169 
13.009999999983018, -0.2725139955244752 
13.019999999982995, -0.26309889068234343 
13.029999999982971, -0.2566754536572609 
13.039999999982948, -0.25248200193615383 
13.049999999982925, -0.24978253349080975 
13.059999999982901, -0.2480492809852116 
13.069999999982878, -0.24694271132575923 
13.079999999982855, -0.24625479918260923 
13.089999999982831, -0.24586286423433648 
13.099999999982808, -0.2456997910181678 
13.109999999982785, -0.2457370615121947 
13.119999999982761, -0.24597674550633836 
13.129999999982738, -0.24644998422542272 
13.139999999982715, -0.24722068365203853 
13.149999999982692, -0.24839361536240712 
13.159999999982668, -0.2501252873506231 
13.169999999982645, -0.25263209315740676 
13.179999999982622, -0.25617998276216625 
13.189999999982598, -0.2610213859135067 
13.199999999982575, -0.2672356132414381 
13.209999999982552, -0.27449409974408795 
13.219999999982528, -0.28196024562721983 
13.229999999982505, -0.28859930870132977 
13.239999999982482, -0.2937359682870225 
13.249999999982458, -0.29729508737009636 
13.259999999982435, -0.2995855609592276 
13.269999999982412, -0.30099243260333586 
13.279999999982389, -0.3018212763796556 
13.289999999982365, -0.30227350337077363 
13.299999999982342, -0.3024698313005712 
13.309999999982319, -0.3024778185898 
13.319999999982295, -0.30233204713793194 
13.329999999982272, -0.30204790654566144 
13.339999999982249, -0.30163244840448244 
13.349999999982225, -0.3010949389373012 
13.359999999982202, -0.30045721894284083 
13.369999999982179, -0.2997605279242739 
13.379999999982156, -0.29906377321859806 
13.389999999982132, -0.2984316818435758 
13.399999999982109, -0.29791809718588425 
13.409999999982086, -0.29755264564061273 
13.419999999982062, -0.29733529646087486 
13.429999999982039, -0.2972385644313672 
13.439999999982016, -0.2972157067745597 
13.449999999981992, -0.29721296043881457 
13.459999999981969, -0.2971820008741866 
13.469999999981946, -0.2970876680603296 
13.479999999981922, -0.2969084464122021 
13.4899999999819, -0.29663118175199676 
13.499999999981876, -0.29624314880514035 
13.509999999981853, -0.2957231641468713 
13.51999999998183, -0.29503083687392045 
13.529999999981806, -0.2940905611672109 
13.539999999981783, -0.2927647811950724 
13.54999999998176, -0.2908113682469771 
13.559999999981736, -0.2878322653790666 
13.569999999981713, -0.2832679774805222 
13.57999999998169, -0.2765787938402774 
13.589999999981666, -0.26772071770756783 
13.599999999981643, -0.25758242468287446 
13.60999999998162, -0.2476816678267276 
13.619999999981596, -0.23925101219912914 
13.629999999981573, -0.2327276976170595 
13.63999999998155, -0.22794433033733785 
13.649999999981526, -0.22451201324181289 
13.659999999981503, -0.222052650831297 
13.66999999998148, -0.22027486739451813 
13.679999999981456, -0.21897622010376078 
13.689999999981433, -0.21802483528219768 
13.69999999998141, -0.21734117083687438 
13.709999999981386, -0.21688547581597367 
13.719999999981363, -0.21665172099682847 
13.72999999998134, -0.21666811860830898 
13.739999999981316, -0.21700520533048456 
13.749999999981293, -0.21779400524266754 
13.75999999998127, -0.21925847334494525 
13.769999999981247, -0.22176602487001934 
13.779999999981223, -0.2258883921285876 
13.7899999999812, -0.23241381084458085 
13.799999999981177, -0.24210657750768125 
13.809999999981153, -0.25482812370266666 
13.81999999998113, -0.2681350981896749 
13.829999999981107, -0.27756238486797136 
13.839999999981083, -0.28045862301079816 
13.84999999998106, -0.27847351436402284 
13.859999999981037, -0.27485417218088887 
13.869999999981014, -0.27157624169988875 
13.87999999998099, -0.26919030413276634 
13.889999999980967, -0.26760972521167237 
13.899999999980944, -0.2666088315174891 
13.90999999998092, -0.26599347326697204 
13.919999999980897, -0.2656301126235933 
13.929999999980874, -0.26543555200197133 
13.93999999998085, -0.2653622229218188 
13.949999999980827, -0.2653875038725796 
13.959999999980804, -0.2655077940300067 
13.96999999998078, -0.26573642757253796 
13.979999999980757, -0.26610434801485017 
13.989999999980734, -0.2666623425281025 
13.99999999998071, -0.2674831347829725 
14.009999999980687, -0.2686604416967377 
14.019999999980664, -0.2702996879538633 
14.02999999998064, -0.27249168216935615 
14.039999999980617, -0.2752610801918477 
14.049999999980594, -0.2784989302733596 
14.05999999998057, -0.2819287028393074 
14.069999999980547, -0.28517257335990825 
14.079999999980524, -0.2879061258747545 
14.0899999999805, -0.2899795670483854 
14.099999999980477, -0.29141584685427513 
14.109999999980454, -0.29232820089103406 
14.11999999998043, -0.29284245891200306 
14.129999999980408, -0.2930583111216563 
14.139999999980384, -0.2930400260425442 
14.149999999980361, -0.2928197112516461 
14.159999999980338, -0.29240376050468897 
14.169999999980314, -0.2917804165712855 
14.179999999980291, -0.2909304384797632 
14.189999999980268, -0.28984362378179657 
14.199999999980244, -0.2885399316297359 
14.209999999980221, -0.287085205005314 
14.219999999980198, -0.2855863957967622 
14.229999999980175, -0.2841622305608083 
14.239999999980151, -0.28290640988071253 
14.249999999980128, -0.281866121862499 
14.259999999980105, -0.28104254417145214 
14.269999999980081, -0.2804043381115344 
14.279999999980058, -0.2799036423614224 
14.289999999980035, -0.27948948521589256 
14.299999999980011, -0.2791170210244093 
14.309999999979988, -0.2787520045326882 
14.319999999979965, -0.2783708184696795 
14.329999999979941, -0.27795744620977814 
14.339999999979918, -0.2774989816341157 
14.349999999979895, -0.2769803001832464 
14.359999999979872, -0.2763767598239063 
14.369999999979848, -0.2756411203103038 
14.379999999979825, -0.27467603756588665 
14.389999999979802, -0.2732751400396919 
14.399999999979778, -0.2710091150907282 
14.409999999979755, -0.26706638525709436 
14.419999999979732, -0.260235826955767 
14.429999999979708, -0.24952303354096322 
14.439999999979685, -0.23548485534939506 
14.449999999979662, -0.22063991982017117 
14.459999999979638, -0.20770506690843488 
14.469999999979615, -0.19787711044323755 
14.479999999979592, -0.19095717524670136 
14.489999999979569, -0.18623079192023284 
14.499999999979545, -0.1830124735634781 
14.509999999979522, -0.18079955672465062 
14.519999999979499, -0.17926033285954657 
14.529999999979475, -0.17818715080314246 
14.539999999979452, -0.17745649141857214 
14.549999999979429, -0.17700301939549254 
14.559999999979405, -0.17680581815915514 
14.569999999979382, -0.1768846305218332 
14.579999999979359, -0.17730568271863495 
14.589999999979335, -0.1781990044530812 
14.599999999979312, -0.17979165897450086 
14.609999999979289, -0.18246226117128053 
14.619999999979266, -0.18681334688858103 
14.629999999979242, -0.1937109322864094 
14.639999999979219, -0.20409141658632207 
14.649999999979196, -0.21810253663607476 
14.659999999979172, -0.2335324979328552 
14.669999999979149, -0.24571416007172156 
14.679999999979126, -0.2513482061901561 
14.689999999979102, -0.2515468468243663 
14.69999999997908, -0.2494309529994025 
14.709999999979056, -0.2471031936821347 
14.719999999979033, -0.2452919821943536 
14.72999999997901, -0.24405244614563193 
14.739999999978986, -0.24325255224842185 
14.749999999978963, -0.24275541682269494 
14.75999999997894, -0.24246167353460696 
14.769999999978916, -0.24230868985203066 
14.779999999978893, -0.24226180889576532 
14.78999999997887, -0.24230730513945947 
14.799999999978846, -0.2424487611230431 
14.809999999978823, -0.2427065592397085 
14.8199999999788, -0.24311973953595656 
14.829999999978776, -0.24374916995185059 
14.839999999978753, -0.24468028668223477 
14.84999999997873, -0.2460220365597264 
14.859999999978706, -0.24789524869306123 
14.869999999978683, -0.2503990639413993 
14.87999999997866, -0.2535458428405586 
14.889999999978636, -0.2571811243946946 
14.899999999978613, -0.26095767353392196 
14.90999999997859, -0.26443968788685585 
14.919999999978566, -0.2672932477770388 
14.929999999978543, -0.2694019104827477 
14.93999999997852, -0.2708316087300782 
14.949999999978496, -0.2717255710421658 
14.959999999978473, -0.2722241594507141 
14.96999999997845, -0.2724322494918665 
14.979999999978427, -0.27241574630856596 
14.989999999978403, -0.2722084224741924 
14.99999999997838, -0.2718205799657399 
15.009999999978357, -0.2712482983861938 
15.019999999978333, -0.2704850806826594 
15.02999999997831, -0.26953712943586783 
15.039999999978287, -0.26843900300755014 
15.049999999978263, -0.26726036238151657 
15.05999999997824, -0.26609487562437917 
15.069999999978217, -0.26503419386205357 
15.079999999978194, -0.2641424724801634 
15.08999999997817, -0.2634447854609307 
15.099999999978147, -0.2629300672681409 
15.109999999978124, -0.2625616477842544 
15.1199999999781, -0.2622897295842078 
15.129999999978077, -0.26206310929683996 
15.139999999978054, -0.2618380137447947 
15.14999999997803, -0.26158207460756777 
15.159999999978007, -0.26127311414356824 
15.169999999977984, -0.26089427017910755 
15.17999999997796, -0.2604271884716403 
15.189999999977937, -0.2598435192698099 
15.199999999977914, -0.25909264261545256 
15.20999999997789, -0.25808071112249537 
15.219999999977867, -0.2566329744575165 
15.229999999977844, -0.2544320580145642 
15.23999999997782, -0.25094782688385053 
15.249999999977797, -0.24545921666063522 
15.259999999977774, -0.23739173254357765 
15.26999999997775, -0.2270167922095346 
15.279999999977727, -0.21578684753196337 
15.289999999977704, -0.20552572253507648 
15.29999999997768, -0.19730722730912148 
15.309999999977657, -0.19124268313204118 
15.319999999977634, -0.1869387397915217 
15.32999999997761, -0.18391396482694528 
15.339999999977588, -0.18177357109043493 
15.349999999977564, -0.180238168490732 
15.359999999977541, -0.17912369864531347 
15.369999999977518, -0.17831546017148875 
15.379999999977494, -0.17774851203574474 
15.389999999977471, -0.17739611992896206 
15.399999999977448, -0.17726570197570185 
15.409999999977424, -0.17740227521136775 
15.419999999977401, -0.1779008229332302 
15.429999999977378, -0.1789305654990037 
15.439999999977355, -0.1807740266685185 
15.449999999977331, -0.18387456212868777 
15.459999999977308, -0.18884254933144867 
15.469999999977285, -0.19623723255312203 
15.479999999977261, -0.20573524900176343 
15.489999999977238, -0.21468715912308123 
15.499999999977215, -0.21834894099909602 
15.509999999977191, -0.21436490147416226 
15.519999999977168, -0.20575691639235671 
15.529999999977145, -0.1969937048014359 
15.539999999977121, -0.1902243083440661 
15.549999999977098, -0.1855901335733773 
15.559999999977075, -0.1825635594543143 
15.569999999977052, -0.18061368049732826 
15.579999999977028, -0.17936277272354484 
15.589999999977005, -0.17857205614114063 
15.599999999976982, -0.1780997217960903 
15.609999999976958, -0.17786800803527003 
15.619999999976935, -0.17784328294424695 
15.629999999976912, -0.1780265131907312 
15.639999999976888, -0.17845172883579613 
15.649999999976865, -0.17919148239427002 
15.659999999976842, -0.1803694446812951 
15.669999999976818, -0.18218034232808966 
15.679999999976795, -0.1849140564525353 
15.689999999976772, -0.18896737536950867 
15.699999999976749, -0.1947926438375394 
15.709999999976725, -0.20268417739761638 
15.719999999976702, -0.21234899173562413 
15.729999999976679, -0.2225658336737273 
15.739999999976655, -0.23160707709650338 
15.749999999976632, -0.238331888423798 
15.759999999976609, -0.24270321577825538 
15.769999999976585, -0.24532477408563155 
15.779999999976562, -0.24684331403351117 
15.789999999976539, -0.24771277027998898 
15.799999999976515, -0.2482015742791576 
15.809999999976492, -0.2484579145315756 
15.819999999976469, -0.24856209189287953 
15.829999999976446, -0.2485580806235884 
15.839999999976422, -0.24847147909891848 
15.849999999976399, -0.2483205991895173 
15.859999999976376, -0.24812458297918916 
15.869999999976352, -0.24790982585890098 
15.879999999976329, -0.24771388792060897 
15.889999999976306, -0.24758509957611446 
15.899999999976282, -0.24757693396510616 
15.90999999997626, -0.24773814305955705 
15.919999999976236, -0.2481005598747164 
15.929999999976213, -0.2486662496048031 
15.93999999997619, -0.24939728697276223 
15.949999999976166, -0.25021549421966016 
15.959999999976143, -0.2510192124407128 
15.96999999997612, -0.2517129608622882 
15.979999999976096, -0.25223277104297964 
15.989999999976073, -0.25255258155862254 
15.99999999997605, -0.25267301338393533 
16.009999999976028, -0.2526039083663071 
16.019999999976005, -0.2523493639950477 
16.02999999997598, -0.25189720595014514 
16.039999999975958, -0.2512112886918988 
16.049999999975935, -0.2502257314691151 
16.05999999997591, -0.24884439928418392 
16.069999999975888, -0.24695596317520674 
16.079999999975865, -0.24447936272285245 
16.08999999997584, -0.24143947747750785 
16.099999999975818, -0.23802643236003324 
16.109999999975795, -0.23456274923850837 
16.11999999997577, -0.23137346273426748 
16.129999999975748, -0.2286630250385598 
16.139999999975725, -0.22648613873080228 
16.1499999999757, -0.22479374045403974 
16.15999999997568, -0.22349223816781288 
16.169999999975655, -0.22248306343801896 
16.17999999997563, -0.22168118672294276 
16.18999999997561, -0.22102093112040158 
16.199999999975585, -0.2204557064494334 
16.20999999997556, -0.219955285241267 
16.21999999997554, -0.21950255476758765 
16.229999999975515, -0.21909076656179552 
16.239999999975492, -0.21872147917673881 
16.24999999997547, -0.21840213378689097 
16.259999999975445, -0.2181393638347374 
16.269999999975422, -0.2179166770419112 
16.2799999999754, -0.21762695264553722 
16.289999999975375, -0.21689832060050263 
16.299999999975352, -0.21475618117579304 
16.30999999997533, -0.20934403374379396 
16.319999999975305, -0.19869260743435815 
16.329999999975282, -0.18313557309934297 
16.33999999997526, -0.1662839955542275 
16.349999999975235, -0.1519574451651214 
16.359999999975212, -0.14153035089995866 
16.36999999997519, -0.13450161181967507 
16.379999999975166, -0.12987705715364734 
16.389999999975142, -0.1268228026655574 
16.39999999997512, -0.12477600062733826 
16.409999999975096, -0.12338677237738431 
16.419999999975072, -0.12244652251437402 
16.42999999997505, -0.12183752255176632 
16.439999999975026, -0.12150354738137056 
16.449999999975002, -0.12143617976211704 
16.45999999997498, -0.12167343186273741 
16.469999999974956, -0.12231051942834185 
16.479999999974932, -0.1235259209391629 
16.48999999997491, -0.12562841223612914 
16.499999999974886, -0.1291271126119789 
16.509999999974863, -0.13479354578373798 
16.51999999997484, -0.1435549280184998 
16.529999999974816, -0.1557656415655858 
16.539999999974793, -0.16946886065941003 
16.54999999997477, -0.17955900274051034 
16.559999999974746, -0.1818646065599727 
16.569999999974723, -0.17787814162764987 
16.5799999999747, -0.17196430125316578 
16.589999999974676, -0.16684220572175343 
16.599999999974653, -0.16316261778922514 
16.60999999997463, -0.16070512403600157 
16.619999999974606, -0.15910595275659445 
16.629999999974583, -0.15807773493258373 
16.63999999997456, -0.15743187605911996 
16.649999999974536, -0.15705553511894366 
16.659999999974513, -0.1568884898120785 
16.66999999997449, -0.15690849003061483 
16.679999999974466, -0.1571247960669123 
16.689999999974443, -0.15757868177133957 
16.69999999997442, -0.15835052974177594 
16.709999999974396, -0.15957399716214452 
16.719999999974373, -0.1614574232506895 
16.72999999997435, -0.16430816491311523 
16.739999999974327, -0.1685390996275445 
16.749999999974303, -0.1745967529528165 
16.75999999997428, -0.1827044568615132 
16.769999999974257, -0.1924041488207287 
16.779999999974233, -0.2023096341181307 
16.78999999997421, -0.21072790619956233 
16.799999999974187, -0.21675445402063 
16.809999999974163, -0.22055579861471947 
16.81999999997414, -0.22278818588072946 
16.829999999974117, -0.22406207256598615 
16.839999999974093, -0.22478124196294375 
16.84999999997407, -0.22517742767369367 
16.859999999974047, -0.22537676602941792 
16.869999999974024, -0.2254475423831986 
16.879999999974, -0.2254280097065844 
16.889999999973977, -0.22534224098206185 
16.899999999973954, -0.22521017302102617 
16.90999999997393, -0.22505502290776508 
16.919999999973907, -0.22490880239706415 
16.929999999973884, -0.22481495105190413 
16.93999999997386, -0.22482668975462788 
16.949999999973837, -0.22500068220987077 
16.959999999973814, -0.2253866748184398 
16.96999999997379, -0.22601368403570005 
16.979999999973767, -0.22687374753512118 
16.989999999973744, -0.2279088272552662 
16.99999999997372, -0.22901303749991048 
17.009999999973697, -0.2300590773025058 
17.019999999973674, -0.23093844383090584 
17.02999999997365, -0.23158944882482482 
17.039999999973627, -0.2319977613754761 
17.049999999973604, -0.23217751766048672 
17.05999999997358, -0.23214956521691432 
17.069999999973557, -0.23192598270086434 
17.079999999973534, -0.2315013387894304 
17.08999999997351, -0.23084836058418728 
17.099999999973488, -0.2299175877267677 
17.109999999973464, -0.2286447569321457 
17.11999999997344, -0.2269733012598027 
17.129999999973418, -0.22489562065159469 
17.139999999973394, -0.22249720211675741 
17.14999999997337, -0.21996353208099148 
17.159999999973348, -0.21752352807538297 
17.169999999973324, -0.21536347826719332 
17.1799999999733, -0.21357575401088208 
17.189999999973278, -0.21216392974963486 
17.199999999973254, -0.2110770596191275 
17.20999999997323, -0.2102426564597457 
17.219999999973208, -0.20958757609259418 
17.229999999973185, -0.20904853829351316 
17.23999999997316, -0.20857605927250353 
17.249999999973138, -0.20813420744135178 
17.259999999973115, -0.20769772001945142 
17.26999999997309, -0.20724763897991177 
17.279999999973068, -0.20676588650367794 
17.289999999973045, -0.20622772720677923 
17.29999999997302, -0.20558846379820445 
17.309999999972998, -0.2047558621405891 
17.319999999972975, -0.2035315522603645 
17.32999999997295, -0.20149875514853016 
17.339999999972928, -0.19786932439814683 
17.349999999972905, -0.19148518038466783 
17.35999999997288, -0.1814595064320245 
17.36999999997286, -0.1684656886803896 
17.379999999972835, -0.1549779893546249 
17.38999999997281, -0.143458893792014 
17.39999999997279, -0.13485231059973993 
17.409999999972765, -0.12886140694788656 
17.41999999997274, -0.1247935708450317 
17.42999999997272, -0.12202510773089317 
17.439999999972695, -0.12011190058451904 
17.449999999972672, -0.11876567601260819 
17.45999999997265, -0.11780789516447623 
17.469999999972625, -0.11713347915335495 
17.479999999972602, -0.11668813057827913 
17.48999999997258, -0.11645684661480582 
17.499999999972555, -0.11646156591979098 
17.509999999972532, -0.11676757082107689 
17.51999999997251, -0.11749972114027685 
17.529999999972485, -0.11886881736149772 
17.539999999972462, -0.1211977685797588 
17.54999999997244, -0.1248915802773392 
17.559999999972415, -0.13016023934563828 
17.569999999972392, -0.13611675221481204 
17.57999999997237, -0.1394298453590441 
17.589999999972346, -0.13537093662098187 
17.599999999972322, -0.1233941804338577 
17.6099999999723, -0.1088228780485396 
17.619999999972276, -0.09662041360748382 
17.629999999972252, -0.08809663309294255 
17.63999999997223, -0.08255798075573131 
17.649999999972206, -0.0790154580348863 
17.659999999972182, -0.07673145708686471 
17.66999999997216, -0.07524239423811843 
17.679999999972136, -0.07427552293506977 
17.689999999972112, -0.07367850121164157 
17.69999999997209, -0.07337653203880423 
17.709999999972066, -0.07335107769817764 
17.719999999972043, -0.0736345024398167 
17.72999999997202, -0.07431902140185088 
17.739999999971996, -0.07558273678696892 
17.749999999971973, -0.07773966930272838 
17.75999999997195, -0.08132030296582379 
17.769999999971926, -0.08716281998513159 
17.779999999971903, -0.09637119529493128 
17.78999999997188, -0.10966706567435372 
17.799999999971856, -0.1255532724266339 
17.809999999971833, -0.13894575759261593 
17.81999999997181, -0.14490591047406548 
17.829999999971786, -0.14403263803911745 
17.839999999971763, -0.14033776001532206 
17.84999999997174, -0.1366420362619216 
17.859999999971716, -0.13383683431231264 
17.869999999971693, -0.13190922562120916 
17.87999999997167, -0.1306339590094038 
17.889999999971646, -0.12980773647524177 
17.899999999971623, -0.12929176510380702 
17.9099999999716, -0.1290032819813002 
17.919999999971576, -0.1289014380282123 
17.929999999971553, -0.12897820173689356 
17.93999999997153, -0.12925568427820056 
17.949999999971507, -0.1297898594203017 
17.959999999971483, -0.13068121880451627 
17.96999999997146, -0.13209358277390823 
17.979999999971437, -0.13428130260096355 
17.989999999971413, -0.1376175293471478 
17.99999999997139, -0.14259007786816588 
18.009999999971367, -0.14967338738973496 
18.019999999971343, -0.15894404152205543 
18.02999999997132, -0.16952959613075588 
18.039999999971297, -0.17959830630627843 
18.049999999971273, -0.18745573069803606 
18.05999999997125, -0.1926278606823223 
18.069999999971227, -0.19566672746632702 
18.079999999971204, -0.1973562076735229 
18.08999999997118, -0.19828088324948898 
18.099999999971157, -0.1987848929070158 
18.109999999971134, -0.19905229874985592 
18.11999999997111, -0.1991793454584565 
18.129999999971087, -0.19921780176191034 
18.139999999971064, -0.19919832100430385 
18.14999999997104, -0.1991434768873446 
18.159999999971017, -0.1990761498507522 
18.169999999970994, -0.1990257226484624 
18.17999999997097, -0.19903239447033177 
18.189999999970947, -0.19914874500245053 
18.199999999970924, -0.19943752692255884 
18.2099999999709, -0.19996492205696442 
18.219999999970877, -0.2007879541956558 
18.229999999970854, -0.20193401398683708 
18.23999999997083, -0.20337408417946432 
18.249999999970807, -0.20500329419977978 
18.259999999970784, -0.2066531158106432 
18.26999999997076, -0.20814424774538462 
18.279999999970737, -0.2093493095498796 
18.289999999970714, -0.21022053481214537 
18.29999999997069, -0.2107731130306373 
18.309999999970668, -0.21105026403454935 
18.319999999970644, -0.21109502603574568 
18.32999999997062, -0.2109356507041047 
18.339999999970598, -0.2105809031245128 
18.349999999970574, -0.2100209669901379 
18.35999999997055, -0.2092329994473725 
18.369999999970528, -0.2081934235261008 
18.379999999970504, -0.20689872194021514 
18.38999999997048, -0.20538962841958447 
18.399999999970458, -0.20376256514878266 
18.409999999970434, -0.20215170209278627 
18.41999999997041, -0.2006866257923782 
18.429999999970388, -0.1994536716141356 
18.439999999970365, -0.19848293395136732 
18.44999999997034, -0.19775811928320372 
18.459999999970318, -0.19723424438641976 
18.469999999970295, -0.19685343710148548 
18.47999999997027, -0.1965568328840447 
18.489999999970248, -0.19629281193069012 
18.499999999970225, -0.19602105169911446 
18.5099999999702, -0.1957119649202901 
18.519999999970178, -0.195342295640284 
18.529999999970155, -0.19488814686676098 
18.53999999997013, -0.19431570701745865 
18.549999999970108, -0.19356794249275303 
18.559999999970085, -0.19254327034614183 
18.56999999997006, -0.191061218804692 
18.57999999997004, -0.18881659320253602 
18.589999999970015, -0.18535528726841444 
18.59999999996999, -0.18017697948788683 
18.60999999996997, -0.17309369115031586 
18.619999999969945, -0.16467801419809738 
18.62999999996992, -0.15618488961023533 
18.6399999999699, -0.1487963937676129 
18.649999999969875, -0.14303010967003824 
18.659999999969852, -0.13880681590848576 
18.66999999996983, -0.13579560339914584 
18.679999999969805, -0.1336527118240281 
18.689999999969782, -0.13210717976474654 
18.69999999996976, -0.13096813334995822 
18.709999999969735, -0.13010870931831692 
18.719999999969712, -0.1294486522437826 
18.72999999996969, -0.12894135516819752 
18.739999999969665, -0.1285658241870689 
18.749999999969642, -0.12832292969762152 
18.75999999996962, -0.1282351217994911 
18.769999999969595, -0.1283478604065615 
18.779999999969572, -0.12872677023659676 
18.78999999996955, -0.1294301417822671 
18.799999999969526, -0.13039688122723697 
18.809999999969502, -0.13111928707465995 
18.81999999996948, -0.13001646409013742 
18.829999999969456, -0.12419946484392594 
18.839999999969432, -0.11163620085343443 
18.84999999996941, -0.09471551212751256 
18.859999999969386, -0.07867447225187238 
18.869999999969362, -0.06657934588488269 
18.87999999996934, -0.05846876124430891 
18.889999999969316, -0.05324800932772321 
18.899999999969292, -0.04988567702564326 
18.90999999996927, -0.04768074140763455 
18.919999999969246, -0.046205241325607306 
18.929999999969223, -0.045208871552150934 
18.9399999999692, -0.04455111144591607 
18.949999999969176, -0.044161932378998334 
18.959999999969153, -0.04402264356611833 
18.96999999996913, -0.044161111610240375 
18.979999999969106, -0.044659411311323255 
18.989999999969083, -0.04567458768338636 
18.99999999996906, -0.04747148758188365 
19.009999999969036, -0.0504470993134485 
19.019999999969013, -0.05504389706507419 
19.02999999996899, -0.06122701565070391 
19.039999999968966, -0.06706426390256078 
19.049999999968943, -0.06760596933807868 
19.05999999996892, -0.05878831794714521 
19.069999999968896, -0.04384195591691919 
19.079999999968873, -0.0295705160668788 
19.08999999996885, -0.01917943405965875 
19.099999999968826, -0.012428697594742981 
19.109999999968803, -0.008174116935916532 
19.11999999996878, -0.005472911725783982 
19.129999999968756, -0.003726239166696719 
19.139999999968733, -0.0025846254089238576 
19.14999999996871, -0.0018530510911099931 
19.159999999968687, -0.0014317565350724453 
19.169999999968663, -0.0012857795420360366 
19.17999999996864, -0.001434437719313506 
19.189999999968617, -0.0019568990018237753 
19.199999999968593, -0.0030146790012596193 
19.20999999996857, -0.0048938081525456995 
19.219999999968547, -0.008058075051420598 
19.229999999968523, -0.01313752180617155 
19.2399999999685, -0.020542246090715807 
19.249999999968477, -0.02903134460022333 
19.259999999968453, -0.03371671597930287 
19.26999999996843, -0.028788353394496324 
19.279999999968407, -0.015761284469363566 
19.289999999968384, -0.0018995671115245934 
19.29999999996836, 0.008180075626331322 
19.309999999968337, 0.014577952540324532 
19.319999999968314, 0.01843568801267134 
19.32999999996829, 0.02070945272843646 
19.339999999968267, 0.022014483478196303 
19.349999999968244, 0.02270912247212801 
19.35999999996822, 0.022992050535870886 
19.369999999968197, 0.02296389918350116 
19.379999999968174, 0.022658871557250347 
19.38999999996815, 0.02205549204571646 
19.399999999968127, 0.021070639589670943 
19.409999999968104, 0.019536368294807496 
19.41999999996808, 0.01715834306399743 
19.429999999968057, 0.013472024113943734 
19.439999999968034, 0.007901482826807586 
19.44999999996801, 0.0003047757719858412 
19.459999999967987, -0.006916390371154361 
19.469999999967964, -0.008507146389061047 
19.47999999996794, 0.00017113092053634918 
19.489999999967917, 0.014739616953631898 
19.499999999967894, 0.028189239843393627 
19.50999999996787, 0.03753652932138126 
19.519999999967848, 0.04330901816028303 
19.529999999967824, 0.04673147608053281 
19.5399999999678, 0.04872751311347155 
19.549999999967778, 0.04985872921990944 
19.559999999967754, 0.05044397904303162 
19.56999999996773, 0.050656893489967825 
19.579999999967708, 0.05058252451490338 
19.589999999967684, 0.05024497529019188 
19.59999999996766, 0.04961586427462371 
19.609999999967638, 0.04860833490918559 
19.619999999967614, 0.047059544525490306 
19.62999999996759, 0.04471405193692969 
19.639999999967568, 0.04126971915589288 
19.649999999967545, 0.0367077573024262 
19.65999999996752, 0.03236854970071276 
19.669999999967498, 0.03241345437958784 
19.679999999967475, 0.04151575484905166 
19.68999999996745, 0.05755113731516406 
19.699999999967428, 0.07305649679800774 
19.709999999967405, 0.08404480648241405 
19.71999999996738, 0.09081409495930906 
19.729999999967358, 0.09478763670845947 
19.739999999967335, 0.09709078141539798 
19.74999999996731, 0.09840938594995192 
19.759999999967288, 0.09913217859288358 
19.769999999967265, 0.0994752906771912 
19.77999999996724, 0.09955633694788882 
19.78999999996722, 0.0994341795338946 
19.799999999967195, 0.09912978555623222 
19.80999999996717, 0.09863900058762082 
19.81999999996715, 0.09794916044711721 
19.829999999967125, 0.0970847519410983 
19.8399999999671, 0.09624398116668124 
19.84999999996708, 0.0961338040667922 
19.859999999967055, 0.0984447999093106 
19.869999999967032, 0.10545816128295549 
19.87999999996701, 0.11734952367475766 
19.889999999966985, 0.130482506062417 
19.899999999966962, 0.14104090772306105 
19.90999999996694, 0.14805553558032772 
19.919999999966915, 0.15231070610819508 
19.929999999966892, 0.15479875068642182 
19.93999999996687, 0.15622536292290418 
19.949999999966845, 0.15702143050216866 
19.959999999966822, 0.15744157002792641 
19.9699999999668, 0.15763903499168264 
19.979999999966775, 0.15771111685344957 
19.989999999966752, 0.15772669349639584 
19.99999999996673, 0.1577460348193356 
20.009999999966706, 0.15784030271320187 
20.019999999966682, 0.15811677449723843 
20.02999999996666, 0.15875239054795393 
20.039999999966636, 0.16002225042905133 
20.049999999966612, 0.16226610032950195 
20.05999999996659, 0.16569585195920264 
20.069999999966566, 0.17007892140209047 
20.079999999966542, 0.1746720902652806 
20.08999999996652, 0.17866195965510354 
20.099999999966496, 0.1816352660813263 
20.109999999966472, 0.18360373023704293 
20.11999999996645, 0.18477328223906234 
20.129999999966426, 0.18536731677560456 
20.139999999966403, 0.18556505385529265 
20.14999999996638, 0.18550033866888532 
20.159999999966356, 0.1852754681885645 
20.169999999966333, 0.18497184660108898 
20.17999999996631, 0.18465482084467066 
20.189999999966286, 0.18437592439774014 
20.199999999966263, 0.18417582492096285 
20.20999999996624, 0.18408868183501406 
20.219999999966216, 0.18414610296422823 
20.229999999966193, 0.1843775168159793 
20.23999999996617, 0.1848035692043129 
20.249999999966146, 0.18542126933744332 
20.259999999966123, 0.1861862782412842 
20.2699999999661, 0.1870064899227508 
20.279999999966076, 0.18775959142231013 
20.289999999966053, 0.1883278187793512 
20.29999999996603, 0.18862515714394426 
20.309999999966006, 0.18860073559853938 
20.319999999965983, 0.18822587562582066 
20.32999999996596, 0.1874837562014931 
20.339999999965936, 0.18637559884993077 
20.349999999965913, 0.18494415934918867 
20.35999999996589, 0.18329693603720965 
20.369999999965867, 0.18159841906703927 
20.379999999965843, 0.18001937095151122 
20.38999999996582, 0.17867662309078908 
20.399999999965797, 0.1776093521442694 
20.409999999965773, 0.1767975575589505 
20.41999999996575, 0.17619438102474108 
20.429999999965727, 0.17574886662042424 
20.439999999965703, 0.17541441477921335 
20.44999999996568, 0.17514767912932536 
20.459999999965657, 0.1749032553494872 
20.469999999965633, 0.17462744816073517 
20.47999999996561, 0.1742522522583006 
20.489999999965587, 0.1736884511415247 
20.499999999965564, 0.17281474311306472 
20.50999999996554, 0.17146008033369414 
20.519999999965517, 0.16938339872349564 
20.529999999965494, 0.16627734673863478 
20.53999999996547, 0.1618670543899354 
20.549999999965447, 0.1561885703074083 
20.559999999965424, 0.1499190596565071 
20.5699999999654, 0.14422885647558747 
20.579999999965377, 0.13999394910764534 
20.589999999965354, 0.13729273637660652 
20.59999999996533, 0.13570027089381018 
20.609999999965307, 0.13475283313769776 
20.619999999965284, 0.13413322912194017 
20.62999999996526, 0.13365980327162583 
20.639999999965237, 0.13323115688685233 
20.649999999965214, 0.13278257033586152 
20.65999999996519, 0.13225813647086848 
20.669999999965167, 0.13159081788618884 
20.679999999965144, 0.13068241694855987 
20.68999999996512, 0.12937540577282233 
20.699999999965097, 0.12740647902715613 
20.709999999965074, 0.12433080178691129 
20.71999999996505, 0.11942508626421633 
20.729999999965028, 0.11168490404966278 
20.739999999965004, 0.10033745995974816 
20.74999999996498, 0.08638760821191985 
20.759999999964958, 0.07367631133961597 
20.769999999964934, 0.06587486610220525 
20.77999999996491, 0.06286930999419046 
20.789999999964888, 0.062391014323199157 
20.799999999964864, 0.06271497991349549 
20.80999999996484, 0.06310061295152136 
20.819999999964818, 0.06333141943479212 
20.829999999964794, 0.06337568188806984 
20.83999999996477, 0.06324491241651628 
20.849999999964748, 0.0629460580608981 
20.859999999964725, 0.062465068556778636 
20.8699999999647, 0.061756413016943235 
20.879999999964678, 0.06072758429182755 
20.889999999964655, 0.05921034490890078 
20.89999999996463, 0.0569077947249496 
20.909999999964608, 0.05330370016278173 
20.919999999964585, 0.04753868671243726 
20.92999999996456, 0.038378703644951745 
20.939999999964538, 0.024795669734058477 
20.949999999964515, 0.007977089283936485 
20.95999999996449, -0.006708998411162724 
20.969999999964468, -0.0141666946158296 
20.979999999964445, -0.015142538801423142 
20.98999999996442, -0.013275613134175778 
20.9999999999644, -0.011018751716281616 
21.009999999964375, -0.009192863087958383 
21.01999999996435, -0.007885345956888116 
21.02999999996433, -0.006994792657342838 
21.039999999964305, -0.006414645266298135 
21.04999999996428, -0.006074119462635353 
21.05999999996426, -0.005940611366056677 
21.069999999964235, -0.0060174022052165675 
21.079999999964212, -0.006346390383016947 
21.08999999996419, -0.007019979884710495 
21.099999999964165, -0.00820700726722064 
21.109999999964142, -0.010200580464294241 
21.11999999996412, -0.013496350832056862 
21.129999999964095, -0.018889520650670767 
21.139999999964072, -0.02747449465465159 
21.14999999996405, -0.04013936309184156 
21.159999999964025, -0.05600029706676217 
21.169999999964002, -0.0710148033979699 
21.17999999996398, -0.08063671008686887 
21.189999999963955, -0.0843116833927542 
21.199999999963932, -0.08456935602858942 
21.20999999996391, -0.08367235678987109 
21.219999999963886, -0.08266320257112836 
21.229999999963862, -0.08184874300717229 
21.23999999996384, -0.08126228040401927 
21.249999999963816, -0.0808687770225303 
21.259999999963792, -0.08063205450868716 
21.26999999996377, -0.08053217125521585 
21.279999999963746, -0.08056913130448888 
21.289999999963722, -0.08076525381412993 
21.2999999999637, -0.08117045815392862 
21.309999999963676, -0.08187268198035949 
21.319999999963652, -0.08301558247378192 
21.32999999996363, -0.08482532507038186 
21.339999999963606, -0.08764348840789969 
21.349999999963583, -0.09194291370104077 
21.35999999996356, -0.09824893340746535 
21.369999999963536, -0.10681711837609201 
21.379999999963513, -0.11704049227147355 
21.38999999996349, -0.1271873029203392 
21.399999999963466, -0.13533843275745 
21.409999999963443, -0.14073507085268738 
21.41999999996342, -0.14384377698619422 
21.429999999963396, -0.14550192693162506 
21.439999999963373, -0.14635984829425813 
21.44999999996335, -0.1467988660781439 
21.459999999963326, -0.1470181247250545 
21.469999999963303, -0.1471187636808561 
21.47999999996328, -0.14715433306648504 
21.489999999963256, -0.1471573296397401 
21.499999999963233, -0.14715345530268115 
21.50999999996321, -0.1471704197221747 
21.519999999963186, -0.1472444169159234 
21.529999999963163, -0.14742521201628594 
21.53999999996314, -0.14777960324722655 
21.549999999963116, -0.14839235889297597 
21.559999999963093, -0.14936245812791127 
21.56999999996307, -0.15078923631599656 
21.579999999963047, -0.15273935781089065 
21.589999999963023, -0.1551908198038627 
21.599999999963, -0.1579783233378802 
21.609999999962977, -0.16080125410604762 
21.619999999962953, -0.1633314459615977 
21.62999999996293, -0.16535152151235735 
21.639999999962907, -0.16680899014409095 
21.649999999962883, -0.16776891206501823 
21.65999999996286, -0.1683374787869729 
21.669999999962837, -0.168611899155502 
21.679999999962813, -0.16866244244589723 
21.68999999996279, -0.16853247430945845 
21.699999999962767, -0.16824518144114514 
21.709999999962744, -0.1678125300395285 
21.71999999996272, -0.16724576790101012 
21.729999999962697, -0.16656686529702333 
21.739999999962674, -0.1658176905185771 
21.74999999996265, -0.16506134023462465 
21.759999999962627, -0.16437236507805425 
21.769999999962604, -0.16381992806941012 
21.77999999996258, -0.16345272521907933 
21.789999999962557, -0.1632909883548978 
21.799999999962534, -0.16332437136329309 
21.80999999996251, -0.16351328475842947 
21.819999999962487, -0.16379481679691718 
21.829999999962464, -0.16409545347394855 
21.83999999996244, -0.16434775674233096 
21.849999999962417, -0.1645028645984902 
21.859999999962394, -0.16453271915243345 
21.86999999996237, -0.16442308308501222 
21.879999999962347, -0.16416259508146896 
21.889999999962324, -0.16373194495417176 
21.8999999999623, -0.16309442555992754 
21.909999999962277, -0.16218824195092857 
21.919999999962254, -0.16092354146999754 
21.92999999996223, -0.1591933385250009 
21.939999999962208, -0.15691307540407368 
21.949999999962184, -0.1540926526891119 
21.95999999996216, -0.1509011804140386 
21.969999999962138, -0.14764696526330276 
21.979999999962114, -0.14465382126493886 
21.98999999996209, -0.14213169856043215 
21.999999999962068, -0.14013956643583184 
22.009999999962044, -0.13862937610620693 
22.01999999996202, -0.13750632838528143 
22.029999999961998, -0.13666886914318835 
22.039999999961974, -0.13602693431588256 
22.04999999996195, -0.1355077813787133 
22.059999999961928, -0.13505609566911844 
22.069999999961905, -0.13463114847228874 
22.07999999996188, -0.1342020182353387 
22.089999999961858, -0.13374123972696478 
22.099999999961835, -0.133216328520417 
22.10999999996181, -0.13257681670193816 
22.119999999961788, -0.13173146703347458 
22.129999999961765, -0.13050670972562625 
22.13999999996174, -0.12857882960111683 
22.149999999961718, -0.1254029858605527 
22.159999999961695, -0.12026727560255641 
22.16999999996167, -0.11271773710039505 
22.179999999961648, -0.10327932403666137 
22.189999999961625, -0.09354287108794994 
22.1999999999616, -0.0851128370755445 
22.20999999996158, -0.07867692246893969 
22.219999999961555, -0.07409956010246198 
22.22999999996153, -0.07093281377617326 
22.23999999996151, -0.06874093405394167 
22.249999999961485, -0.06719751443603893 
22.25999999996146, -0.06608138107729478 
22.26999999996144, -0.06524906734544013 
22.279999999961415, -0.06461006826497127 
22.289999999961392, -0.06410945054906478 
22.29999999996137, -0.06371651874125099 
22.309999999961345, -0.06341726663696975 
22.319999999961322, -0.0632077461044238 
22.3299999999613, -0.06308289150483898 
22.339999999961275, -0.06300734449760689 
22.349999999961252, -0.06283542067850427 
22.35999999996123, -0.06211739673062313 
22.369999999961205, -0.059761623335933545 
22.379999999961182, -0.05390549564379808 
22.38999999996116, -0.043107794182577555 
22.399999999961135, -0.028743322615049798 
22.409999999961112, -0.014674262086436459 
22.41999999996109, -0.0036992861027473263 
22.429999999961066, 0.003578262235354088 
22.439999999961042, 0.008036988471486478 
22.44999999996102, 0.01077231763758504 
22.459999999960996, 0.012431061989499836 
22.469999999960972, 0.013419700747433216 
22.47999999996095, 0.013982849259334601 
22.489999999960926, 0.014265377286241141 
22.499999999960902, 0.014351156108293331 
22.50999999996088, 0.014285546502888342 
22.519999999960856, 0.014088542511890678 
22.529999999960832, 0.01376431789551007 
22.53999999996081, 0.013314897177569835 
22.549999999960786, 0.012774999395710692 
22.559999999960763, 0.012309023006561868 
22.56999999996074, 0.012445225649753876 
22.579999999960716, 0.014455498414051953 
22.589999999960693, 0.020344882898913248 
22.59999999996067, 0.031166410623446678 
22.609999999960646, 0.044685542137000676 
22.619999999960623, 0.0569210732829197 
22.6299999999606, 0.06579838615645045 
22.639999999960576, 0.07150871053528299 
22.649999999960553, 0.07499299437523653 
22.65999999996053, 0.0770752075087565 
22.669999999960506, 0.07830164219007693 
22.679999999960483, 0.0790047807676502 
22.68999999996046, 0.07938346073789519 
22.699999999960436, 0.07955780008263783 
22.709999999960413, 0.07960254101380296 
22.71999999996039, 0.07956809765191035 
22.729999999960366, 0.07949716008602874 
22.739999999960343, 0.07944467549284132 
22.74999999996032, 0.0795124933746549 
22.759999999960296, 0.07991584484726658 
22.769999999960273, 0.08109212557332818 
22.77999999996025, 0.08378391818075477 
22.789999999960227, 0.08880925376379836 
22.799999999960203, 0.09622359610973463 
22.80999999996018, 0.104647935170842 
22.819999999960157, 0.11215936573153144 
22.829999999960133, 0.1177388243459655 
22.83999999996011, 0.12143316039303073 
22.849999999960087, 0.12372039980876257 
22.859999999960063, 0.1250704602085368 
22.86999999996004, 0.12582430632712424 
22.879999999960017, 0.12620740605948638 
22.889999999959993, 0.12636721787487776 
22.89999999995997, 0.12640292953930718 
22.909999999959947, 0.12638520541171003 
22.919999999959924, 0.12637012763276562 
22.9299999999599, 0.12641127535686467 
22.939999999959877, 0.12657259047647182 
22.949999999959854, 0.12694304288231162 
22.95999999995983, 0.1276499824499909 
22.969999999959807, 0.12885741751937901 
22.979999999959784, 0.1307195038981022 
22.98999999995976, 0.13326639297862178 
22.999999999959737, 0.13628132313933744 
23.009999999959714, 0.13932622605129272 
23.01999999995969, 0.14196060511831607 
23.029999999959667, 0.14394587275417187 
23.039999999959644, 0.14526282091285947 
23.04999999995962, 0.14601089789150107 
23.059999999959597, 0.14631769043261164 
23.069999999959574, 0.14629954931655745 
23.07999999995955, 0.1460559235720082 
23.089999999959527, 0.14567392164704765 
23.099999999959504, 0.14523057571487294 
23.10999999995948, 0.14479085645347026 
23.119999999959457, 0.1444052345376568 
23.129999999959434, 0.14411049748765734 
23.13999999995941, 0.14393405063666986 
23.149999999959388, 0.14389901634373575 
23.159999999959364, 0.14402661283529483 
23.16999999995934, 0.14433273052953033 
23.179999999959318, 0.14481721883721818 
23.189999999959294, 0.14544879034902466 
23.19999999995927, 0.1461554399039157 
23.209999999959248, 0.1468324444003656 
23.219999999959224, 0.1473683436714348 
23.2299999999592, 0.14767202818878286 
23.239999999959178, 0.14768325861188414 
23.249999999959154, 0.14736647974952458 
23.25999999995913, 0.14670229024405337 
23.269999999959108, 0.14569063046596584 
23.279999999959085, 0.14436886795664508 
23.28999999995906, 0.14283144204746473 
23.299999999959038, 0.14122534006411908 
23.309999999959015, 0.13970872997382094 
23.31999999995899, 0.1383975289357177 
23.329999999958968, 0.13733976429335565 
23.339999999958945, 0.1365275059665527 
23.34999999995892, 0.13592461011713225 
23.359999999958898, 0.13548854096933888 
23.369999999958875, 0.13517977209976495 
23.37999999995885, 0.1349617814264244 
23.389999999958828, 0.13479634818269395 
23.399999999958805, 0.13463777364339635 
23.40999999995878, 0.1344283083477433 
23.41999999995876, 0.13409529894523145 
23.429999999958735, 0.133548262583651 
23.43999999995871, 0.13267303288502563 
23.44999999995869, 0.131323331007672 
23.459999999958665, 0.12932041599658856 
23.46999999995864, 0.12648948259424933 
23.47999999995862, 0.12277183685277131 
23.489999999958595, 0.1183959186934854 
23.499999999958572, 0.11393287276901612 
23.50999999995855, 0.11004139156167285 
23.519999999958525, 0.10708762502569998 
23.529999999958502, 0.10504623267595917 
23.53999999995848, 0.10368697155166691 
23.549999999958455, 0.10276690832810167 
23.559999999958432, 0.10210622936191607 
23.56999999995841, 0.10158808083025458 
23.579999999958385, 0.10113647276000566 
23.589999999958362, 0.1006950881062183 
23.59999999995834, 0.100210948157227 
23.609999999958315, 0.0996209264954423 
23.619999999958292, 0.09883786815233911 
23.62999999995827, 0.09773243057144174 
23.639999999958246, 0.0961062037952947 
23.649999999958222, 0.09365455699605303 
23.6599999999582, 0.08993573507083102 
23.669999999958176, 0.08442159033735329 
23.679999999958152, 0.07680526611586515 
23.68999999995813, 0.06764949742208948 
23.699999999958106, 0.05870733115980305 
23.709999999958082, 0.051848374594844496 
23.71999999995806, 0.047610767560386645 
23.729999999958036, 0.045335341576276014 
23.739999999958012, 0.04415609877057107 
23.74999999995799, 0.04349052503793048 
23.759999999957966, 0.04303543422294555 
23.769999999957943, 0.042647701057794814 
23.77999999995792, 0.0422574973324174 
23.789999999957896, 0.041822016823542196 
23.799999999957873, 0.041301524146844654 
23.80999999995785, 0.04064412001312186 
23.819999999957826, 0.03977122497125074 
23.829999999957803, 0.03855808166920148 
23.83999999995778, 0.03680358010279897 
23.849999999957756, 0.03418443858923858 
23.859999999957733, 0.03020007032661921 
23.86999999995771, 0.02416519731596961 
23.879999999957686, 0.015440082616075745 
23.889999999957663, 0.004179538225933267 
23.89999999995764, -0.0074861736998401126 
23.909999999957616, -0.01684307784871327 
23.919999999957593, -0.022572003609410345 
23.92999999995757, -0.02529625427178739 
23.939999999957546, -0.026320141470999415 
23.949999999957523, -0.02658399117883361 
23.9599999999575, -0.02656337736342663 
23.969999999957476, -0.026462030297551176 
23.979999999957453, -0.026362274638916595 
23.98999999995743, -0.026300766029241106 
23.999999999957407, -0.026302170248827517 
24.009999999957383, -0.0263951241092604 
24.01999999995736, -0.026622593698457896 
24.029999999957337, -0.027052492117478726 
24.039999999957313, -0.02779217224906692 
24.04999999995729, -0.0290098570209373 
24.059999999957267, -0.030964460583806707 
24.069999999957243, -0.034035870858912465 
24.07999999995722, -0.03871490572120849 
24.089999999957197, -0.04544134894755594 
24.099999999957173, -0.0541502981370917 
24.10999999995715, -0.06372962410408682 
24.119999999957127, -0.07227600146498589 
24.129999999957104, -0.0784180136821614 
24.13999999995708, -0.08211022215586261 
24.149999999957057, -0.08408058913056254 
24.159999999957034, -0.08506400542430093 
24.16999999995701, -0.08553561814146401 
24.179999999956987, -0.08575154834356617 
24.189999999956964, -0.08584144437206775 
24.19999999995694, -0.08587252422692056 
24.209999999956917, -0.08588458327544793 
24.219999999956894, -0.08590854181545751 
24.22999999995687, -0.08597744549105384 
24.239999999956847, -0.086134567114282 
24.249999999956824, -0.08644072272548553 
24.2599999999568, -0.08698162084316988 
24.269999999956777, -0.08787504525511944 
24.279999999956754, -0.08927505050251161 
24.28999999995673, -0.09136309023880293 
24.299999999956707, -0.09430334138735837 
24.309999999956684, -0.09813595286922647 
24.31999999995666, -0.10263175625525303 
24.329999999956637, -0.10724991776581698 
24.339999999956614, -0.111349590709423 
24.34999999995659, -0.11452290175697981 
24.359999999956568, -0.11672213035659126 
24.369999999956544, -0.11812791685137065 
24.37999999995652, -0.11897053960899633 
24.389999999956498, -0.11943730253555754 
24.399999999956474, -0.11965514146039609 
24.40999999995645, -0.11970323916005803 
24.419999999956428, -0.1196302119389073 
24.429999999956404, -0.11946845059765161 
24.43999999995638, -0.11924531775348868 
24.449999999956358, -0.11899197270402621 
24.459999999956334, -0.11874954574121384 
24.46999999995631, -0.11857144541274844 
24.479999999956288, -0.11852109070987556 
24.489999999956265, -0.11866590904939764 
24.49999999995624, -0.11906867661776377 
24.509999999956218, -0.11977496739107762 
24.519999999956195, -0.12079399655488735 
24.52999999995617, -0.1220758613096887 
24.539999999956148, -0.12350153746408474 
24.549999999956125, -0.1249067511131611 
24.5599999999561, -0.12613689948211235 
24.569999999956078, -0.127096351987477 
24.579999999956055, -0.1277593182793642 
24.58999999995603, -0.128147063589321 
24.599999999956008, -0.12829747819082918 
24.609999999955985, -0.12824418415717914 
24.61999999995596, -0.12800752060416004 
24.62999999995594, -0.1275938124795473 
24.639999999955915, -0.12700025449739374 
24.64999999995589, -0.126224931525377 
24.65999999995587, -0.12528133603514957 
24.669999999955845, -0.1242127074539777 
24.67999999995582, -0.12309638905049222 
24.6899999999558, -0.12203041810946921 
24.699999999955775, -0.12110734882223147 
24.709999999955752, -0.12039124927582975 
24.71999999995573, -0.11990887100686479 
24.729999999955705, -0.11965251710275879 
24.739999999955682, -0.1195866706158238 
24.74999999995566, -0.11965507358653922 
24.759999999955635, -0.11979007002856593 
24.769999999955612, -0.11992497193687734 
24.77999999995559, -0.12000540756027175 
24.789999999955565, -0.11999414291301227 
24.799999999955542, -0.11986782110226524 
24.80999999995552, -0.11960849264329729 
24.819999999955495, -0.11919360992595544 
24.829999999955472, -0.11858647827831328 
24.83999999995545, -0.11772819731482956 
24.849999999955426, -0.11653408575364765 
24.859999999955402, -0.11490311193983282 
24.86999999995538, -0.11275421922714772 
24.879999999955356, -0.11009398622645288 
24.889999999955332, -0.10707961318516442 
24.89999999995531, -0.1040034263625467 
24.909999999955286, -0.10117683018682573 
24.919999999955262, -0.09880461590999737 
24.92999999995524, -0.096946351121754 
24.939999999955216, -0.09555734252615722 
24.949999999955192, -0.0945465340226187 
24.95999999995517, -0.09381486341540916 
24.969999999955146, -0.0932725819767282 
24.979999999955123, -0.09284506497306247 
24.9899999999551, -0.09247364945498429 
24.999999999955076, -0.0921136438132675 
