t, s[1].omega / s[0].omega 
0, -1.3399978694271688 
0.009999999999999995, -1.3395876391515267 
0.019999999999999934, -1.3388249811910498 
0.029999999999999874, -1.3379751666696449 
0.04000000000000012, -1.3376448756526598 
0.050000000000000405, -1.337409046752915 
0.06000000000000069, -1.3361005182348322 
0.07000000000000098, -1.3293898500139014 
0.08000000000000126, -1.3099392652028137 
0.09000000000000155, -1.3010194704122569 
0.10000000000000184, -1.3020147795607262 
0.11000000000000212, -1.3019484275477502 
0.12000000000000241, -1.300789846291313 
0.130000000000002, -1.302170792669068 
0.1400000000000009, -1.3266648387195212 
0.1499999999999998, -1.3394104974541048 
0.1599999999999987, -1.3415481551991015 
0.1699999999999976, -1.341556944815189 
0.1799999999999965, -1.3413272147267772 
0.1899999999999954, -1.3417018521014745 
0.1999999999999943, -1.3422134244057096 
0.2099999999999932, -1.3423903390503096 
0.2199999999999921, -1.3421696327412445 
0.229999999999991, -1.34157678110071 
0.2399999999999899, -1.3407708391965498 
0.2499999999999888, -1.3402627796252917 
0.2599999999999877, -1.3401011889421168 
0.2699999999999866, -1.3393990289732502 
0.2799999999999855, -1.3357906153090433 
0.2899999999999844, -1.3227190394418675 
0.2999999999999833, -1.3082011590139693 
0.3099999999999822, -1.3083425656805316 
0.3199999999999811, -1.3085712139103116 
0.32999999999998, -1.3078611186972684 
0.3399999999999789, -1.3060647581114762 
0.3499999999999778, -1.325387494791989 
0.35999999999997667, -1.3457272225885473 
0.36999999999997557, -1.3499352973697512 
0.37999999999997447, -1.3502668475573563 
0.38999999999997337, -1.350000908557608 
0.39999999999997227, -1.3501736198318668 
0.40999999999997117, -1.350725587026735 
0.41999999999997006, -1.351007842419325 
0.42999999999996896, -1.3508916828563764 
0.43999999999996786, -1.3503829374525995 
0.44999999999996676, -1.3495792553259112 
0.45999999999996566, -1.3489019752651359 
0.46999999999996456, -1.3487176731238055 
0.47999999999996346, -1.3482634010891699 
0.48999999999996235, -1.3457536176283436 
0.49999999999996125, -1.3344770852026597 
0.5099999999999602, -1.3147583223034727 
0.519999999999959, -1.3131600355962274 
0.529999999999958, -1.3137245877854338 
0.5399999999999568, -1.313300498793629 
0.5499999999999557, -1.3116717130406035 
0.5599999999999546, -1.3226794801381005 
0.5699999999999535, -1.3429858760595235 
0.5799999999999524, -1.3487329533404506 
0.5899999999999513, -1.3494240999701204 
0.5999999999999502, -1.3492011027132058 
0.6099999999999491, -1.3491768700440985 
0.619999999999948, -1.3496264129791238 
0.6299999999999469, -1.3499221985314422 
0.6399999999999458, -1.349847979477075 
0.6499999999999447, -1.3493759282520634 
0.6599999999999436, -1.3485508445306853 
0.6699999999999425, -1.3477013315953346 
0.6799999999999414, -1.3474304014978118 
0.6899999999999403, -1.3471294516746828 
0.6999999999999392, -1.3453840855813135 
0.7099999999999381, -1.3360297269237096 
0.719999999999937, -1.3120408368879395 
0.7299999999999359, -1.3064633406156363 
0.7399999999999348, -1.307489551635458 
0.7499999999999337, -1.3073018297092147 
0.7599999999999326, -1.306032641405466 
0.7699999999999315, -1.3107875716416792 
0.7799999999999304, -1.3310027873519605 
0.7899999999999293, -1.339224348623684 
0.7999999999999282, -1.340564474444467 
0.8099999999999271, -1.3404572882767285 
0.819999999999926, -1.3402829183513623 
0.8299999999999249, -1.340652058084826 
0.8399999999999238, -1.3410284787248437 
0.8499999999999227, -1.3410732891748884 
0.8599999999999216, -1.3407277733192673 
0.8699999999999205, -1.3400114353364732 
0.8799999999999194, -1.3391188482549143 
0.8899999999999183, -1.3386740036712412 
0.8999999999999172, -1.3384920313214412 
0.9099999999999161, -1.337531376650843 
0.919999999999915, -1.3323337647963482 
0.9299999999999139, -1.3142162928936019 
0.9399999999999128, -1.3008761943703016 
0.9499999999999117, -1.3018518467045954 
0.9599999999999106, -1.301956727631133 
0.9699999999999095, -1.3010894048002415 
0.9799999999999084, -1.30051532380651 
0.9899999999999073, -1.3215265663468723 
0.9999999999999062, -1.337132557842927 
1.0099999999999052, -1.3402082962824866 
1.019999999999904, -1.3403828102713982 
1.029999999999903, -1.3401207539799938 
1.039999999999902, -1.340367216597451 
1.0499999999999008, -1.340897345525221 
1.0599999999998997, -1.3411378300276577 
1.0699999999998986, -1.3409853732678927 
1.0799999999998975, -1.3404511719013328 
1.0899999999998964, -1.3396526510824478 
1.0999999999998953, -1.33903679986367 
1.1099999999998942, -1.3388688344027224 
1.119999999999893, -1.3383608187203746 
1.129999999999892, -1.335682988484396 
1.1399999999998909, -1.3248609456277596 
1.1499999999998898, -1.3079503186148107 
1.1599999999998887, -1.3066836647002598 
1.1699999999998876, -1.3071238814766701 
1.1799999999998865, -1.3066332879619984 
1.1899999999998854, -1.3046349603942775 
1.1999999999998843, -1.3178222359656513 
1.2099999999998832, -1.3423046460243575 
1.219999999999882, -1.3484911950467788 
1.229999999999881, -1.349151676333522 
1.2399999999998799, -1.3489166748142283 
1.2499999999998788, -1.348946168052789 
1.2599999999998777, -1.3495046927676346 
1.2699999999998766, -1.3498702538568959 
1.2799999999998755, -1.349843287337989 
1.2899999999998744, -1.3494185962891099 
1.2999999999998733, -1.3486674640933234 
1.3099999999998722, -1.34791657041088 
1.319999999999871, -1.34767158245594 
1.32999999999987, -1.347353874259639 
1.3399999999998689, -1.3456038230661673 
1.3499999999998678, -1.3372343896708094 
1.3599999999998666, -1.3176121221803052 
1.3699999999998655, -1.3127931881966186 
1.3799999999998644, -1.313603211984783 
1.3899999999998633, -1.313357622537341 
1.3999999999998622, -1.3118749752129868 
1.4099999999998611, -1.3177694837551657 
1.41999999999986, -1.3408975253743496 
1.429999999999859, -1.349205202983348 
1.4399999999998578, -1.3503989467124715 
1.4499999999998567, -1.3502537182844745 
1.4599999999998556, -1.3501171703721346 
1.4699999999998545, -1.3505369773961116 
1.4799999999998534, -1.3509053213531732 
1.4899999999998523, -1.3509192595389807 
1.4999999999998512, -1.3505349348885398 
1.5099999999998501, -1.3497796780319562 
1.519999999999849, -1.3488875901469095 
1.529999999999848, -1.3485080578195872 
1.5399999999998468, -1.3482916614965998 
1.5499999999998457, -1.3470716574874764 
1.5599999999998446, -1.340262260376053 
1.5699999999998435, -1.3181322126039579 
1.5799999999998424, -1.3076346146154687 
1.5899999999998413, -1.3088841540748948 
1.5999999999998402, -1.3088662487350293 
1.6099999999998391, -1.3078503199657097 
1.619999999999838, -1.3094266870302729 
1.629999999999837, -1.3291285307675422 
1.6399999999998358, -1.3398085583677044 
1.6499999999998347, -1.3418284728159395 
1.6599999999998336, -1.3418455850748787 
1.6699999999998325, -1.341609081442861 
1.6799999999998314, -1.3418890855538619 
1.6899999999998303, -1.3422989020523173 
1.6999999999998292, -1.3424091328130714 
1.709999999999828, -1.3421316596622956 
1.719999999999827, -1.3414711091907312 
1.729999999999826, -1.3405640000940762 
1.7399999999998248, -1.3399912436206853 
1.7499999999998237, -1.339831808917219 
1.7599999999998226, -1.3391310859959669 
1.7699999999998215, -1.335205155157905 
1.7799999999998204, -1.319232958186969 
1.7899999999998193, -1.3014856755710875 
1.7999999999998182, -1.3019646583902595 
1.809999999999817, -1.302271076808169 
1.819999999999816, -1.3016385239109962 
1.8299999999998149, -1.3002272712208365 
1.8399999999998138, -1.3165922411913094 
1.8499999999998127, -1.3348241494687927 
1.8599999999998116, -1.3391043315005187 
1.8699999999998105, -1.3395031772869084 
1.8799999999998094, -1.3392458280217994 
1.8899999999998083, -1.3393554323076393 
1.8999999999998072, -1.339880725395114 
1.909999999999806, -1.340178490801604 
1.919999999999805, -1.3400918958459127 
1.9299999999998039, -1.3396177874557973 
1.9399999999998028, -1.3388397825693277 
1.9499999999998017, -1.3381288876787156 
1.9599999999998006, -1.33792039032593 
1.9699999999997995, -1.3375522514306022 
1.9799999999997984, -1.3355707661956084 
1.9899999999997973, -1.3267941707857884 
1.9999999999997962, -1.3087055764072366 
2.0099999999998173, -1.3050648442124024 
2.0199999999998384, -1.3057274872772886 
2.0299999999998595, -1.3054173520391463 
2.0399999999998806, -1.3036820835915215 
2.0499999999999017, -1.3108968859977517 
2.059999999999923, -1.3378994524979921 
2.069999999999944, -1.3466594915585823 
2.079999999999965, -1.3477873424344617 
2.089999999999986, -1.347621543881384 
2.100000000000007, -1.3475217178361896 
2.1100000000000283, -1.34804542375254 
2.1200000000000494, -1.3484854142664733 
2.1300000000000705, -1.3485448538485132 
2.1400000000000916, -1.3482032983164298 
2.1500000000001127, -1.3475119215750253 
2.160000000000134, -1.3467191541049441 
2.170000000000155, -1.3463832014426267 
2.180000000000176, -1.346156000506025 
2.190000000000197, -1.3449284501590661 
2.2000000000002182, -1.3388041007087077 
2.2100000000002393, -1.3209798064605134 
2.2200000000002604, -1.3121399315923432 
2.2300000000002815, -1.3130750441299528 
2.2400000000003026, -1.3130009338143513 
2.2500000000003237, -1.311824153548692 
2.260000000000345, -1.3135307776327272 
2.270000000000366, -1.3373368402690853 
2.280000000000387, -1.3490578094319023 
2.290000000000408, -1.3509971539336914 
2.3000000000004293, -1.3509745655183856 
2.3100000000004504, -1.3507550517917029 
2.3200000000004715, -1.3511064971682851 
2.3300000000004926, -1.3515412219892833 
2.3400000000005137, -1.3516447258314797 
2.3500000000005348, -1.3513506159337472 
2.360000000000556, -1.350673973684321 
2.370000000000577, -1.3497782692815594 
2.380000000000598, -1.3492722988566621 
2.390000000000619, -1.3491020965286167 
2.4000000000006403, -1.3482511331321734 
2.4100000000006614, -1.3434205918408944 
2.4200000000006825, -1.3246882796310022 
2.4300000000007036, -1.3090299636502876 
2.4400000000007247, -1.3101368763069867 
2.450000000000746, -1.310312779595886 
2.460000000000767, -1.3095454970818161 
2.470000000000788, -1.3091280917991974 
2.480000000000809, -1.3266441393389405 
2.49000000000083, -1.3402250067380335 
2.5000000000008513, -1.3431965757948932 
2.5100000000008724, -1.3433904844229851 
2.5200000000008935, -1.343128068336498 
2.5300000000009146, -1.3432983560104088 
2.5400000000009357, -1.3437306443873518 
2.550000000000957, -1.343906910999644 
2.560000000000978, -1.3437009660200898 
2.570000000000999, -1.3431044154747043 
2.58000000000102, -1.3422089128935832 
2.5900000000010412, -1.3415105948225403 
2.6000000000010624, -1.3413388150086962 
2.6100000000010835, -1.3408315295900761 
2.6200000000011046, -1.3379320067383444 
2.6300000000011257, -1.3245544385376082 
2.6400000000011468, -1.303217467799243 
2.650000000001168, -1.3023208832876367 
2.660000000001189, -1.3028728430911347 
2.67000000000121, -1.302432017905627 
2.680000000001231, -1.3008510224016012 
2.6900000000012523, -1.3122211367663335 
2.7000000000012734, -1.3324871660837299 
2.7100000000012945, -1.3382712321311896 
2.7200000000013156, -1.338975067843989 
2.7300000000013367, -1.33875556255666 
2.740000000001358, -1.3387353709491783 
2.750000000001379, -1.3392295712591122 
2.7600000000014, -1.3395776491575893 
2.770000000001421, -1.3395549842335415 
2.780000000001442, -1.339141957294842 
2.7900000000014633, -1.3383949700130493 
2.8000000000014844, -1.3376088201697525 
2.8100000000015055, -1.3373276342027054 
2.8200000000015266, -1.337059166086436 
2.8300000000015477, -1.3355963853962847 
2.840000000001569, -1.3286045763316143 
2.85000000000159, -1.3105384142090584 
2.860000000001611, -1.3036167881782506 
2.870000000001632, -1.3044640389066704 
2.8800000000016532, -1.3043162487152538 
2.8900000000016743, -1.3029531726924974 
2.9000000000016954, -1.3055760004076427 
2.9100000000017165, -1.332581611540581 
2.9200000000017377, -1.3444628555205964 
2.9300000000017588, -1.3462471407008987 
2.94000000000178, -1.3461879873078322 
2.950000000001801, -1.3459912775417344 
2.960000000001822, -1.346436193207062 
2.970000000001843, -1.3469373162626443 
2.9800000000018643, -1.3470792296790153 
2.9900000000018854, -1.3468188829337242 
3.0000000000019065, -1.3461914464753069 
3.0100000000019276, -1.3453846902979245 
3.0200000000019487, -1.3449407384881429 
3.03000000000197, -1.3447650785952483 
3.040000000001991, -1.3438978252476512 
3.050000000002012, -1.3394465952792642 
3.060000000002033, -1.3242656241702893 
3.070000000002054, -1.3114688473974692 
3.0800000000020753, -1.3121710305629881 
3.0900000000020964, -1.312278416517192 
3.1000000000021175, -1.3114049084943344 
3.1100000000021386, -1.3105810608057091 
3.1200000000021597, -1.3321744566216505 
3.130000000002181, -1.3481269543782226 
3.140000000002202, -1.3511643425424968 
3.150000000002223, -1.3513214297749359 
3.160000000002244, -1.3510597486640297 
3.1700000000022652, -1.3513051472238806 
3.1800000000022863, -1.3517941229675559 
3.1900000000023074, -1.3519873652613763 
3.2000000000023285, -1.351784911184961 
3.2100000000023496, -1.3511922866554105 
3.2200000000023707, -1.3503238225672163 
3.230000000002392, -1.349694667955752 
3.240000000002413, -1.3495305235318744 
3.250000000002434, -1.3489374957329945 
3.260000000002455, -1.3455654839051838 
3.2700000000024763, -1.3307377011517347 
3.2800000000024974, -1.3110276843006554 
3.2900000000025185, -1.311142654942396 
3.3000000000025396, -1.31155160498216 
3.3100000000025607, -1.311001729171544 
3.3200000000025818, -1.3096723615390555 
3.330000000002603, -1.323482732808335 
3.340000000002624, -1.3402391592941296 
3.350000000002645, -1.3445378878567604 
3.360000000002666, -1.3449842586228016 
3.3700000000026873, -1.3447334670219602 
3.3800000000027084, -1.344782894128412 
3.3900000000027295, -1.3452217886448048 
3.4000000000027506, -1.3454639421234498 
3.4100000000027717, -1.3453330272796677 
3.420000000002793, -1.344807468992953 
3.430000000002814, -1.3439458647727256 
3.440000000002835, -1.3431408742385338 
3.450000000002856, -1.3429184193831618 
3.460000000002877, -1.342554154782132 
3.4700000000028983, -1.3404513282173143 
3.4800000000029194, -1.3297635641949481 
3.4900000000029405, -1.3064423490138573 
3.5000000000029616, -1.3028865876752804 
3.5100000000029827, -1.3037272949185965 
3.520000000003004, -1.3034532988534306 
3.530000000003025, -1.302021681931651 
3.540000000003046, -1.3087738348205384 
3.550000000003067, -1.3300969770192301 
3.5600000000030882, -1.3377087171404565 
3.5700000000031094, -1.338828697684633 
3.5800000000031305, -1.3386782415495397 
3.5900000000031516, -1.338548768555099 
3.6000000000031727, -1.3389842224932484 
3.6100000000031938, -1.3393747128270992 
3.620000000003215, -1.339414534863541 
3.630000000003236, -1.3390634597199398 
3.640000000003257, -1.3383562496001116 
3.650000000003278, -1.3375182283132234 
3.6600000000032993, -1.337137572683059 
3.6700000000033204, -1.3369359024917944 
3.6800000000033415, -1.3358582355574506 
3.6900000000033626, -1.3303842575502525 
3.7000000000033837, -1.3133251952216962 
3.710000000003405, -1.3025153581785345 
3.720000000003426, -1.3033960239984768 
3.730000000003447, -1.303411744695709 
3.740000000003468, -1.3023884064811422 
3.750000000003489, -1.302219176930242 
3.7600000000035103, -1.326578767616988 
3.7700000000035314, -1.3419204840460253 
3.7800000000035525, -1.344606224784246 
3.7900000000035736, -1.3446963898019748 
3.8000000000035947, -1.3444443109407895 
3.810000000003616, -1.3447731172151036 
3.820000000003637, -1.3453166740426847 
3.830000000003658, -1.3455358329143245 
3.840000000003679, -1.345354004485846 
3.8500000000037002, -1.344792813990758 
3.8600000000037213, -1.343993352608447 
3.8700000000037424, -1.343439313734486 
3.8800000000037635, -1.343278324391515 
3.8900000000037847, -1.3426618369440517 
3.9000000000038058, -1.3394343950780554 
3.910000000003827, -1.3270301685297772 
3.920000000003848, -1.311163951822886 
3.930000000003869, -1.3109434875582573 
3.94000000000389, -1.3112541296137068 
3.9500000000039113, -1.3106334841352987 
3.9600000000039324, -1.3088164021054285 
3.9700000000039535, -1.3256415710866314 
3.9800000000039746, -1.34623432805843 
3.9900000000039957, -1.3508573142007236 
4.000000000004016, -1.351274364192234 
4.010000000003993, -1.3510147400800037 
4.02000000000397, -1.3511283245817611 
4.030000000003946, -1.3516503660094554 
4.040000000003923, -1.3519318506863007 
4.0500000000039, -1.3518216327444594 
4.0600000000038765, -1.3513160414902274 
4.070000000003853, -1.3504958712773518 
4.08000000000383, -1.3497662422478829 
4.090000000003807, -1.3495663121351789 
4.100000000003783, -1.349153525646713 
4.11000000000376, -1.346817289968225 
4.120000000003737, -1.3356261299670127 
4.130000000003713, -1.314042854818763 
4.14000000000369, -1.311822463583994 
4.150000000003667, -1.3125027567470806 
4.1600000000036434, -1.3121409060789877 
4.17000000000362, -1.3106310256118736 
4.180000000003597, -1.3198347937461818 
4.1900000000035735, -1.3395782057771355 
4.20000000000355, -1.345710511943094 
4.210000000003527, -1.3465221355048134 
4.220000000003504, -1.346320439714978 
4.23000000000348, -1.346251652190576 
4.240000000003457, -1.3466745770903308 
4.250000000003434, -1.346981270170335 
4.26000000000341, -1.34692867083271 
4.270000000003387, -1.346479912506825 
4.280000000003364, -1.345670044222869 
4.2900000000033405, -1.34479043329227 
4.300000000003317, -1.3444795843331918 
4.310000000003294, -1.3442182968364056 
4.320000000003271, -1.3427130744220481 
4.330000000003247, -1.3345270318853057 
4.340000000003224, -1.3112825919100224 
4.350000000003201, -1.3036533199143068 
4.360000000003177, -1.3047819670288574 
4.370000000003154, -1.3046686771794522 
4.380000000003131, -1.3034954387960225 
4.390000000003107, -1.306538895816147 
4.400000000003084, -1.327599625353843 
4.410000000003061, -1.3373729140670751 
4.4200000000030375, -1.3390607795764433 
4.430000000003014, -1.339012753845765 
4.440000000002991, -1.3388039652968113 
4.450000000002968, -1.3391541370469724 
4.460000000002944, -1.3395777557787931 
4.470000000002921, -1.3396789638915134 
4.480000000002898, -1.3393908983948295 
4.490000000002874, -1.3387310102038634 
4.500000000002851, -1.337865163535445 
4.510000000002828, -1.3373674122655221 
4.520000000002804, -1.3372018786115736 
4.530000000002781, -1.3364098285212944 
4.540000000002758, -1.3321988028828229 
4.5500000000027345, -1.3168325012886277 
4.560000000002711, -1.3020069960181695 
4.570000000002688, -1.3025630014513045 
4.580000000002665, -1.3027605678594107 
4.590000000002641, -1.3020115677772843 
4.600000000002618, -1.3005648713528084 
4.610000000002595, -1.320301797685591 
4.620000000002571, -1.3390525249006635 
4.630000000002548, -1.342936975245174 
4.640000000002525, -1.343231358550134 
4.6500000000025015, -1.3429657102274257 
4.660000000002478, -1.343156166633498 
4.670000000002455, -1.34371757508595 
4.6800000000024315, -1.3440073443870084 
4.690000000002408, -1.3439008440704754 
4.700000000002385, -1.3434068731288058 
4.710000000002362, -1.342629800726926 
4.720000000002338, -1.3419765306598328 
4.730000000002315, -1.3417938655927306 
4.740000000002292, -1.341353827829259 
4.750000000002268, -1.339013237188836 
4.760000000002245, -1.3291330556600744 
4.770000000002222, -1.3115804775598332 
4.7800000000021985, -1.3094709721511473 
4.790000000002175, -1.3100043891837405 
4.800000000002152, -1.3095885999169934 
4.810000000002129, -1.307705726032875 
4.820000000002105, -1.3185091447000115 
4.830000000002082, -1.3432054096940667 
4.840000000002059, -1.350042242631412 
4.850000000002035, -1.3508366500233282 
4.860000000002012, -1.3506213007896826 
4.870000000001989, -1.350598149569006 
4.880000000001965, -1.3511208843939955 
4.890000000001942, -1.3514867463682274 
4.900000000001919, -1.3514685119005154 
4.9100000000018955, -1.35105123836692 
4.920000000001872, -1.350292310990151 
4.930000000001849, -1.3494965389956526 
4.940000000001826, -1.3492220886490083 
4.950000000001802, -1.348933636725252 
4.960000000001779, -1.347316023357783 
4.970000000001756, -1.3391283794638855 
4.980000000001732, -1.318119615009491 
4.990000000001709, -1.312161675406034 
5.000000000001686, -1.313102706635833 
5.0100000000016625, -1.312913281333186 
5.020000000001639, -1.3115806753515769 
5.030000000001616, -1.3162275301936068 
5.0400000000015925, -1.3379408589341881 
5.050000000001569, -1.3465594157983416 
5.060000000001546, -1.3479055358359975 
5.070000000001523, -1.347792050391643 
5.080000000001499, -1.3476233199319316 
5.090000000001476, -1.3480006432575529 
5.100000000001453, -1.3483686415658258 
5.110000000001429, -1.3483971466901983 
5.120000000001406, -1.3480298792173582 
5.130000000001383, -1.3472853037973667 
5.1400000000013595, -1.3463693966183239 
5.150000000001336, -1.3459405600788554 
5.160000000001313, -1.345746768948549 
5.17000000000129, -1.3446782599104399 
5.180000000001266, -1.3386287292686325 
5.190000000001243, -1.317390526760194 
5.20000000000122, -1.30469486251351 
5.210000000001196, -1.305964987137784 
5.220000000001173, -1.3060252495056093 
5.23000000000115, -1.3051170517960076 
5.240000000001126, -1.3056271095702952 
5.250000000001103, -1.3249239969840207 
5.26000000000108, -1.337171058320582 
5.2700000000010565, -1.3396313467180483 
5.280000000001033, -1.3397269760343467 
5.29000000000101, -1.3394738058542837 
5.300000000000987, -1.339716729449875 
5.310000000000963, -1.3401620707136124 
5.32000000000094, -1.3403236253061 
5.330000000000917, -1.3401000255504396 
5.340000000000893, -1.3394940894698124 
5.35000000000087, -1.3386231105736157 
5.360000000000847, -1.338002894253571 
5.3700000000008234, -1.3378415110153585 
5.3800000000008, -1.3372615589810446 
5.390000000000777, -1.3340775214750193 
5.4000000000007535, -1.3207985374115336 
5.41000000000073, -1.3024132885858166 
5.420000000000707, -1.301982914336197 
5.430000000000684, -1.302394617410521 
5.44000000000066, -1.3018625479097061 
5.450000000000637, -1.3000869084790847 
5.460000000000614, -1.3143089673906725 
5.47000000000059, -1.3358876711726486 
5.480000000000567, -1.3413046491200573 
5.490000000000544, -1.3418775979884998 
5.5000000000005205, -1.3416357672376196 
5.510000000000497, -1.3416848675856932 
5.520000000000474, -1.3422342786946009 
5.5300000000004506, -1.3425865430623558 
5.540000000000427, -1.3425519469556826 
5.550000000000404, -1.3421251796624187 
5.560000000000381, -1.3413811190333595 
5.570000000000357, -1.3406480630436333 
5.580000000000334, -1.340409302289123 
5.590000000000311, -1.3400936344117322 
5.600000000000287, -1.3383932394817182 
5.610000000000264, -1.3306516278623808 
5.620000000000241, -1.312861756485828 
5.6300000000002175, -1.3078706746739897 
5.640000000000194, -1.3086133485577571 
5.650000000000171, -1.3083722462666152 
5.660000000000148, -1.3067922018902256 
5.670000000000124, -1.3119531758052485 
5.680000000000101, -1.3389142205370506 
5.690000000000078, -1.348690660872245 
5.700000000000054, -1.3500327968934507 
5.710000000000031, -1.3499017239613234 
5.720000000000008, -1.3497599826426152 
5.729999999999984, -1.3502413586219955 
5.739999999999961, -1.3506842405522341 
5.749999999999938, -1.3507567639277545 
5.7599999999999145, -1.350427784597239 
5.769999999999891, -1.3497376309701674 
5.779999999999868, -1.3489117131749628 
5.789999999999845, -1.3485344771804275 
5.799999999999821, -1.3483262998542271 
5.809999999999798, -1.3472018256759677 
5.819999999999775, -1.3413218694828626 
5.829999999999751, -1.3227180984056877 
5.839999999999728, -1.3122702558481454 
5.849999999999705, -1.3133084231762346 
5.8599999999996815, -1.3132933346917572 
5.869999999999658, -1.3122447342526256 
5.879999999999635, -1.3133368558013243 
5.8899999999996115, -1.3350384815499268 
5.899999999999588, -1.3469102120702803 
5.909999999999565, -1.349042301319009 
5.919999999999542, -1.3490629954790048 
5.929999999999518, -1.3488262541181635 
5.939999999999495, -1.3491242316732601 
5.949999999999472, -1.3495470860197099 
5.959999999999448, -1.3496586925757732 
5.969999999999425, -1.3493765935053688 
5.979999999999402, -1.3487071580344154 
5.9899999999993785, -1.3477918302249863 
5.999999999999355, -1.3472316812890968 
6.009999999999332, -1.3470693067392374 
6.019999999999309, -1.346314845516983 
6.029999999999285, -1.3419679301104246 
6.039999999999262, -1.324003471392235 
6.049999999999239, -1.306246608306639 
6.059999999999215, -1.3071863747031125 
6.069999999999192, -1.3074517922475462 
6.079999999999169, -1.3067780985272348 
6.089999999999145, -1.305894807195456 
6.099999999999122, -1.3220220674232865 
6.109999999999099, -1.336959713278701 
6.1199999999990755, -1.3404644842622813 
6.129999999999052, -1.340760135438026 
6.139999999999029, -1.3404987086697493 
6.149999999999006, -1.3406208286732297 
6.159999999998982, -1.341073313894197 
6.169999999998959, -1.3412938879860816 
6.179999999998936, -1.3411366746546318 
6.189999999998912, -1.3405905926858355 
6.199999999998889, -1.3397347473717276 
6.209999999998866, -1.3390003817498004 
6.2199999999988425, -1.3388083761842513 
6.229999999998819, -1.3383860828608662 
6.239999999998796, -1.3360165094108873 
6.2499999999987725, -1.3249738625472527 
6.259999999998749, -1.3040758709083744 
6.269999999998726, -1.301660164393154 
6.279999999998703, -1.302323664185032 
6.289999999998679, -1.3019701542851925 
6.299999999998656, -1.3003226397176773 
6.309999999998633, -1.3091968118730666 
6.319999999998609, -1.3324691826281094 
6.329999999998586, -1.3397621177219945 
6.339999999998563, -1.340714736375625 
6.3499999999985395, -1.3405296659433863 
6.359999999998516, -1.3404525664301519 
6.369999999998493, -1.3409570200344207 
6.37999999999847, -1.3413620996891855 
6.389999999998446, -1.3413959676295666 
6.399999999998423, -1.3410357378389648 
6.4099999999984, -1.3403324820785407 
6.419999999998376, -1.3395428658579656 
6.429999999998353, -1.3392187173402474 
6.43999999999833, -1.338988092827294 
6.449999999998306, -1.3377497513779457 
6.459999999998283, -1.3317578490828408 
6.46999999999826, -1.3148946309421794 
6.4799999999982365, -1.306319076435131 
6.489999999998213, -1.3071674008851761 
6.49999999999819, -1.3070906759398806 
6.509999999998167, -1.3058770773302326 
6.519999999998143, -1.3069762603043662 
6.52999999999812, -1.3333635200205505 
6.539999999998097, -1.3467749702778384 
6.549999999998073, -1.348903719284879 
6.55999999999805, -1.3488992278043357 
6.569999999998027, -1.3486746807356607 
6.5799999999980034, -1.3490698240635604 
6.58999999999798, -1.3495772454097439 
6.599999999997957, -1.349738046285044 
6.6099999999979335, -1.3494962994035058 
6.61999999999791, -1.3488791457912248 
6.629999999997887, -1.348053342148725 
6.639999999997864, -1.347561305181178 
6.64999999999784, -1.3473938493464566 
6.659999999997817, -1.3466076997062117 
6.669999999997794, -1.3424250725835871 
6.67999999999777, -1.3270434234500326 
6.689999999997747, -1.3124345249259426 
6.699999999997724, -1.313100115133141 
6.7099999999977005, -1.3132778039520168 
6.719999999997677, -1.3125030660240928 
6.729999999997654, -1.3115304320763714 
6.7399999999976306, -1.3307058426790261 
6.749999999997607, -1.3465618784702962 
6.759999999997584, -1.3498450981238073 
6.769999999997561, -1.3500614944710598 
6.779999999997537, -1.3497969995056283 
6.789999999997514, -1.349984806669036 
6.799999999997491, -1.3504505368733544 
6.809999999997467, -1.3506461334902926 
6.819999999997444, -1.3504519827545296 
6.829999999997421, -1.3498644982162338 
6.8399999999973975, -1.3489797338185745 
6.849999999997374, -1.3482958425463667 
6.859999999997351, -1.3481252940894668 
6.869999999997328, -1.3475950743898304 
6.879999999997304, -1.3445321475176768 
6.889999999997281, -1.330272698009215 
6.899999999997258, -1.30872323417716 
6.909999999997234, -1.3083463063479086 
6.919999999997211, -1.30886277995689 
6.929999999997188, -1.3083889938025897 
6.939999999997164, -1.3069803332635765 
6.949999999997141, -1.3189440158276946 
6.959999999997118, -1.3365461635122313 
6.9699999999970945, -1.3414519509566192 
6.979999999997071, -1.3420287265938828 
6.989999999997048, -1.3417943467124944 
6.999999999997025, -1.3417938301981576 
7.009999999997001, -1.3422345428170048 
7.019999999996978, -1.3425121495116679 
7.029999999996955, -1.3424236138936771 
7.039999999996931, -1.3419426966665347 
7.049999999996908, -1.3411194546739722 
7.059999999996885, -1.3402919501960957 
7.0699999999968615, -1.3400330855603317 
7.079999999996838, -1.3397269488421346 
7.089999999996815, -1.337987059244181 
7.0999999999967915, -1.3291347046551503 
7.109999999996768, -1.3072235371977188 
7.119999999996745, -1.3016042542723845 
7.129999999996722, -1.3025386551269227 
7.139999999996698, -1.3023454537310015 
7.149999999996675, -1.3009829403318047 
7.159999999996652, -1.3054434705380311 
7.169999999996628, -1.3288557346252288 
7.179999999996605, -1.338343057430086 
7.189999999996582, -1.3398105554992104 
7.1999999999965585, -1.3397140427838488 
7.209999999996535, -1.3395391886639407 
7.219999999996512, -1.3399662518123083 
7.229999999996489, -1.3404127265010535 
7.239999999996465, -1.340511713173436 
7.249999999996442, -1.3402170799752955 
7.259999999996419, -1.3395606692309336 
7.269999999996395, -1.3387377107027252 
7.279999999996372, -1.3383075094940913 
7.289999999996349, -1.3381285157038785 
7.299999999996325, -1.3372246504596177 
7.309999999996302, -1.3326371875532113 
7.319999999996279, -1.3174361721781 
7.3299999999962555, -1.3050725410011321 
7.339999999996232, -1.305748806965649 
7.349999999996209, -1.3058440925665844 
7.359999999996186, -1.3049494713874406 
7.369999999996162, -1.3038563339316562 
7.379999999996139, -1.3267895146835909 
7.389999999996116, -1.3442674837515378 
7.399999999996092, -1.3475001563853257 
7.409999999996069, -1.34767413490898 
7.419999999996046, -1.3474104621109018 
7.4299999999960225, -1.3476823146568633 
7.439999999995999, -1.3482348060366907 
7.449999999995976, -1.348479778792938 
7.4599999999959525, -1.348323332641662 
7.469999999995929, -1.3477812968220213 
7.479999999995906, -1.3469774257329337 
7.489999999995883, -1.3463758858590829 
7.499999999995859, -1.3462102603844655 
7.509999999995836, -1.3456579340675654 
7.519999999995813, -1.342691906494887 
7.529999999995789, -1.3305289698466676 
7.539999999995766, -1.3130641665338885 
7.549999999995743, -1.3124858132713682 
7.5599999999957195, -1.3128839015713094 
7.569999999995696, -1.3123400819534716 
7.579999999995673, -1.3106108417756674 
7.58999999999565, -1.3251037095459586 
7.599999999995626, -1.3452844148361687 
7.609999999995603, -1.3502291419778372 
7.61999999999558, -1.3507305836792247 
7.629999999995556, -1.3504808288345111 
7.639999999995533, -1.350539834060657 
7.64999999999551, -1.3510279009731232 
7.659999999995486, -1.351306866703327 
7.669999999995463, -1.3512026320268153 
7.67999999999544, -1.3507015112425216 
7.6899999999954165, -1.3498686468114154 
7.699999999995393, -1.3490876183875882 
7.70999999999537, -1.3488670895462185 
7.719999999995347, -1.3484960607288858 
7.729999999995323, -1.3463619246492176 
7.7399999999953, -1.3355824471295596 
7.749999999995277, -1.312513170879669 
7.759999999995253, -1.3093570435907957 
7.76999999999523, -1.3101650050098852 
7.779999999995207, -1.3098671332025786 
7.789999999995183, -1.308448198953361 
7.79999999999516, -1.3159225251515476 
7.809999999995137, -1.3356936076744013 
7.8199999999951135, -1.3424575651668398 
7.82999999999509, -1.343434296878356 
7.839999999995067, -1.3432619273372113 
7.849999999995044, -1.3431504154894336 
7.85999999999502, -1.3435554457312127 
7.869999999994997, -1.3438870037427448 
7.879999999994974, -1.3438695750465464 
7.88999999999495, -1.3434586429391593 
7.899999999994927, -1.3426827020666836 
7.909999999994904, -1.3417922091673786 
7.9199999999948805, -1.3414331832331634 
7.929999999994857, -1.341208935410127 
7.939999999994834, -1.3399447409630432 
7.9499999999948106, -1.3330909116439182 
7.959999999994787, -1.311814925107969 
7.969999999994764, -1.301865838357029 
7.979999999994741, -1.3030138324223652 
7.989999999994717, -1.3029819783858292 
7.999999999994694, -1.3019188431183697 
8.00999999999467, -1.303267996851397 
8.019999999994647, -1.325119463292439 
8.029999999994624, -1.3370539072201346 
8.0399999999946, -1.339212872532915 
8.049999999994577, -1.3392406818196856 
8.059999999994554, -1.3390035462812822 
8.06999999999453, -1.339325771510295 
8.079999999994508, -1.3398001301188076 
8.089999999994484, -1.3399609566042012 
8.099999999994461, -1.3397310722623177 
8.109999999994438, -1.339126384654877 
8.119999999994414, -1.3382911285300119 
8.129999999994391, -1.3377454004410076 
8.139999999994368, -1.337585906978521 
8.149999999994344, -1.3369255622591083 
8.159999999994321, -1.3334500278863504 
8.169999999994298, -1.3202622550359384 
8.179999999994275, -1.3044640638324698 
8.189999999994251, -1.3044301676388388 
8.199999999994228, -1.3047194399137307 
8.209999999994205, -1.3040779707339691 
8.219999999994181, -1.3022082993830861 
8.229999999994158, -1.3197367935556645 
8.239999999994135, -1.3411476109826457 
8.249999999994111, -1.3458758521576044 
8.259999999994088, -1.3462981966717702 
8.269999999994065, -1.3460382287152524 
8.279999999994041, -1.3461673114494397 
8.289999999994018, -1.3467372018903445 
8.299999999993995, -1.3470602162357035 
8.309999999993972, -1.3469863801811075 
8.319999999993948, -1.34652005282455 
8.329999999993925, -1.3457524576502518 
8.339999999993902, -1.3450601540186313 
8.349999999993878, -1.3448582432748073 
8.359999999993855, -1.3444687184153574 
8.369999999993832, -1.3423625359558664 
8.379999999993808, -1.3329977833760591 
8.389999999993785, -1.3144661903104788 
8.399999999993762, -1.311512821751993 
8.409999999993738, -1.31214707679029 
8.419999999993715, -1.311796086514338 
8.429999999993692, -1.3100769706060194 
8.439999999993669, -1.3189146713190365 
8.449999999993645, -1.3428320080231602 
8.459999999993622, -1.3501097330037855 
8.469999999993599, -1.3510295348742354 
8.479999999993575, -1.3508358714485957 
8.489999999993552, -1.3507669951933547 
8.499999999993529, -1.3512461518575716 
8.509999999993505, -1.3516057063536369 
8.519999999993482, -1.3515925481823738 
8.529999999993459, -1.3511803660975203 
8.539999999993436, -1.3504131928462668 
8.549999999993412, -1.3495727176130372 
8.559999999993389, -1.3492642505958663 
8.569999999993366, -1.3490033027160295 
8.579999999993342, -1.347522294544558 
8.589999999993319, -1.3396541802094302 
8.599999999993296, -1.317567278072023 
8.609999999993272, -1.3101892903773502 
8.619999999993249, -1.3112655657437804 
8.629999999993226, -1.3111359785691636 
8.639999999993202, -1.3099322721249609 
8.64999999999318, -1.3133741994156802 
8.659999999993156, -1.3341357800838467 
8.669999999993133, -1.343319880069802 
8.67999999999311, -1.3448708662527538 
8.689999999993086, -1.3447984043757277 
8.699999999993063, -1.3446003941052798 
8.70999999999304, -1.3449417575394789 
8.719999999993016, -1.3453224149091785 
8.729999999992993, -1.345378337379425 
8.73999999999297, -1.3450417755628714 
8.749999999992946, -1.3443252316427965 
8.759999999992923, -1.3434057476849233 
8.7699999999929, -1.3429227939212556 
8.779999999992876, -1.3427481130217167 
8.789999999992853, -1.3418368669603837 
8.79999999999283, -1.3366959850853084 
8.809999999992806, -1.3174730949755462 
8.819999999992783, -1.3025947191242004 
8.82999999999276, -1.3037070711025245 
8.839999999992736, -1.3038564564432995 
8.849999999992713, -1.3030562343915109 
8.85999999999269, -1.3025800870873998 
8.869999999992666, -1.3213508607512723 
8.879999999992643, -1.3358656812294725 
8.88999999999262, -1.3389412129332199 
8.899999999992596, -1.3391392565874576 
8.909999999992573, -1.3388768885886702 
8.91999999999255, -1.3390760589546242 
8.929999999992527, -1.3395621553198545 
8.939999999992503, -1.339781447916474 
8.94999999999248, -1.3396158470585107 
8.959999999992457, -1.3390669382079103 
8.969999999992433, -1.3382375252208947 
8.97999999999241, -1.3375789238326308 
8.989999999992387, -1.3374056503223555 
8.999999999992363, -1.3369237875945856 
9.00999999999234, -1.3343170341895072 
9.019999999992317, -1.3232266863737268 
9.029999999992294, -1.3048468607088115 
9.03999999999227, -1.3032727273793447 
9.049999999992247, -1.3037849784558335 
9.059999999992224, -1.3033445517740339 
9.0699999999922, -1.3014670706453653 
9.079999999992177, -1.3130089839774082 
9.089999999992154, -1.3374190565118822 
9.09999999999213, -1.3440817778620635 
9.109999999992107, -1.3448490705266654 
9.119999999992084, -1.3446307679301404 
9.12999999999206, -1.3446195735934285 
9.139999999992037, -1.3451717478510663 
9.149999999992014, -1.3455642592560588 
9.15999999999199, -1.3455696717592567 
9.169999999991967, -1.345178454446014 
9.179999999991944, -1.3444563280182653 
9.18999999999192, -1.3436989083376742 
9.199999999991897, -1.3434266535750166 
9.209999999991874, -1.3431494582366887 
9.21999999999185, -1.3416475513523443 
9.229999999991827, -1.3345479864856407 
9.239999999991804, -1.3166128167118398 
9.24999999999178, -1.3102909008895347 
9.259999999991757, -1.3111182806072508 
9.269999999991734, -1.3109390508745702 
9.27999999999171, -1.3095225918285531 
9.289999999991688, -1.3132332945075524 
9.299999999991664, -1.3389887142614068 
9.309999999991641, -1.3493996279722862 
9.319999999991618, -1.3509350220640801 
9.329999999991594, -1.3508389780976584 
9.339999999991571, -1.3506641924123106 
9.349999999991548, -1.3510939250554717 
9.359999999991524, -1.3515279501187012 
9.369999999991501, -1.3516061021448402 
9.379999999991478, -1.3512840566243804 
9.389999999991455, -1.350590980112881 
9.399999999991431, -1.3497296718970018 
9.409999999991408, -1.349307572099258 
9.419999999991385, -1.349115408324655 
9.429999999991361, -1.348086723604942 
9.439999999991338, -1.342475967712082 
9.449999999991315, -1.3232184475084743 
9.459999999991291, -1.3109481281603912 
9.469999999991268, -1.312079998674311 
9.479999999991245, -1.312129199328867 
9.489999999991221, -1.3111943563847324 
9.499999999991198, -1.3117079236401414 
9.509999999991175, -1.331617668824411 
9.519999999991152, -1.343851345415698 
9.529999999991128, -1.346229996695336 
9.539999999991105, -1.3463043959281757 
9.549999999991082, -1.3460540977627202 
9.559999999991058, -1.3463032554761465 
9.569999999991035, -1.346725152620048 
9.579999999991012, -1.346856126216408 
9.589999999990988, -1.3465978854055096 
9.599999999990965, -1.3459504262084083 
9.609999999990942, -1.345034435300561 
9.619999999990918, -1.344419815087258 
9.629999999990895, -1.3442600500050226 
9.639999999990872, -1.343607734650354 
9.649999999990849, -1.3398539868210224 
9.659999999990825, -1.3235850648118936 
9.669999999990802, -1.3040972762605334 
9.679999999990779, -1.3045601159356277 
9.689999999990755, -1.3049284671579922 
9.699999999990732, -1.3043471675876528 
9.709999999990709, -1.3030522633772226 
9.719999999990685, -1.3176812012225774 
9.729999999990662, -1.334707105139829 
9.739999999990639, -1.338979838071058 
9.749999999990616, -1.339411505220733 
9.759999999990592, -1.3391592923527553 
9.769999999990569, -1.3392294653051597 
9.779999999990546, -1.3397079155431089 
9.789999999990522, -1.339981946446859 
9.799999999990499, -1.3398806931569676 
9.809999999990476, -1.3393910558509516 
9.819999999990452, -1.3385828596913194 
9.829999999990429, -1.3378252667384805 
9.839999999990406, -1.33760375700089 
9.849999999990382, -1.33725289985393 
9.85999999999036, -1.335315517702478 
9.869999999990336, -1.3262449177549605 
9.879999999990313, -1.3064848537362688 
9.88999999999029, -1.302332965007498 
9.899999999990266, -1.303087021803514 
9.909999999990243, -1.302816301774483 
9.91999999999022, -1.3012271414520629 
9.929999999990196, -1.307438006458066 
9.939999999990173, -1.3331331317097488 
9.94999999999015, -1.3421619732262138 
9.959999999990126, -1.3434056787507525 
9.969999999990103, -1.3432632118539476 
9.97999999999008, -1.343133886669081 
9.989999999990056, -1.3436294293503868 
9.999999999990033, -1.3440801002825433 
10.00999999999001, -1.3441608057119079 
10.019999999989986, -1.3438432178880353 
10.029999999989963, -1.3431726268593713 
10.03999999998994, -1.342376451151679 
10.049999999989916, -1.3420082422912587 
10.059999999989893, -1.3418039489961917 
10.06999999998987, -1.3407271188181398 
10.079999999989846, -1.3353955415594696 
10.089999999989823, -1.3191780993647422 
10.0999999999898, -1.3090239748841657 
10.109999999989776, -1.3098608668938725 
10.119999999989753, -1.3098509815095363 
10.12999999998973, -1.3087764299802531 
10.139999999989707, -1.3089766492209973 
10.149999999989683, -1.3336668865742916 
10.15999999998966, -1.348006967361998 
10.169999999989637, -1.3504408681289028 
10.179999999989613, -1.3504898518797899 
10.18999999998959, -1.3502468576251696 
10.199999999989567, -1.3505843064966425 
10.209999999989543, -1.351081389719493 
10.21999999998952, -1.3512498896248284 
10.229999999989497, -1.3510181347971846 
10.239999999989474, -1.3504040580008088 
10.24999999998945, -1.3495538559240328 
10.259999999989427, -1.3490109480491055 
10.269999999989404, -1.3488479959200845 
10.27999999998938, -1.348131454614565 
10.289999999989357, -1.3441846278624021 
10.299999999989334, -1.3285432635204302 
10.30999999998931, -1.3119374368447116 
10.319999999989287, -1.31254056572504 
10.329999999989264, -1.3127955902767279 
10.33999999998924, -1.312109434902933 
10.349999999989217, -1.3110209548891523 
10.359999999989194, -1.327992311923133 
10.36999999998917, -1.3438340952972327 
10.379999999989147, -1.3474024022665987 
10.389999999989124, -1.347688840630847 
10.3999999999891, -1.3474254976344726 
10.409999999989077, -1.3475595162953047 
10.419999999989054, -1.3480097302862495 
10.42999999998903, -1.3482165448618568 
10.439999999989007, -1.3480400929351926 
10.449999999988984, -1.347469201446624 
10.45999999998896, -1.3465839251633371 
10.469999999988937, -1.3458492342969037 
10.479999999988914, -1.3456655738919614 
10.48999999998889, -1.3452020018374136 
10.499999999988868, -1.3425168075943927 
10.509999999988844, -1.329507773777962 
10.519999999988821, -1.3068050374444937 
10.529999999988798, -1.3055036774019577 
10.539999999988774, -1.306139872921722 
10.549999999988751, -1.3057434163332167 
10.559999999988728, -1.3042669661485868 
10.569999999988704, -1.3143191884605439 
10.579999999988681, -1.333460874898901 
10.589999999988658, -1.3392734093859624 
10.599999999988635, -1.3400286433030277 
10.609999999988611, -1.3398198168487991 
10.619999999988588, -1.3397685242193056 
10.629999999988565, -1.3402164235099345 
10.639999999988541, -1.340540777433112 
10.649999999988518, -1.3405044387586373 
10.659999999988495, -1.34007724635379 
10.669999999988471, -1.3393033305282034 
10.679999999988448, -1.3384693029280845 
10.689999999988425, -1.3381663581441143 
10.699999999988401, -1.3379098214467566 
10.709999999988378, -1.3364810453986244 
10.719999999988355, -1.3292580176095554 
10.729999999988332, -1.3094435212386486 
10.739999999988308, -1.3016830773236012 
10.749999999988285, -1.3026492158094445 
10.759999999988262, -1.3025372211349897 
10.769999999988238, -1.3012903764111627 
10.779999999988215, -1.3035676319006735 
10.789999999988192, -1.3284093580768614 
10.799999999988168, -1.3401507794217282 
10.809999999988145, -1.342043870964816 
10.819999999988122, -1.3420120306881835 
10.829999999988098, -1.3417993895044085 
10.839999999988075, -1.3422016752864896 
10.849999999988052, -1.3426959909224756 
10.859999999988029, -1.3428474934725063 
10.869999999988005, -1.342601513738552 
10.879999999987982, -1.3419866264754197 
10.889999999987959, -1.3411748887878532 
10.899999999987935, -1.3406968692829648 
10.909999999987912, -1.3405305432297987 
10.919999999987889, -1.3397546269081295 
10.929999999987865, -1.335776924965379 
10.939999999987842, -1.3217937857139486 
10.949999999987819, -1.3080256478865686 
10.959999999987796, -1.3084475093804222 
10.969999999987772, -1.3086206878274584 
10.979999999987749, -1.3078389322469806 
10.989999999987726, -1.30632117725229 
10.999999999987702, -1.3270597368303292 
11.009999999987679, -1.3458366896065668 
11.019999999987656, -1.3495553278812162 
11.029999999987632, -1.3498113039641715 
11.039999999987609, -1.349544389617862 
11.049999999987586, -1.3497552985381098 
11.059999999987562, -1.3502962021950582 
11.06999999998754, -1.3505524680859624 
11.079999999987516, -1.350410301872592 
11.089999999987493, -1.3498778125618738 
11.09999999998747, -1.3490612690115789 
11.109999999987446, -1.3484094782082938 
11.119999999987423, -1.3482353552516577 
11.1299999999874, -1.3477351174487728 
11.139999999987376, -1.344974909779703 
11.149999999987353, -1.3328703531360657 
11.15999999998733, -1.3135838925377035 
11.169999999987306, -1.3126074655334343 
11.179999999987283, -1.3131024725998042 
11.18999999998726, -1.31262787703595 
11.199999999987236, -1.3110061000053759 
11.209999999987213, -1.3233917826045773 
11.21999999998719, -1.3430161870739694 
11.229999999987166, -1.3482761203697229 
11.239999999987143, -1.3488708297929815 
11.24999999998712, -1.3486346271083869 
11.259999999987096, -1.3486432985938674 
11.269999999987073, -1.3491012718492026 
11.27999999998705, -1.3493833978706595 
11.289999999987026, -1.3492916336709442 
11.299999999987003, -1.3488028322333967 
11.30999999998698, -1.347968819815941 
11.319999999986956, -1.3471428315431975 
11.329999999986933, -1.3468945997425805 
11.33999999998691, -1.3465670549077298 
11.349999999986887, -1.3446719519183876 
11.359999999986863, -1.3347473494237185 
11.36999999998684, -1.3110395205991374 
11.379999999986817, -1.3064769405097487 
11.389999999986793, -1.3074155692064786 
11.39999999998677, -1.3071858931121374 
11.409999999986747, -1.3058472197296485 
11.419999999986723, -1.3115655536465851 
11.4299999999867, -1.3319660425220583 
11.439999999986677, -1.3397256584396733 
11.449999999986654, -1.340932641463898 
11.45999999998663, -1.3408004148352324 
11.469999999986607, -1.340647788326432 
11.479999999986584, -1.3410393629322563 
11.48999999998656, -1.3414084912199273 
11.499999999986537, -1.3414379478550258 
11.509999999986514, -1.341076269056192 
11.51999999998649, -1.3403478255503425 
11.529999999986467, -1.3394649618706949 
11.539999999986444, -1.3390530632489286 
11.54999999998642, -1.3388592434997244 
11.559999999986397, -1.3378123115491434 
11.569999999986374, -1.3322094117036516 
11.57999999998635, -1.3135506661127696 
11.589999999986327, -1.3014493277403918 
11.599999999986304, -1.3024740344170052 
11.60999999998628, -1.3025287250556263 
11.619999999986257, -1.3015871237116035 
11.629999999986234, -1.3014745296898185 
11.63999999998621, -1.3234456564318808 
11.649999999986187, -1.3380706228033163 
11.659999999986164, -1.340831285499139 
11.66999999998614, -1.340951424422973 
11.679999999986117, -1.3406949251242812 
11.689999999986094, -1.3409762676655994 
11.69999999998607, -1.3414961724310106 
11.709999999986048, -1.341713444724839 
11.719999999986024, -1.341536869583712 
11.729999999986001, -1.340980583632001 
11.739999999985978, -1.3401720223038318 
11.749999999985954, -1.339583096538178 
11.759999999985931, -1.339420517320104 
11.769999999985908, -1.338859687411776 
11.779999999985884, -1.335907168129116 
11.789999999985861, -1.324239647733489 
11.799999999985838, -1.307674047853299 
11.809999999985815, -1.3069583006640024 
11.819999999985791, -1.3073380809462842 
11.829999999985768, -1.306789420719161 
11.839999999985745, -1.304816903625399 
11.849999999985721, -1.3197793371461815 
11.859999999985698, -1.3428011273139282 
11.869999999985675, -1.3482958550250124 
11.879999999985651, -1.348845802858381 
11.889999999985628, -1.348597993595259 
11.899999999985605, -1.3486668525538237 
11.909999999985581, -1.3492225487180802 
11.919999999985558, -1.3495618024477525 
11.929999999985535, -1.3495077157178907 
11.939999999985512, -1.349057730728661 
11.949999999985488, -1.348289171471156 
11.959999999985465, -1.347554206173963 
11.969999999985442, -1.3473295766669662 
11.979999999985418, -1.3469794479740342 
11.989999999985395, -1.3450487095841421 
11.999999999985372, -1.3359595989011666 
12.009999999985348, -1.316135572618796 
12.019999999985325, -1.3122893703181329 
12.029999999985302, -1.3130369334122969 
12.039999999985278, -1.3127451227960953 
12.049999999985255, -1.311191428229622 
12.059999999985232, -1.3183896240057615 
12.069999999985209, -1.3411185048711598 
12.079999999985185, -1.348732207555299 
12.089999999985162, -1.3497798978619104 
12.099999999985139, -1.3496107662705337 
12.109999999985115, -1.3495016817860177 
12.119999999985092, -1.3499375700159908 
12.129999999985069, -1.3502925382564241 
12.139999999985045, -1.3502876693535029 
12.149999999985022, -1.3498848201331648 
12.159999999984999, -1.349116429778556 
12.169999999984976, -1.3482377263567151 
12.179999999984952, -1.3478891101078814 
12.189999999984929, -1.3476554023008906 
12.199999999984906, -1.3463272284398469 
12.209999999984882, -1.339030098473724 
12.219999999984859, -1.316654786760025 
12.229999999984836, -1.3074753923357232 
12.239999999984812, -1.3086666645679748 
12.249999999984789, -1.3086037870202583 
12.259999999984766, -1.3075151901970175 
12.269999999984742, -1.309740797109889 
12.27999999998472, -1.3300330534203937 
12.289999999984696, -1.3402002716215127 
12.299999999984673, -1.342040664266019 
12.30999999998465, -1.3420226863288147 
12.319999999984626, -1.3417986864803002 
12.329999999984603, -1.3421075187528766 
12.33999999998458, -1.342514042125246 
12.349999999984556, -1.3426101825485064 
12.359999999984533, -1.3423171249711585 
12.36999999998451, -1.3416437698834314 
12.379999999984486, -1.3407408702931753 
12.389999999984463, -1.3402034231630486 
12.39999999998444, -1.3400410429799525 
12.409999999984416, -1.3392784124175325 
12.419999999984393, -1.3350396730663299 
12.42999999998437, -1.318447080613086 
12.439999999984346, -1.30186049687995 
12.449999999984323, -1.3025457194228178 
12.4599999999843, -1.3027928647670062 
12.469999999984276, -1.302100703358106 
12.479999999984253, -1.30085200231059 
12.48999999998423, -1.3185171417333885 
12.499999999984206, -1.335929237173132 
12.509999999984183, -1.3398206749057933 
12.51999999998416, -1.340147354598841 
12.529999999984136, -1.3398851733858947 
12.539999999984113, -1.3400317745464014 
12.54999999998409, -1.3405554698514686 
12.559999999984067, -1.3408328968708731 
12.569999999984043, -1.3407236602167654 
12.57999999998402, -1.3402279642794035 
12.589999999983997, -1.3394372624314468 
12.599999999983973, -1.3387477655284414 
12.60999999998395, -1.3385543836747182 
12.619999999983927, -1.3381485624577938 
12.629999999983903, -1.3359659917392843 
12.63999999998388, -1.326461978009841 
12.649999999983857, -1.3082902029022043 
12.659999999983834, -1.3054826868597624 
12.66999999998381, -1.3060881755167404 
12.679999999983787, -1.3057284451691937 
12.689999999983764, -1.3039167364913116 
12.69999999998374, -1.312812082806058 
12.709999999983717, -1.3388461647981507 
12.719999999983694, -1.3466825904479731 
12.72999999998367, -1.3476498663785597 
12.739999999983647, -1.3474599870177189 
12.749999999983624, -1.3473944024806785 
12.7599999999836, -1.3479266476579055 
12.769999999983577, -1.3483411729319894 
12.779999999983554, -1.348372791750118 
12.78999999998353, -1.3480049277954416 
12.799999999983507, -1.3472930349159802 
12.809999999983484, -1.3465060803209703 
12.81999999998346, -1.3461978033431448 
12.829999999983437, -1.3459493098306328 
12.839999999983414, -1.3445929471903848 
12.84999999998339, -1.3378869097815347 
12.859999999983367, -1.3193851431989747 
12.869999999983344, -1.311679829960991 
12.87999999998332, -1.3126053384530254 
12.889999999983297, -1.3124843411060036 
12.899999999983274, -1.311220202264147 
12.90999999998325, -1.31389738331526 
12.919999999983228, -1.3378725664355193 
12.929999999983204, -1.3486395053291915 
12.939999999983181, -1.3503559791940254 
12.949999999983158, -1.3502964905369672 
12.959999999983134, -1.3500953139372178 
12.969999999983111, -1.350471646822199 
12.979999999983088, -1.3508938838456412 
12.989999999983064, -1.3509772517828542 
12.999999999983041, -1.3506628847291957 
13.009999999983018, -1.3499696289127945 
13.019999999982995, -1.3490772459478246 
13.029999999982971, -1.348605988207378 
13.039999999982948, -1.348427863926489 
13.049999999982925, -1.3474992704335154 
13.059999999982901, -1.342277013487928 
13.069999999982878, -1.3229354158879696 
13.079999999982855, -1.308631947570272 
13.089999999982831, -1.3097965912137615 
13.099999999982808, -1.3099192028103077 
13.109999999982785, -1.3090882532544583 
13.119999999982761, -1.3090091094801863 
13.129999999982738, -1.3274847561435845 
13.139999999982715, -1.3405223834064035 
13.149999999982692, -1.3432509232365095 
13.159999999982668, -1.3433959393341988 
13.169999999982645, -1.3431363828719665 
13.179999999982622, -1.3433394275922443 
13.189999999982598, -1.343772982417611 
13.199999999982575, -1.3439363411513003 
13.209999999982552, -1.3437150870339105 
13.219999999982528, -1.343105023287416 
13.229999999982505, -1.3422089274340712 
13.239999999982482, -1.3415445694825066 
13.249999999982458, -1.3413793998341654 
13.259999999982435, -1.3408275210564624 
13.269999999982412, -1.3376918377368645 
13.279999999982389, -1.323688432372656 
13.289999999982365, -1.3032672592793488 
13.299999999982342, -1.302834763281464 
13.309999999982319, -1.3033150864508078 
13.319999999982295, -1.3028254091228586 
13.329999999982272, -1.3012465926167336 
13.339999999982249, -1.3139654338590896 
13.349999999982225, -1.3337155598394947 
13.359999999982202, -1.3390418556178763 
13.369999999982179, -1.3396502225206626 
13.379999999982156, -1.3394168903467676 
13.389999999982132, -1.3394307360076665 
13.399999999982109, -1.3399329303454994 
13.409999999982086, -1.340264172635432 
13.419999999982062, -1.3402205581600801 
13.429999999982039, -1.3397868405887452 
13.439999999982016, -1.3390256325758754 
13.449999999981992, -1.3382543495593755 
13.459999999981969, -1.3379967382462252 
13.469999999981946, -1.3377021458915883 
13.479999999981922, -1.3360938836837453 
13.4899999999819, -1.328505101513125 
13.499999999981876, -1.310008423519878 
13.509999999981853, -1.3041294309506661 
13.51999999998183, -1.3049448563914714 
13.529999999981806, -1.3047505838364413 
13.539999999981783, -1.303290075203637 
13.54999999998176, -1.3071632603097565 
13.559999999981736, -1.3339947794367513 
13.569999999981713, -1.3447327493185304 
13.57999999998169, -1.3462879819374616 
13.589999999981666, -1.3461928692928997 
13.599999999981643, -1.3460204557797595 
13.60999999998162, -1.346486463639275 
13.619999999981596, -1.3469646941906033 
13.629999999981573, -1.347078658453122 
13.63999999998155, -1.3467915065370382 
13.649999999981526, -1.3461415345847505 
13.659999999981503, -1.3453319057869304 
13.66999999998148, -1.3449185395430072 
13.679999999981456, -1.3447319766412111 
13.689999999981433, -1.343773187046569 
13.69999999998141, -1.3388727341216622 
13.709999999981386, -1.3227879338736659 
13.719999999981363, -1.3110009224298556 
13.72999999998134, -1.3118321847380519 
13.739999999981316, -1.3118877529772766 
13.749999999981293, -1.3109356546125164 
13.75999999998127, -1.3106425314660457 
13.769999999981247, -1.3331193378173554 
13.779999999981223, -1.3478506368132606 
13.7899999999812, -1.3505494204466078 
13.799999999981177, -1.3506515982154705 
13.809999999981153, -1.3503969601464043 
13.81999999998113, -1.350675281728513 
13.829999999981107, -1.3511540512619604 
13.839999999981083, -1.3513258730044884 
13.84999999998106, -1.3511014801570538 
13.859999999981037, -1.3504893830744047 
13.869999999981014, -1.3496156886038444 
13.87999999998099, -1.3490193106323543 
13.889999999980967, -1.3488576414939548 
13.899999999980944, -1.3482088575770401 
13.90999999998092, -1.344537110167622 
13.919999999980897, -1.328944584463918 
13.929999999980874, -1.3102805119904086 
13.93999999998085, -1.3107109502108565 
13.949999999980827, -1.3110542689857323 
13.959999999980804, -1.310450944157755 
13.96999999998078, -1.3092276435343326 
13.979999999980757, -1.3242424155882524 
13.989999999980734, -1.34047930488807 
13.99999999998071, -1.3444477494790978 
14.009999999980687, -1.3448248400115612 
14.019999999980664, -1.3445675231326475 
14.02999999998064, -1.3446502829850646 
14.039999999980617, -1.3450958292092876 
14.049999999980594, -1.3453262120265057 
14.05999999998057, -1.3451799363117862 
14.069999999980547, -1.344640046445278 
14.079999999980524, -1.3437736907454474 
14.0899999999805, -1.342997745531534 
14.099999999980477, -1.3427919562866102 
14.109999999980454, -1.3423956181358148 
14.11999999998043, -1.3401179347732008 
14.129999999980408, -1.3288470729113289 
14.139999999980384, -1.3060568114077507 
14.149999999980361, -1.3033071558002665 
14.159999999980338, -1.3040651658909126 
14.169999999980314, -1.3037480252060905 
14.179999999980291, -1.302253877450215 
14.189999999980268, -1.3101700917010568 
14.199999999980244, -1.3313950904170497 
14.209999999980221, -1.3384933108996717 
14.219999999980198, -1.339487605940402 
14.229999999980175, -1.3393150476020321 
14.239999999980151, -1.339212703532965 
14.249999999980128, -1.3396657089673378 
14.259999999980105, -1.340043455469603 
14.269999999980081, -1.340064151638228 
14.279999999980058, -1.3396935191007164 
14.289999999980035, -1.3389713212169645 
14.299999999980011, -1.3381418253625912 
14.309999999979988, -1.3377909502710592 
14.319999999979965, -1.3375728744387598 
14.329999999979941, -1.33639071200746 
14.339999999979918, -1.330442776681079 
14.349999999979895, -1.3127402838776643 
14.359999999979872, -1.3030481579599618 
14.369999999979848, -1.3039654477978027 
14.379999999979825, -1.3039329173676628 
14.389999999979802, -1.302822261676027 
14.399999999979778, -1.3033789724053801 
14.409999999979755, -1.3283990802240149 
14.419999999979732, -1.342458204266796 
14.429999999979708, -1.3448271043723283 
14.439999999979685, -1.3448670695685618 
14.449999999979662, -1.3446271419930216 
14.459999999979638, -1.3449877728906163 
14.469999999979615, -1.345513306502956 
14.479999999979592, -1.3457051276067926 
14.489999999979569, -1.3454965092921365 
14.499999999979545, -1.3449116036502493 
14.509999999979522, -1.3441028339355572 
14.519999999979499, -1.3435776004114834 
14.529999999979475, -1.3434161856374236 
14.539999999979452, -1.3427344748799044 
14.549999999979429, -1.3391704975252556 
14.559999999979405, -1.3258404507129675 
14.569999999979382, -1.3106069420713977 
14.579999999979359, -1.3107599110163313 
14.589999999979335, -1.3110119338585542 
14.599999999979312, -1.3103264939924717 
14.609999999979289, -1.3086842090244974 
14.619999999979266, -1.3269864025036242 
14.629999999979242, -1.3462028628751874 
14.639999999979219, -1.3503204742519364 
14.649999999979196, -1.350655801349485 
14.659999999979172, -1.3503914015985803 
14.669999999979149, -1.350542572508263 
14.679999999979126, -1.3510591401723018 
14.689999999979102, -1.351318121086015 
14.69999999997908, -1.3511843541320507 
14.709999999979056, -1.3506569631000562 
14.719999999979033, -1.349824995994405 
14.72999999997901, -1.3491209704716451 
14.739999999978986, -1.3489345572490998 
14.749999999978963, -1.3484817551252977 
14.75999999997894, -1.345924169335916 
14.769999999978916, -1.3339753728871149 
14.779999999978893, -1.31285351745704 
14.78999999997887, -1.3113341809110293 
14.799999999978846, -1.3119383826277888 
14.809999999978823, -1.311530010174578 
14.8199999999788, -1.3099965417423127 
14.829999999978776, -1.3204583437966002 
14.839999999978753, -1.3398213600371462 
14.84999999997873, -1.3455039424037762 
14.859999999978706, -1.3462152374186307 
14.869999999978683, -1.3459977695622354 
14.87999999997866, -1.3459590994024857 
14.889999999978636, -1.346395103414275 
14.899999999978613, -1.3466911758645932 
14.90999999997859, -1.3466228664641873 
14.919999999978566, -1.3461587964496147 
14.929999999978543, -1.3453405236587759 
14.93999999997852, -1.3444823378126722 
14.949999999978496, -1.344197621435609 
14.959999999978473, -1.3439139987058693 
14.96999999997845, -1.3422812866193174 
14.979999999978427, -1.3335834375515985 
14.989999999978403, -1.3104233617151437 
14.99999999997838, -1.3039471332685204 
15.009999999978357, -1.3049965317137662 
15.019999999978333, -1.3048405920704378 
15.02999999997831, -1.3035907980314407 
15.039999999978287, -1.3074790499340823 
15.049999999978263, -1.328908740626819 
15.05999999997824, -1.3381348850379402 
15.069999999978217, -1.339658552168794 
15.079999999978194, -1.339579638080084 
15.08999999997817, -1.339388779119428 
15.099999999978147, -1.3397647834557904 
15.109999999978124, -1.3401803293273424 
15.1199999999781, -1.3402643161127104 
15.129999999978077, -1.3399578967647248 
15.139999999978054, -1.3392827374546408 
15.14999999997803, -1.3384199824674405 
15.159999999978007, -1.3379552230585843 
15.169999999977984, -1.3377824275930839 
15.17999999997796, -1.336915493164961 
15.189999999977937, -1.3323378412781826 
15.199999999977914, -1.31624571504346 
15.20999999997789, -1.3024587859964647 
15.219999999977867, -1.3031874575272797 
15.229999999977844, -1.3033307950885598 
15.23999999997782, -1.3025112123017106 
15.249999999977797, -1.3013723687659098 
15.259999999977774, -1.322379016094435 
15.26999999997775, -1.3398675455042885 
15.279999999977727, -1.3433318801661147 
15.289999999977704, -1.3435575618276634 
15.29999999997768, -1.3432921025282065 
15.309999999977657, -1.3435205368454872 
15.319999999977634, -1.3440713891898997 
15.32999999997761, -1.3443353173460642 
15.339999999977588, -1.3442025450364319 
15.349999999977564, -1.343684396121705 
15.359999999977541, -1.342893724713148 
15.369999999977518, -1.3422638062064836 
15.379999999977494, -1.342091135300021 
15.389999999977471, -1.3416045304452335 
15.399999999977448, -1.3390170706280162 
15.409999999977424, -1.3283033263172952 
15.419999999977401, -1.3108812844083633 
15.429999999977378, -1.3094521010633995 
15.439999999977355, -1.3099242192415772 
15.449999999977331, -1.3094545160670434 
15.459999999977308, -1.3075517217132762 
15.469999999977285, -1.3200756193031373 
15.479999999977261, -1.3435302798853361 
15.489999999977238, -1.3496372935668541 
15.499999999977215, -1.350309401904058 
15.509999999977191, -1.3500777314914691 
15.519999999977168, -1.3500914250456644 
15.529999999977145, -1.3506166662391728 
15.539999999977121, -1.3509594075355016 
15.549999999977098, -1.3509161369228995 
15.559999999977075, -1.3504751926057397 
15.569999999977052, -1.3496996771783194 
15.579999999977028, -1.3489192345794787 
15.589999999977005, -1.348668268264419 
15.599999999976982, -1.3483518325177586 
15.609999999976958, -1.3465745497937611 
15.619999999976935, -1.337725253175571 
15.629999999976912, -1.3165289607132002 
15.639999999976888, -1.3116403224404884 
15.649999999976865, -1.3125140002578737 
15.659999999976842, -1.3122801853028878 
15.669999999976818, -1.3108742033596963 
15.679999999976795, -1.3166151732185165 
15.689999999976772, -1.3382695320632145 
15.699999999976749, -1.3462793450175008 
15.709999999976725, -1.347477450621054 
15.719999999976702, -1.3473380792919813 
15.729999999976679, -1.347192679176721 
15.739999999976655, -1.3475904182759817 
15.749999999976632, -1.3479491000237493 
15.759999999976609, -1.3479613154252317 
15.769999999976585, -1.347577582700872 
15.779999999976562, -1.3468213463281313 
15.789999999976539, -1.3459179267632155 
15.799999999976515, -1.3455222638545612 
15.809999999976492, -1.345314886552537 
15.819999999976469, -1.3441542906131718 
15.829999999976446, -1.3376780715054548 
15.839999999976422, -1.3161256492276816 
15.849999999976399, -1.3048064246296947 
15.859999999976376, -1.306045408077839 
15.869999999976352, -1.306058200421941 
15.879999999976329, -1.3050799983457635 
15.889999999976306, -1.306090298528277 
15.899999999976282, -1.3261837622300663 
15.90999999997626, -1.3378827716480732 
15.919999999976236, -1.3401305639563936 
15.929999999976213, -1.3401844398852274 
15.93999999997619, -1.339939308594762 
15.949999999976166, -1.3402138336829812 
15.959999999976143, -1.340656386788049 
15.96999999997612, -1.3408026866378464 
15.979999999976096, -1.3405618604160867 
15.989999999976073, -1.339940649167159 
15.99999999997605, -1.3390684511380104 
16.009999999976028, -1.338481153786821 
16.019999999976005, -1.3383218334003972 
16.02999999997598, -1.3376881230041286 
16.039999999975958, -1.3342266832765721 
16.049999999975935, -1.3202335034989379 
16.05999999997591, -1.3026673966821603 
16.069999999975888, -1.3026289217442515 
16.079999999975865, -1.302977446526051 
16.08999999997584, -1.3023889797934751 
16.099999999975818, -1.3006742577354022 
16.109999999975795, -1.3164185123707859 
16.11999999997577, -1.336971774270309 
16.129999999975748, -1.3418600219141719 
16.139999999975725, -1.3423397384191382 
16.1499999999757, -1.3420875110416997 
16.15999999997568, -1.342174835242054 
16.169999999975655, -1.3427234775783068 
16.17999999997563, -1.34305238483005 
16.18999999997561, -1.3429925124199449 
16.199999999975585, -1.3425417271120244 
16.20999999997556, -1.3417814267658592 
16.21999999997554, -1.3410643506641269 
16.229999999975515, -1.3408450172328665 
16.239999999975492, -1.3404965272799354 
16.24999999997547, -1.3386176026704117 
16.259999999975445, -1.3301777850117324 
16.269999999975422, -1.3120491720393834 
16.2799999999754, -1.3080034316806313 
16.289999999975375, -1.3086987460812534 
16.299999999975352, -1.308409544845729 
16.30999999997533, -1.3067399582485482 
16.319999999975305, -1.313438090094885 
16.329999999975282, -1.3396971186574778 
16.33999999997526, -1.348472055443548 
16.349999999975235, -1.349631577760354 
16.359999999975212, -1.3494724065579886 
16.36999999997519, -1.3493610060517167 
16.379999999975166, -1.3498557963197315 
16.389999999975142, -1.3502758679172608 
16.39999999997512, -1.3503220916044674 
16.409999999975096, -1.3499679710210082 
16.419999999975072, -1.3492577828255303 
16.42999999997505, -1.3484365100423903 
16.439999999975026, -1.3480893307738062 
16.449999999975002, -1.3478636018123982 
16.45999999997498, -1.346625349876768 
16.469999999974956, -1.3402103139829447 
16.479999999974932, -1.3209351771699378 
16.48999999997491, -1.3117052820788218 
16.499999999974886, -1.3127404034258239 
16.509999999974863, -1.3126780189951468 
16.51999999997484, -1.3115496317865132 
16.529999999974816, -1.3134001097575656 
16.539999999974793, -1.3355477981279136 
16.54999999997477, -1.3466159853046975 
16.559999999974746, -1.3485271464018471 
16.569999999974723, -1.3485090694865458 
16.5799999999747, -1.3482862110604434 
16.589999999974676, -1.3486120129135133 
16.599999999974653, -1.3490273500489245 
16.60999999997463, -1.3491219431018289 
16.619999999974606, -1.3488220697341449 
16.629999999974583, -1.3481380641920377 
16.63999999997456, -1.3472264132709266 
16.649999999974536, -1.3467021412670197 
16.659999999974513, -1.3465353773429685 
16.66999999997449, -1.3457145541074702 
16.679999999974466, -1.3410280683057894 
16.689999999974443, -1.3224842044733982 
16.69999999997442, -1.3060798342411224 
16.709999999974396, -1.307131980951247 
16.719999999974373, -1.307339828076768 
16.72999999997435, -1.3066075606677574 
16.739999999974327, -1.3059427415894356 
16.749999999974303, -1.323169245966489 
16.75999999997428, -1.3376072693216832 
16.769999999974257, -1.340839595370013 
16.779999999974233, -1.341078640024221 
16.78999999997421, -1.34081575005788 
16.799999999974187, -1.340971792804609 
16.809999999974163, -1.3414274498887757 
16.81999999997414, -1.3416348005678451 
16.829999999974117, -1.3414613050337945 
16.839999999974093, -1.3409000530456492 
16.84999999997407, -1.3400396590969612 
16.859999999974047, -1.3393350750577606 
16.869999999974024, -1.3391547911725177 
16.879999999974, -1.338693860328699 
16.889999999973977, -1.3361183517175559 
16.899999999973954, -1.3244265323886795 
16.90999999997393, -1.3040270761792252 
16.919999999973907, -1.3022942108128235 
16.929999999973884, -1.302885721904327 
16.93999999997386, -1.3024849476689173 
16.949999999973837, -1.3007882499108294 
16.959999999973814, -1.311095250420514 
16.96999999997379, -1.3337905952192253 
16.979999999973767, -1.3404570479129279 
16.989999999973744, -1.3412844576389213 
16.99999999997372, -1.3410796764387944 
17.009999999973697, -1.3410355878748361 
17.019999999973674, -1.3415503453913589 
17.02999999997365, -1.3419355943947342 
17.039999999973627, -1.3419456177839824 
17.049999999973604, -1.3415620450744046 
17.05999999997358, -1.34084106691753 
17.069999999973557, -1.3400598901952854 
17.079999999973534, -1.3397624013887361 
17.08999999997351, -1.33950994490898 
17.099999999973488, -1.3381435851473604 
17.109999999973464, -1.3315922355966212 
17.11999999997344, -1.3140676982243145 
17.129999999973418, -1.3065590109368956 
17.139999999973394, -1.3074115820834544 
17.14999999997337, -1.3072874923917641 
17.159999999973348, -1.3059773834743926 
17.169999999973324, -1.3081354296898042 
17.1799999999733, -1.3346615851017878 
17.189999999973278, -1.346796414630893 
17.199999999973254, -1.3486564156638716 
17.20999999997323, -1.3486102035542553 
17.219999999973208, -1.3484052538538671 
17.229999999973185, -1.3488256727001442 
17.23999999997316, -1.34931223277492 
17.249999999973138, -1.3494458518340993 
17.259999999973115, -1.3491778696522199 
17.26999999997309, -1.348538225818871 
17.279999999973068, -1.347707977376308 
17.289999999973045, -1.3472475105002453 
17.29999999997302, -1.3470728375577758 
17.309999999972998, -1.3462058149733602 
17.319999999972975, -1.3416116433328382 
17.32999999997295, -1.3253346527401726 
17.339999999972928, -1.3117651946339461 
17.349999999972905, -1.312596172724316 
17.35999999997288, -1.3127194257333819 
17.36999999997286, -1.3118745964031673 
17.379999999972835, -1.3112841651101006 
17.38999999997281, -1.3314720403686966 
17.39999999997279, -1.3463319034756138 
17.409999999972765, -1.3492845146913497 
17.41999999997274, -1.3494435965730367 
17.42999999997272, -1.349182194437531 
17.439999999972695, -1.3494036751097076 
17.449999999972672, -1.3498648341718698 
17.45999999997265, -1.3500426464353608 
17.469999999972625, -1.349829293245689 
17.479999999972602, -1.3492246642964163 
17.48999999997258, -1.3483358987705683 
17.499999999972555, -1.3476852101352677 
17.509999999972532, -1.3475205984092202 
17.51999999997251, -1.346942445061576 
17.529999999972485, -1.3436200172701924 
17.539999999972462, -1.3286709666613985 
17.54999999997244, -1.3081457022458958 
17.559999999972415, -1.3081667161885393 
17.569999999972392, -1.3086117329499505 
17.57999999997237, -1.3080889326744165 
17.589999999972346, -1.3067192511828372 
17.599999999972322, -1.319905530105007 
17.6099999999723, -1.3371331794721097 
17.619999999972276, -1.3416923372561425 
17.629999999972252, -1.3421912137712633 
17.63999999997223, -1.3419465634240557 
17.649999999972206, -1.3419784405330828 
17.659999999972182, -1.342428974820854 
17.66999999997216, -1.3426954699105331 
17.679999999972136, -1.3425913572301538 
17.689999999972112, -1.342095335322087 
17.69999999997209, -1.3412648999952015 
17.709999999972066, -1.3404616417044248 
17.719999999972043, -1.3402239722348115 
17.72999999997202, -1.3398904227992956 
17.739999999971996, -1.33799998810791 
17.749999999971973, -1.3285868955912725 
17.75999999997195, -1.3068128421502299 
17.769999999971926, -1.302188910074613 
17.779999999971903, -1.3030504685082318 
17.78999999997188, -1.3028138038289325 
17.799999999971856, -1.301370058139071 
17.809999999971833, -1.3069436504337681 
17.81999999997181, -1.3303562643490077 
17.829999999971786, -1.3391499820581207 
17.839999999971763, -1.3404520263664692 
17.84999999997174, -1.3403267796902252 
17.859999999971716, -1.3401760007812873 
17.869999999971693, -1.3406240675379795 
17.87999999997167, -1.341055298727028 
17.889999999971646, -1.3411322578448237 
17.899999999971623, -1.3408153405994145 
17.9099999999716, -1.3401405334867655 
17.919999999971576, -1.3393195042862582 
17.929999999971553, -1.338920047853486 
17.93999999997153, -1.338729033119837 
17.949999999971507, -1.3377336568267706 
17.959999999971483, -1.332711370980389 
17.96999999997146, -1.3167005717104012 
17.979999999971437, -1.3053392580764942 
17.989999999971413, -1.3061352314902426 
17.99999999997139, -1.306179536788195 
18.009999999971367, -1.3052025673612602 
18.019999999971343, -1.3046527218996042 
18.02999999997132, -1.3285677855967313 
18.039999999971297, -1.3445793361117655 
18.049999999971273, -1.3474273912296835 
18.05999999997125, -1.3475419032129177 
18.069999999971227, -1.3472853597175483 
18.079999999971204, -1.3475921706340277 
18.08999999997118, -1.3481282413940985 
18.099999999971157, -1.3483457431363066 
18.109999999971134, -1.3481623576439954 
18.11999999997111, -1.3475961613907277 
18.129999999971087, -1.346781124305678 
18.139999999971064, -1.3462074977639595 
18.14999999997104, -1.346045416719145 
18.159999999971017, -1.3454354322460016 
18.169999999970994, -1.3421634354629275 
18.17999999997097, -1.329092151335229 
18.189999999970947, -1.3122062858097818 
18.199999999970924, -1.3120827108582667 
18.2099999999709, -1.3124181683273772 
18.219999999970877, -1.3118159422933156 
18.229999999970854, -1.3101873381372031 
18.23999999997083, -1.3261221063987512 
18.249999999970807, -1.3452181779771994 
18.259999999970784, -1.3496724834857083 
18.26999999997076, -1.350088292201275 
18.279999999970737, -1.3498305910486976 
18.289999999970714, -1.3499255945387338 
18.29999999997069, -1.3504140703199303 
18.309999999970668, -1.350674558192574 
18.319999999970644, -1.3505496217104014 
18.32999999997062, -1.3500291064279668 
18.339999999970598, -1.3491860710571613 
18.349999999970574, -1.3484307176868169 
18.35999999997055, -1.3482270140840449 
18.369999999970528, -1.3478215110929332 
18.379999999970504, -1.3454953963486913 
18.38999999997048, -1.3340388872488629 
18.399999999970458, -1.3114245729021838 
18.409999999970434, -1.3090673117361173 
18.41999999997041, -1.3097928807155674 
18.429999999970388, -1.309451252886574 
18.439999999970365, -1.307984645114602 
18.44999999997034, -1.316610518373255 
18.459999999970318, -1.3362434844401583 
18.469999999970295, -1.3425692127301199 
18.47999999997027, -1.34343695133659 
18.489999999970248, -1.3432456870055298 
18.499999999970225, -1.3431614161929848 
18.5099999999702, -1.343583431527376 
18.519999999970178, -1.3439061091953726 
18.529999999970155, -1.3438735643927069 
18.53999999997013, -1.3434474313913882 
18.549999999970108, -1.3426620479911764 
18.559999999970085, -1.3417888187364548 
18.56999999997006, -1.341459143618611 
18.57999999997004, -1.3412166264466454 
18.589999999970015, -1.33984352348895 
18.59999999996999, -1.3325232410396346 
18.60999999996997, -1.3110510413905558 
18.619999999969945, -1.3023505069748043 
18.62999999996992, -1.303450219190133 
18.6399999999699, -1.3033735016731665 
18.649999999969875, -1.3022312160724254 
18.659999999969852, -1.3042926408016988 
18.66999999996983, -1.3267158826538223 
18.679999999969805, -1.3379402998411178 
18.689999999969782, -1.3398852887168464 
18.69999999996976, -1.3398742325974464 
18.709999999969735, -1.339650654312802 
18.719999999969712, -1.3400023758244939 
18.72999999996969, -1.3404671296344803 
18.739999999969665, -1.3406080818291344 
18.749999999969642, -1.3403572103147043 
18.75999999996962, -1.3397340333549037 
18.769999999969595, -1.338895718540115 
18.779999999969572, -1.3383813389557786 
18.78999999996955, -1.3382194270996575 
18.799999999969526, -1.3374935876198142 
18.809999999969502, -1.3336879194615376 
18.81999999996948, -1.3196786971848988 
18.829999999969456, -1.3046510298931462 
18.839999999969432, -1.3049337693852863 
18.84999999996941, -1.3051655230431936 
18.859999999969386, -1.3044581593676394 
18.869999999969362, -1.3027649477127203 
18.87999999996934, -1.3218318625571048 
18.889999999969316, -1.3417912353902162 
18.899999999969292, -1.3459913239315828 
18.90999999996927, -1.3463297692750396 
18.919999999969246, -1.3460648611373407 
18.929999999969223, -1.3462335357418678 
18.9399999999692, -1.3467945522867069 
18.949999999969176, -1.3470906503531284 
18.959999999969153, -1.346989606222717 
18.96999999996913, -1.3464981297046184 
18.979999999969106, -1.3457148393710152 
18.989999999969083, -1.3450430693435085 
18.99999999996906, -1.344855265268522 
19.009999999969036, -1.3444246975615328 
19.019999999969013, -1.3420961554908428 
19.02999999996899, -1.3319250070029074 
19.039999999968966, -1.3133936386553768 
19.049999999968943, -1.3112330422887841 
19.05999999996892, -1.3118040874572985 
19.069999999968896, -1.3114028656191343 
19.079999999968873, -1.3096393989360595 
19.08999999996885, -1.3200401962373822 
19.099999999968826, -1.3430473596268862 
19.109999999968803, -1.349614322991308 
19.11999999996878, -1.3504046954073397 
19.129999999968756, -1.3501920039281994 
19.139999999968733, -1.3501565224964334 
19.14999999996871, -1.3506437612443454 
19.159999999968687, -1.3509844365704275 
19.169999999968663, -1.3509490673097595 
19.17999999996864, -1.3505155381484435 
19.189999999968617, -1.349733434650614 
19.199999999968593, -1.3489082483189858 
19.20999999996857, -1.3486261775243142 
19.219999999968547, -1.3483414344225286 
19.229999999968523, -1.346721560824744 
19.2399999999685, -1.3382605768902627 
19.249999999968477, -1.3160082768266306 
19.259999999968453, -1.3097958498818512 
19.26999999996843, -1.3108014804260295 
19.279999999968407, -1.310628338550273 
19.289999999968384, -1.309350082108986 
19.29999999996836, -1.3137030272843102 
19.309999999968337, -1.3346909272087077 
19.319999999968314, -1.34332618430707 
19.32999999996829, -1.344722483514346 
19.339999999968267, -1.344621424004964 
19.349999999968244, -1.344442678551058 
19.35999999996822, -1.3448081607352345 
19.369999999968197, -1.345182396918822 
19.379999999968174, -1.345223455445219 
19.38999999996815, -1.3448713542305457 
19.399999999968127, -1.3441433145873112 
19.409999999968104, -1.3432336630120214 
19.41999999996808, -1.3427854247691642 
19.429999999968057, -1.3426010837218287 
19.439999999968034, -1.3416113860049441 
19.44999999996801, -1.3360949918923246 
19.459999999967987, -1.316425341786487 
19.469999999967964, -1.302901208840126 
19.47999999996794, -1.3040477013930312 
19.489999999967917, -1.3041456512273064 
19.499999999967894, -1.3032786899709665 
19.50999999996787, -1.303160842220639 
19.519999999967848, -1.3229393491692882 
19.529999999967824, -1.3367969830126702 
19.5399999999678, -1.3396025880243645 
19.549999999967778, -1.3397489435755143 
19.559999999967754, -1.3394897633247886 
19.56999999996773, -1.339723258821113 
19.579999999967708, -1.3402063906771438 
19.589999999967684, -1.340408259253916 
19.59999999996766, -1.34022306519046 
19.609999999967638, -1.3396559845141234 
19.619999999967614, -1.3388199915461567 
19.62999999996759, -1.3381901944343857 
19.639999999967568, -1.3380242187188276 
19.649999999967545, -1.3374953731964834 
19.65999999996752, -1.3346427841610853 
19.669999999967498, -1.3228003503221633 
19.679999999967475, -1.3048512586311596 
19.68999999996745, -1.3038610088319944 
19.699999999967428, -1.3043092912226308 
19.709999999967405, -1.3038153510994575 
19.71999999996738, -1.3019255530331133 
19.729999999967358, -1.3151467138012771 
19.739999999967335, -1.3384169056893038 
19.74999999996731, -1.3443927528660486 
19.759999999967288, -1.345042521114572 
19.769999999967265, -1.3448084334958192 
19.77999999996724, -1.3448351566531958 
19.78999999996722, -1.3453889283179659 
19.799999999967195, -1.3457561928634874 
19.80999999996717, -1.345734624945671 
19.81999999996715, -1.345317887380234 
19.829999999967125, -1.344577189431978 
19.8399999999671, -1.3438314296347418 
19.84999999996708, -1.3435822011576644 
19.859999999967055, -1.343276591184075 
19.869999999967032, -1.3416153297231355 
19.87999999996701, -1.3338515066392422 
19.889999999966985, -1.3154173234322684 
19.899999999966962, -1.3101311578003254 
19.90999999996694, -1.310920762145259 
19.919999999966915, -1.3106945168724662 
19.929999999966892, -1.309187327129058 
19.93999999996687, -1.3142196976493938 
19.949999999966845, -1.3396069495706946 
19.959999999966822, -1.3490307182491381 
19.9699999999668, -1.350369926403411 
19.979999999966775, -1.3502427567651898 
19.989999999966752, -1.35009380584852 
19.99999999996673, -1.3505416358220512 
20.009999999966706, -1.3509570936260988 
20.019999999966682, -1.3510116004647843 
20.02999999996666, -1.3506665155146726 
20.039999999966636, -1.3499548786129023 
20.049999999966612, -1.3490981307153984 
20.05999999996659, -1.3487082542566922 
20.069999999966566, -1.348502106035546 
20.079999999966542, -1.347374144627657 
20.08999999996652, -1.3412821317346515 
20.099999999966496, -1.3213960693457336 
20.109999999966472, -1.3104244794410802 
20.11999999996645, -1.3115616841172777 
20.129999999966426, -1.3115623574053925 
20.139999999966403, -1.3105545239552756 
20.14999999996638, -1.3116445364174876 
20.159999999966356, -1.3322312211521454 
20.169999999966333, -1.343793929699675 
20.17999999996631, -1.3459507224205691 
20.189999999966286, -1.3459837572213802 
20.199999999966263, -1.3457430770038545 
20.20999999996624, -1.3460224484002745 
20.219999999966216, -1.346440871455055 
20.229999999966193, -1.3465570842970034 
20.23999999996617, -1.3462826926182334 
20.249999999966146, -1.3456217821041982 
20.259999999966123, -1.344708551318311 
20.2699999999661, -1.3441298957591519 
20.279999999966076, -1.3439696907235503 
20.289999999966053, -1.343260762037094 
20.29999999996603, -1.339214038094971 
20.309999999966006, -1.322354645939698 
20.319999999965983, -1.3041089365566985 
20.32999999996596, -1.3047903220913644 
20.339999999965936, -1.3050957727701504 
20.349999999965913, -1.3044600575740226 
20.35999999996589, -1.3032811210658624 
20.369999999965867, -1.3191428976419945 
20.379999999965843, -1.335650795377945 
20.38999999996582, -1.339591702810828 
20.399999999965797, -1.339954413269082 
20.409999999965773, -1.3396960249996246 
20.41999999996575, -1.3398009997614355 
20.429999999965727, -1.3402839824920953 
20.439999999965703, -1.340543310765989 
20.44999999996568, -1.3404238405858162 
20.459999999965657, -1.3399166010009247 
20.469999999965633, -1.3390994405371994 
20.47999999996561, -1.3383657960389317 
20.489999999965587, -1.3381610972026183 
20.499999999965564, -1.3377767171943264 
20.50999999996554, -1.3356591805963 
20.519999999965517, -1.3259416232911747 
20.529999999965494, -1.3062449902499702 
20.53999999996547, -1.3029655225342935 
20.549999999965447, -1.303655720957379 
20.559999999965424, -1.3033384447564285 
20.5699999999654, -1.3016688746431928 
20.579999999965377, -1.309327852054832 
20.589999999965354, -1.3344756806195066 
20.59999999996533, -1.342669285550409 
20.609999999965307, -1.3437506920440827 
20.619999999965284, -1.34358234139933 
20.62999999996526, -1.3434837220891462 
20.639999999965237, -1.3439929147368483 
20.649999999965214, -1.3444213886234015 
20.65999999996519, -1.3444758956136886 
20.669999999965167, -1.344132972549591 
20.679999999965144, -1.3434420973459564 
20.68999999996512, -1.3426492214381278 
20.699999999965097, -1.3423098204028578 
20.709999999965074, -1.3420877848762025 
20.71999999996505, -1.3408974847933448 
20.729999999965028, -1.3350431760277344 
20.739999999965004, -1.318027204954431 
20.74999999996498, -1.3089429027994066 
20.759999999964958, -1.3098226514967004 
20.769999999964934, -1.309764182963958 
20.77999999996491, -1.3085994000426764 
20.789999999964888, -1.3096482931600841 
20.799999999964864, -1.3347759074993186 
20.80999999996484, -1.3478369374016714 
20.819999999964818, -1.3499762038341314 
20.829999999964794, -1.3499789099224244 
20.83999999996477, -1.3497507160193745 
20.849999999964748, -1.3501167416709943 
20.859999999964725, -1.3505970178785875 
20.8699999999647, -1.3507406385430583 
20.879999999964678, -1.350484384861132 
20.889999999964655, -1.3498489871021473 
20.89999999996463, -1.3489941605708633 
20.909999999964608, -1.3484838671212764 
20.919999999964585, -1.348317182390041 
20.92999999996456, -1.3475298114457628 
20.939999999964538, -1.3432124101761846 
20.949999999964515, -1.32672495821192 
20.95999999996449, -1.3112068063059747 
20.969999999964468, -1.3120103777237402 
20.979999999964445, -1.3122075580587942 
20.98999999996442, -1.3114587721708868 
20.9999999999644, -1.3106300271019677 
21.009999999964375, -1.3287038640907591 
21.01999999996435, -1.343774383316241 
21.02999999996433, -1.3470227012782765 
21.039999999964305, -1.3472490878212868 
21.04999999996428, -1.3469851569772977 
21.05999999996426, -1.3471530936349185 
21.069999999964235, -1.347603745576355 
21.079999999964212, -1.3477958257732563 
21.08999999996419, -1.347602355690231 
21.099999999964165, -1.3470161279944781 
21.109999999964142, -1.346127375538022 
21.11999999996412, -1.3454252041236316 
21.129999999964095, -1.3452513295801725 
21.139999999964072, -1.3447467641061146 
21.14999999996405, -1.3418396391475846 
21.159999999964025, -1.3281972563669022 
21.169999999964002, -1.306384414264267 
21.17999999996398, -1.3056143523392825 
21.189999999963955, -1.306173443639829 
21.199999999963932, -1.3057310661964199 
21.20999999996391, -1.3042405200436322 
21.219999999963886, -1.3155280787999277 
21.229999999963862, -1.334391100504235 
21.23999999996384, -1.3398057029435775 
21.249999999963816, -1.3404682114656583 
21.259999999963792, -1.3402447707895442 
21.26999999996377, -1.3402245812983549 
21.279999999963746, -1.3406850338553613 
21.289999999963722, -1.3409976697668728 
21.2999999999637, -1.340944399726246 
21.309999999963676, -1.3405002668576542 
21.319999999963652, -1.3397157572585265 
21.32999999996363, -1.3388995680900453 
21.339999999963606, -1.3386219189484472 
21.349999999963583, -1.3383422652653758 
21.35999999996356, -1.336783040896073 
21.369999999963536, -1.3290260291800458 
21.379999999963513, -1.3089571227343226 
21.38999999996349, -1.3023078475655658 
21.399999999963466, -1.3032296686900537 
21.409999999963443, -1.3030727769763168 
21.41999999996342, -1.3017362395287972 
21.429999999963396, -1.3050242979620796 
21.439999999963373, -1.3300430132718644 
21.44999999996335, -1.3408480078100509 
21.459999999963326, -1.3425222020608651 
21.469999999963303, -1.342453853802498 
21.47999999996328, -1.3422613514636657 
21.489999999963256, -1.3426886400772355 
21.499999999963233, -1.3431654095407213 
21.50999999996321, -1.3432920895301412 
21.519999999963186, -1.343021439649811 
21.529999999963163, -1.3423854042700676 
21.53999999996314, -1.3415702739275888 
21.549999999963116, -1.3411228836076339 
21.559999999963093, -1.3409488930006175 
21.56999999996307, -1.3400921912013717 
21.579999999963047, -1.3357155017907667 
21.589999999963023, -1.3208357319396977 
21.599999999963, -1.3079425640060445 
21.609999999962977, -1.3085720796051306 
21.619999999962953, -1.3086914665835034 
21.62999999996293, -1.3078341669782636 
21.639999999962907, -1.3067005822012068 
21.649999999962883, -1.328653010787841 
21.65999999996286, -1.345942435511006 
21.669999999962837, -1.3492284496797005 
21.679999999962813, -1.3494170811335116 
21.68999999996279, -1.3491526563670644 
21.699999999962767, -1.349400126792107 
21.709999999962744, -1.349928417484346 
21.71999999996272, -1.3501589535410004 
21.729999999962697, -1.3499910662560306 
21.739999999962674, -1.3494351922833525 
21.74999999996265, -1.3486071113569151 
21.759999999962627, -1.3479828865713952 
21.769999999962604, -1.347815963708433 
21.77999999996258, -1.3472650758891433 
21.789999999962557, -1.3442298841943103 
21.799999999962534, -1.3312643223888296 
21.80999999996251, -1.3125536442605463 
21.819999999962487, -1.3121061101738423 
21.829999999962464, -1.3125334086970233 
21.83999999996244, -1.3120059730619726 
21.849999999962417, -1.3104290095938063 
21.859999999962394, -1.3241823715298544 
21.86999999996237, -1.343037424920924 
21.879999999962347, -1.3478365951654951 
21.889999999962324, -1.348342550245964 
21.8999999999623, -1.3480955768899965 
21.909999999962277, -1.3481381826344296 
21.919999999962254, -1.3486020818400168 
21.92999999996223, -1.3488695165909865 
21.939999999962208, -1.3487596641443433 
21.949999999962184, -1.3482537174442213 
21.95999999996216, -1.3474109822250686 
21.969999999962138, -1.3466099814638404 
21.979999999962114, -1.346382023271468 
21.98999999996209, -1.3460250887309864 
21.999999999962068, -1.3439660680911847 
22.009999999962044, -1.3334415588486397 
22.01999999996202, -1.3100973624876449 
22.029999999961998, -1.3064604591467706 
22.039999999961974, -1.3073132815222646 
22.04999999996195, -1.3070412678494125 
22.059999999961928, -1.3056371937830535 
22.069999999961905, -1.312405830815691 
22.07999999996188, -1.3328675600812565 
22.089999999961858, -1.3401610503111523 
22.099999999961835, -1.341242469252469 
22.10999999996181, -1.3410872650623442 
22.119999999961788, -1.3409587515334842 
22.129999999961765, -1.341370808198841 
22.13999999996174, -1.3417314912288167 
22.149999999961718, -1.3417451838076966 
22.159999999961695, -1.3413671670952936 
22.16999999996167, -1.3406269354529066 
22.179999999961648, -1.3397555221885584 
22.189999999961625, -1.3393752955628293 
22.1999999999616, -1.3391673364767518 
22.20999999996158, -1.3380265897892998 
22.219999999961555, -1.3319962401637295 
22.22999999996153, -1.31286132469084 
22.23999999996151, -1.3019949177552148 
22.249999999961485, -1.3030366092824386 
22.25999999996146, -1.3030430726121074 
22.26999999996144, -1.30202338213274 
22.279999999961415, -1.3024722585878639 
22.289999999961392, -1.3252671658340234 
22.29999999996137, -1.3389426735212377 
22.309999999961345, -1.3414174350906614 
22.319999999961322, -1.34148834050952 
22.3299999999613, -1.341240502125308 
22.339999999961275, -1.3415550921178399 
22.349999999961252, -1.3420638081721854 
22.35999999996123, -1.3422582412990354 
22.369999999961205, -1.3420580472802053 
22.379999999961182, -1.3414804114574026 
22.38999999996116, -1.340663698871757 
22.399999999961135, -1.3401034108850958 
22.409999999961112, -1.3399432481783384 
22.41999999996109, -1.3393247096646796 
22.429999999961066, -1.3360743596785474 
22.439999999961042, -1.3235485392546225 
22.44999999996102, -1.307494152345965 
22.459999999960996, -1.3072371222742256 
22.469999999960972, -1.3075569660292299 
22.47999999996095, -1.3069473437557444 
22.489999999960926, -1.305056665909371 
22.499999999960902, -1.3216984740306175 
22.50999999996088, -1.3432575364817727 
22.519999999960856, -1.3481398217331328 
22.529999999960832, -1.3485919613700017 
22.53999999996081, -1.3483347266323302 
22.549999999960786, -1.3484429457901144 
22.559999999960763, -1.3489934758169857 
22.56999999996074, -1.3493067974548825 
22.579999999960716, -1.3492260535085698 
22.589999999960693, -1.348751215558439 
22.59999999996067, -1.3479663043393006 
22.609999999960646, -1.3472501240622736 
22.619999999960623, -1.3470432591261414 
22.6299999999606, -1.3466571797681166 
22.639999999960576, -1.3445273903581298 
22.649999999960553, -1.3346753696613989 
22.65999999996053, -1.314796915571294 
22.669999999960506, -1.3118454510586408 
22.679999999960483, -1.3125261165431388 
22.68999999996046, -1.312187179605695 
22.699999999960436, -1.3105755187384402 
22.709999999960413, -1.319142371921033 
22.71999999996039, -1.3413254061220299 
22.729999999960366, -1.3482844297988092 
22.739999999960343, -1.349198787924459 
22.74999999996032, -1.3490083968198585 
22.759999999960296, -1.3489288877561525 
22.769999999960273, -1.3493781345254 
22.77999999996025, -1.3497186421599565 
22.789999999960227, -1.3496944870864989 
22.799999999960203, -1.3492727678697947 
22.80999999996018, -1.3484913424252527 
22.819999999960157, -1.3476277218860866 
22.829999999960133, -1.347308248857767 
22.83999999996011, -1.3470547511124853 
22.849999999960087, -1.3456076918291975 
22.859999999960063, -1.3377899715861368 
22.86999999996004, -1.3152340121114923 
22.879999999960017, -1.3073128565554704 
22.889999999959993, -1.3084376046641581 
22.89999999995997, -1.3083307552840313 
22.909999999959947, -1.3071675386246235 
22.919999999959924, -1.310140358098239 
22.9299999999599, -1.3309022082117214 
22.939999999959877, -1.340537441158052 
22.949999999959854, -1.3422069675612411 
22.95999999995983, -1.342156299199371 
22.969999999959807, -1.3419474088616692 
22.979999999959784, -1.3422836384664723 
22.98999999995976, -1.342685366368257 
22.999999999959737, -1.3427668024120578 
23.009999999959714, -1.3424578259291584 
23.01999999995969, -1.3417716949387588 
23.029999999959667, -1.3408742552324344 
23.039999999959644, -1.3403717292052233 
23.04999999995962, -1.34020401997801 
23.059999999959597, -1.3393739827436653 
23.069999999959574, -1.3348017331093351 
23.07999999995955, -1.3176147233128148 
23.089999999959527, -1.3022281844019064 
23.099999999959504, -1.303064525173272 
23.10999999995948, -1.303255429180741 
23.119999999959457, -1.3025001584868765 
23.129999999959434, -1.3014776334409013 
23.13999999995941, -1.3203787525553272 
23.149999999959388, -1.3369511528339266 
23.159999999959364, -1.3404832614990738 
23.16999999995934, -1.3407442490682502 
23.179999999959318, -1.340480048635146 
23.189999999959294, -1.3406634049334787 
23.19999999995927, -1.3411838634973274 
23.209999999959248, -1.3414410312710887 
23.219999999959224, -1.3413095089191327 
23.2299999999592, -1.3407927858980453 
23.239999999959178, -1.3399908301476149 
23.249999999959154, -1.3393251259727317 
23.25999999995913, -1.3391440736864593 
23.269999999959108, -1.3386970227876505 
23.279999999959085, -1.336295890270241 
23.28999999995906, -1.326039628883856 
23.299999999959038, -1.307951391027341 
23.309999999959015, -1.3058927852921953 
23.31999999995899, -1.3064371691447132 
23.329999999958968, -1.306026414522397 
23.339999999958945, -1.304158721265682 
23.34999999995892, -1.3147611621789066 
23.359999999958898, -1.3397129362703966 
23.369999999958875, -1.3467259311215252 
23.37999999995885, -1.3475517258327554 
23.389999999958828, -1.3473412652779577 
23.399999999958805, -1.3473115736637749 
23.40999999995878, -1.3478492844055958 
23.41999999995876, -1.3482386944221338 
23.429999999958735, -1.3482430999232407 
23.43999999995871, -1.3478494506107417 
23.44999999995869, -1.3471179764761707 
23.459999999958665, -1.3463398235494393 
23.46999999995864, -1.346057619545818 
23.47999999995862, -1.3457848181079919 
23.489999999958595, -1.3442864380511332 
23.499999999958572, -1.3369561285286633 
23.50999999995855, -1.3178775966619145 
23.519999999958525, -1.3112938809740515 
23.529999999958502, -1.3121885730244924 
23.53999999995848, -1.312021213577956 
23.549999999958455, -1.3106704335988706 
23.559999999958432, -1.3144365278812356 
23.56999999995841, -1.33838122012643 
23.579999999958385, -1.3482475164280934 
23.589999999958362, -1.349762100490043 
23.59999999995834, -1.3496691860844687 
23.609999999958315, -1.3494892208127962 
23.619999999958292, -1.3498878087297337 
23.62999999995827, -1.3502963682977749 
23.639999999958246, -1.350359213574942 
23.649999999958222, -1.3500243375101513 
23.6599999999582, -1.3493145354480507 
23.669999999958176, -1.3484270648358678 
23.679999999958152, -1.3479898937221326 
23.68999999995813, -1.347801304195616 
23.699999999958106, -1.3467872809350039 
23.709999999958082, -1.3411421893903426 
23.71999999995806, -1.3212186115631843 
23.729999999958036, -1.3082707382088867 
23.739999999958012, -1.3094612359465314 
23.74999999995799, -1.3095329648233889 
23.759999999957966, -1.30863486140823 
23.769999999957943, -1.308976364354249 
23.77999999995792, -1.3283236840184474 
23.789999999957896, -1.3407782750306232 
23.799999999957873, -1.3432735460293688 
23.80999999995785, -1.3433728519041994 
23.819999999957826, -1.343118663916235 
23.829999999957803, -1.3433538984866937 
23.83999999995778, -1.34378687507408 
23.849999999957756, -1.3439365153162384 
23.859999999957733, -1.3436994984282924 
23.86999999995771, -1.3430757275346799 
23.879999999957686, -1.3421798094821704 
23.889999999957663, -1.3415498502770657 
23.89999999995764, -1.3413887633131785 
23.909999999957616, -1.3407882772921629 
23.919999999957593, -1.3373983632072037 
23.92999999995757, -1.322767362922368 
23.939999999957546, -1.3033342821289677 
23.949999999957523, -1.3032872586366602 
23.9599999999575, -1.303699603870432 
23.969999999957476, -1.3031587124673722 
23.979999999957453, -1.3016125453362268 
23.98999999995743, -1.3156927603948463 
23.999999999957407, -1.3348526432829433 
24.009999999957383, -1.3397460471393394 
24.01999999995736, -1.3402669037329162 
24.029999999957337, -1.3400222281423084 
24.039999999957313, -1.3400712299937791 
24.04999999995729, -1.3405792958927745 
24.059999999957267, -1.3408934301373303 
24.069999999957243, -1.3408290460663044 
24.07999999995722, -1.3403750104370085 
24.089999999957197, -1.3396006535880722 
24.099999999957173, -1.3388468177073365 
24.10999999995715, -1.3386105144440974 
24.119999999957127, -1.3382869904771029 
24.129999999957104, -1.3365203647774482 
24.13999999995708, -1.3283067766557661 
24.149999999957057, -1.3095130129239008 
24.159999999957034, -1.3046295220830804 
24.16999999995701, -1.3053992294002987 
24.179999999956987, -1.3051584752302205 
24.189999999956964, -1.3036035521494833 
24.19999999995694, -1.3088383131816632 
24.209999999956917, -1.3352952850178983 
24.219999999956894, -1.3449993047166717 
24.22999999995687, -1.3463527222202847 
24.239999999956847, -1.346225744312415 
24.249999999956824, -1.3460804759307934 
24.2599999999568, -1.3465642613502984 
24.269999999956777, -1.3470196912082801 
24.279999999956754, -1.3471063931390954 
24.28999999995673, -1.346793023466288 
24.299999999956707, -1.3461213718588063 
24.309999999956684, -1.3453115299094647 
24.31999999995666, -1.3449285620824187 
24.329999999956637, -1.3447281496223162 
24.339999999956614, -1.343668581783376 
24.34999999995659, -1.3382820297271176 
24.359999999956568, -1.3213332789191006 
24.369999999956544, -1.310629742392437 
24.37999999995652, -1.31153942560211 
24.389999999956498, -1.3115448009160542 
24.399999999956474, -1.310510755156122 
24.40999999995645, -1.3108708200522499 
24.419999999956428, -1.3340249983099344 
24.429999999956404, -1.3475922580134283 
24.43999999995638, -1.3499863219468953 
24.449999999956358, -1.3500388549278173 
24.459999999956334, -1.3497944644765492 
24.46999999995631, -1.3501036892104374 
24.479999999956288, -1.350570801646824 
24.489999999956265, -1.3507209329044052 
24.49999999995624, -1.350474477302778 
24.509999999956218, -1.3498429939342367 
24.519999999956195, -1.3489653740442058 
24.52999999995617, -1.3484025283354444 
24.539999999956148, -1.348240551878648 
24.549999999956125, -1.3475304413659333 
24.5599999999561, -1.343532252197588 
24.569999999956078, -1.327166168273309 
24.579999999956055, -1.3096209886093861 
24.58999999995603, -1.3102991480976838 
24.599999999956008, -1.3105802545375105 
24.609999999955985, -1.309920466014138 
24.61999999995596, -1.3088558052901849 
24.62999999995594, -1.3250418171883145 
24.639999999955915, -1.3406907714094953 
24.64999999995589, -1.3443401302741484 
24.65999999995587, -1.3446525226031985 
24.669999999955845, -1.3443909559768537 
24.67999999995582, -1.3445075384672682 
24.6899999999558, -1.3449575837642047 
24.699999999955775, -1.3451752053060195 
24.709999999955752, -1.3450130344766003 
24.71999999995573, -1.3444584699004747 
24.729999999955705, -1.3435877474073084 
24.739999999955682, -1.342841904867791 
24.74999999995566, -1.3426502417421782 
24.759999999955635, -1.3422188127131258 
24.769999999955612, -1.3397513779976287 
24.77999999995559, -1.327879302013803 
24.789999999955565, -1.305706954219089 
24.799999999955542, -1.3036719757802278 
24.80999999995552, -1.3043501862989582 
24.819999999955495, -1.3039888399966684 
24.829999999955472, -1.3024419440437716 
24.83999999995545, -1.3115930838725696 
24.849999999955426, -1.3326049820780066 
24.859999999955402, -1.3392043456582425 
24.86999999995538, -1.3400823166873492 
24.879999999955356, -1.3398899886262403 
24.889999999955332, -1.3398168953453566 
24.89999999995531, -1.3402852147961732 
24.909999999955286, -1.3406495549591402 
24.919999999955262, -1.3406511037733886 
24.92999999995524, -1.3402610965853026 
24.939999999955216, -1.339524661542701 
24.949999999955192, -1.3387060514657951 
24.95999999995517, -1.3383835084412201 
24.969999999955146, -1.338146514624048 
24.979999999955123, -1.3368505376634128 
24.9899999999551, -1.3304020614916727 
24.999999999955076, -1.3121417924059222 
