t, s[1].omega / s[0].omega 
0, -0.5499977450584874 
0.009999999999999995, -0.5498055299925696 
0.019999999999999934, -0.5496666556861752 
0.029999999999999874, -0.5495486151885315 
0.04000000000000012, -0.5494113374176279 
0.050000000000000405, -0.549220725358523 
0.06000000000000069, -0.5489570901464425 
0.07000000000000098, -0.5486164990715315 
0.08000000000000126, -0.548208009421607 
0.09000000000000155, -0.5477514648657305 
0.10000000000000184, -0.5472794237100584 
0.11000000000000212, -0.546845593294661 
0.12000000000000241, -0.5465424313184075 
0.130000000000002, -0.5465323500804644 
0.1400000000000009, -0.547099499793979 
0.1499999999999998, -0.5487304772686218 
0.1599999999999987, -0.5522260050772506 
0.1699999999999976, -0.5588124253944767 
0.1799999999999965, -0.5701212550021015 
0.1899999999999954, -0.5877173649290983 
0.1999999999999943, -0.6118284155474725 
0.2099999999999932, -0.639840719696014 
0.2199999999999921, -0.6667460693146139 
0.229999999999991, -0.6883119563394493 
0.2399999999999899, -0.703416772761666 
0.2499999999999888, -0.7132226167178001 
0.2599999999999877, -0.7193911806198454 
0.2699999999999866, -0.7232296870019995 
0.2799999999999855, -0.7255965310024827 
0.2899999999999844, -0.7270228818423669 
0.2999999999999833, -0.7278295648505801 
0.3099999999999822, -0.7282036774615539 
0.3199999999999811, -0.728243171758463 
0.32999999999998, -0.7279795441827213 
0.3399999999999789, -0.7273848449003186 
0.3499999999999778, -0.7263667783869595 
0.35999999999997667, -0.7247568866527355 
0.36999999999997557, -0.7223047718221489 
0.37999999999997447, -0.7187073789182699 
0.38999999999997337, -0.7137118985253047 
0.39999999999997227, -0.7072900012690048 
0.40999999999997117, -0.6997731483513143 
0.41999999999997006, -0.6917937800108457 
0.42999999999996896, -0.6840411689411272 
0.43999999999996786, -0.6770296912813872 
0.44999999999996676, -0.6710230399747603 
0.45999999999996566, -0.6660845740489837 
0.46999999999996456, -0.662161101747839 
0.47999999999996346, -0.6591465077394829 
0.48999999999996235, -0.6569166519854701 
0.49999999999996125, -0.6553450025075229 
0.5099999999999602, -0.6543093389944625 
0.519999999999959, -0.6536956873178578 
0.529999999999958, -0.6534017344987537 
0.5399999999999568, -0.653339723461906 
0.5499999999999557, -0.653438191469325 
0.5599999999999546, -0.6536423071250069 
0.5699999999999535, -0.6539132167513684 
0.5799999999999524, -0.6542270799478539 
0.5899999999999513, -0.6545739991411681 
0.5999999999999502, -0.6549559459371804 
0.6099999999999491, -0.6553818863443353 
0.619999999999948, -0.6558589210244108 
0.6299999999999469, -0.656380968021112 
0.6399999999999458, -0.6569200056430525 
0.6499999999999447, -0.6574262884896197 
0.6599999999999436, -0.6578403988516923 
0.6699999999999425, -0.6581119002153969 
0.6799999999999414, -0.6582135223291912 
0.6899999999999403, -0.6581435197360831 
0.6999999999999392, -0.657918625655302 
0.7099999999999381, -0.6575655951635204 
0.719999999999937, -0.6571177801770696 
0.7299999999999359, -0.656619625054011 
0.7399999999999348, -0.6561406042851596 
0.7499999999999337, -0.6558010704577617 
0.7599999999999326, -0.6558140437144746 
0.7699999999999315, -0.6565470570436164 
0.7799999999999304, -0.6586035197638285 
0.7899999999999293, -0.6629070626535591 
0.7999999999999282, -0.6707324339329431 
0.8099999999999271, -0.6835496736770631 
0.819999999999926, -0.70246879637107 
0.8299999999999249, -0.7272001768483499 
0.8399999999999238, -0.7551304314089504 
0.8499999999999227, -0.7818842422092581 
0.8599999999999216, -0.803654248679486 
0.8699999999999205, -0.8190874127201674 
0.8799999999999194, -0.8289987281211306 
0.8899999999999183, -0.8349840033663437 
0.8999999999999172, -0.838464242062539 
0.9099999999999161, -0.8404171903775636 
0.919999999999915, -0.8414382671250922 
0.9299999999999139, -0.8418640819515627 
0.9399999999999128, -0.8418670865171954 
0.9499999999999117, -0.8415096589923564 
0.9599999999999106, -0.840764629648393 
0.9699999999999095, -0.8395071020112409 
0.9799999999999084, -0.8374756262901112 
0.9899999999999073, -0.8341951881746388 
0.9999999999999062, -0.8288590751268894 
1.0099999999999052, -0.8202087223454051 
1.019999999999904, -0.8065829165707011 
1.029999999999903, -0.7865146660379787 
1.039999999999902, -0.7601164563654178 
1.0499999999999008, -0.7303111639072456 
1.0599999999998997, -0.7019478735617781 
1.0699999999998986, -0.6790018526526949 
1.0799999999998975, -0.6628050328183293 
1.0899999999998964, -0.6525475023753411 
1.0999999999998953, -0.6466091734258779 
1.1099999999998942, -0.6434540067155843 
1.119999999999893, -0.6419410885927485 
1.129999999999892, -0.6413238298893609 
1.1399999999998909, -0.6411509495232004 
1.1499999999998898, -0.6411642213654029 
1.1599999999998887, -0.6412207560280861 
1.1699999999998876, -0.6412411743032654 
1.1799999999998865, -0.6411777646353456 
1.1899999999998854, -0.6409967143997084 
1.1999999999998843, -0.6406706353057394 
1.2099999999998832, -0.6401794781407527 
1.219999999999882, -0.6395178308247105 
1.229999999999881, -0.6387037157352882 
1.2399999999998799, -0.6377808584776213 
1.2499999999998788, -0.6368087599482737 
1.2599999999998777, -0.6358441069783501 
1.2699999999998766, -0.634924484776214 
1.2799999999998755, -0.6340629975227954 
1.2899999999998744, -0.6332540562987194 
1.2999999999998733, -0.6324847030625027 
1.3099999999998722, -0.6317453091213855 
1.319999999999871, -0.6310364100154799 
1.32999999999987, -0.6303718883886225 
1.3399999999998689, -0.6297805198868859 
1.3499999999998678, -0.6293076735496204 
1.3599999999998666, -0.6290177869180483 
1.3699999999998655, -0.6289972459997023 
1.3799999999998644, -0.629356933950117 
1.3899999999998633, -0.6302338880593564 
1.3999999999998622, -0.6317918463586546 
1.4099999999998611, -0.6342202977782493 
1.41999999999986, -0.6377299758977624 
1.429999999999859, -0.6425384511215643 
1.4399999999998578, -0.6488323269321843 
1.4499999999998567, -0.6566864564352932 
1.4599999999998556, -0.665931053112691 
1.4699999999998545, -0.6760131218052494 
1.4799999999998534, -0.6859943414545313 
1.4899999999998523, -0.6948269451538149 
1.4999999999998512, -0.7017943065524748 
1.5099999999998501, -0.7067503100660433 
1.519999999999849, -0.7099892031598688 
1.529999999999848, -0.7119581282293292 
1.5399999999998468, -0.7130557679967955 
1.5499999999998457, -0.7135643331861817 
1.5599999999998446, -0.7136545571096997 
1.5699999999998435, -0.7134086700721982 
1.5799999999998424, -0.7128363415156489 
1.5899999999998413, -0.7118752850997208 
1.5999999999998402, -0.7103718750101884 
1.6099999999998391, -0.7080342349561264 
1.619999999999838, -0.7043464423961615 
1.629999999999837, -0.6984405973085148 
1.6399999999998358, -0.6889839308738411 
1.6499999999998347, -0.6743216240393998 
1.6599999999998336, -0.6533316998718808 
1.6699999999998325, -0.6269773276066397 
1.6799999999998314, -0.5989289366171697 
1.6899999999998303, -0.5736571717301063 
1.6999999999998292, -0.5538331964912389 
1.709999999999828, -0.5397536179659461 
1.719999999999827, -0.5303866131125523 
1.729999999999826, -0.5244181905189851 
1.7399999999998248, -0.520736945860061 
1.7499999999998237, -0.5185365770923112 
1.7599999999998226, -0.5172722606959826 
1.7699999999998215, -0.5165888010315333 
1.7799999999998204, -0.5162591615520593 
1.7899999999998193, -0.5161400633818871 
1.7999999999998182, -0.5161421183882794 
1.809999999999817, -0.5162106784228064 
1.819999999999816, -0.5163143623284674 
1.8299999999998149, -0.5164390946100721 
1.8399999999998138, -0.5165857822212592 
1.8499999999998127, -0.5167693207914063 
1.8599999999998116, -0.5170159600089488 
1.8699999999998105, -0.5173563345374367 
1.8799999999998094, -0.5178135187555777 
1.8899999999998083, -0.5183887227828803 
1.8999999999998072, -0.5190504105199207 
1.909999999999806, -0.5197342439062949 
1.919999999999805, -0.5203582352727296 
1.9299999999998039, -0.5208477653691962 
1.9399999999998028, -0.5211559780596685 
1.9499999999998017, -0.5212682331979942 
1.9599999999998006, -0.5211922609247829 
1.9699999999997995, -0.5209437638875081 
1.9799999999997984, -0.5205350433841103 
1.9899999999997973, -0.5199684696691721 
1.9999999999997962, -0.5192331585815987 
2.0099999999998173, -0.5183022077083401 
2.0199999999998384, -0.5171267056370141 
2.0299999999998595, -0.5156177084554245 
2.0399999999998806, -0.513591668796044 
2.0499999999999017, -0.5106188065962252 
2.059999999999923, -0.5056764399851701 
2.069999999999944, -0.4966583451897244 
2.079999999999965, -0.4805841014382741 
2.089999999999986, -0.456119824518999 
2.100000000000007, -0.4268768005945306 
2.1100000000000283, -0.39960915184161583 
2.1200000000000494, -0.3786855711913262 
2.1300000000000705, -0.36447149831189035 
2.1400000000000916, -0.3553945953629065 
2.1500000000001127, -0.34974063653852794 
2.160000000000134, -0.3462438083969953 
2.170000000000155, -0.3440873647609241 
2.180000000000176, -0.34277061226239997 
2.190000000000197, -0.34199214057859534 
2.2000000000002182, -0.34157225946327424 
2.2100000000002393, -0.3414061851377571 
2.2200000000002604, -0.34143715559968835 
2.2300000000002815, -0.34164191816049216 
2.2400000000003026, -0.34202404517046686 
2.2500000000003237, -0.3426123648654583 
2.260000000000345, -0.343462519466577 
2.270000000000366, -0.34465937578379124 
2.280000000000387, -0.3463165268372235 
2.290000000000408, -0.34856583398727414 
2.3000000000004293, -0.3515249799450277 
2.3100000000004504, -0.35523021004385985 
2.3200000000004715, -0.3595430239564402 
2.3300000000004926, -0.36409652953171145 
2.3400000000005137, -0.36838064401337256 
2.3500000000005348, -0.37195863785977884 
2.360000000000556, -0.3746391654907084 
2.370000000000577, -0.3764693902853022 
2.380000000000598, -0.3776139989860344 
2.390000000000619, -0.3782463974609156 
2.4000000000006403, -0.378497845927192 
2.4100000000006614, -0.37844681271197134 
2.4200000000006825, -0.3781229641580222 
2.4300000000007036, -0.3775124116195427 
2.4400000000007247, -0.3765616665667701 
2.450000000000746, -0.375185418628437 
2.460000000000767, -0.3732896248258259 
2.470000000000788, -0.3708214553165244 
2.480000000000809, -0.3678372171961814 
2.49000000000083, -0.3645392433178002 
2.5000000000008513, -0.36122643234762347 
2.5100000000008724, -0.35817780810307426 
2.5200000000008935, -0.3555602088368288 
2.5300000000009146, -0.3534150291805509 
2.5400000000009357, -0.3516990656923781 
2.550000000000957, -0.3503326692408124 
2.560000000000978, -0.3492326441003686 
2.570000000000999, -0.348329011163856 
2.58000000000102, -0.3475713015532065 
2.5900000000010412, -0.34692953416269623 
2.6000000000010624, -0.34639360525327145 
2.6100000000010835, -0.34597386902787064 
2.6200000000011046, -0.3457052193579194 
2.6300000000011257, -0.34565718316786664 
2.6400000000011468, -0.34595373243776983 
2.650000000001168, -0.34680889998697473 
2.660000000001189, -0.34858723147761783 
2.67000000000121, -0.35189721810371616 
2.680000000001231, -0.3577023583944564 
2.6900000000012523, -0.36732998356842095 
2.7000000000012734, -0.38197547246126423 
2.7100000000012945, -0.4010481237281326 
2.7200000000013156, -0.42003026967645096 
2.7300000000013367, -0.4321140398645933 
2.740000000001358, -0.4347675221947921 
2.750000000001379, -0.43164220753841587 
2.7600000000014, -0.42732578880754185 
2.770000000001421, -0.4239828492419284 
2.780000000001442, -0.4219171271367622 
2.7900000000014633, -0.4208011675784681 
2.8000000000014844, -0.4202668819199549 
2.8100000000015055, -0.4200526362672413 
2.8200000000015266, -0.4199981085207023 
2.8300000000015477, -0.42001107265437093 
2.840000000001569, -0.42003984780033105 
2.85000000000159, -0.4200558339854041 
2.860000000001611, -0.4200441049550542 
2.870000000001632, -0.41999974984356053 
2.8800000000016532, -0.4199281744192582 
2.8900000000016743, -0.41984736891190855 
2.9000000000016954, -0.4197892427168292 
2.9100000000017165, -0.41979673511219007 
2.9200000000017377, -0.4199149566849372 
2.9300000000017588, -0.42017767609828827 
2.94000000000178, -0.42059293872752523 
2.950000000001801, -0.4211329149040691 
2.960000000001822, -0.42173406303368627 
2.970000000001843, -0.42231183556787844 
2.9800000000018643, -0.4227856459011149 
2.9900000000018854, -0.42310033264957825 
3.0000000000019065, -0.4232322074972522 
3.0100000000019276, -0.4231801009028036 
3.0200000000019487, -0.4229503465483785 
3.03000000000197, -0.42254292634748414 
3.040000000001991, -0.42193990193744063 
3.050000000002012, -0.4210925054323272 
3.060000000002033, -0.4198998610059615 
3.070000000002054, -0.41816753421161 
3.0800000000020753, -0.41552664944611645 
3.0900000000020964, -0.41129359880806254 
3.1000000000021175, -0.40430672427157727 
3.1100000000021386, -0.39300831249148444 
3.1200000000021597, -0.3763653624922737 
3.130000000002181, -0.35556025476915737 
3.140000000002202, -0.3342394180271488 
3.150000000002223, -0.3160107983938466 
3.160000000002244, -0.30230395640024205 
3.1700000000022652, -0.2927059744397828 
3.1800000000022863, -0.28617554569682435 
3.1900000000023074, -0.28174986722339607 
3.2000000000023285, -0.2787299207019354 
3.2100000000023496, -0.2766541080514586 
3.2200000000023707, -0.27523055168682 
3.230000000002392, -0.2742807391317135 
3.240000000002413, -0.2737021930829768 
3.250000000002434, -0.27344674809281727 
3.260000000002455, -0.27351042671559217 
3.2700000000024763, -0.27393268802075516 
3.2800000000024974, -0.27480491401035195 
3.2900000000025185, -0.2762901361231101 
3.3000000000025396, -0.2786580519228382 
3.3100000000025607, -0.28233988828962864 
3.3200000000025818, -0.2880001896662119 
3.330000000002603, -0.2965868180173692 
3.340000000002624, -0.30921479972648686 
3.350000000002645, -0.32657053689618265 
3.360000000002666, -0.3476759565444928 
3.3700000000026873, -0.3691246546671242 
3.3800000000027084, -0.38682635605286475 
3.3900000000027295, -0.39896038489050745 
3.4000000000027506, -0.4063231118275931 
3.4100000000027717, -0.4105685359778609 
3.420000000002793, -0.41301210189195475 
3.430000000002814, -0.41444074169582434 
3.440000000002835, -0.4152780510287933 
3.450000000002856, -0.41574582067656574 
3.460000000002877, -0.4159593522810952 
3.4700000000028983, -0.41597617823604793 
3.4800000000029194, -0.4158205458690413 
3.4900000000029405, -0.4154973343795622 
3.5000000000029616, -0.4150032054255012 
3.5100000000029827, -0.4143391578153525 
3.520000000003004, -0.4135244871941334 
3.530000000003025, -0.412606608317087 
3.540000000003046, -0.41165839234755747 
3.550000000003067, -0.41076055962305374 
3.5600000000030882, -0.40997804615926203 
3.5700000000031094, -0.40934346021009854 
3.5800000000031305, -0.4088537221572067 
3.5900000000031516, -0.4084775900448589 
3.6000000000031727, -0.4081689703040931 
3.6100000000031938, -0.40788108437091575 
3.620000000003215, -0.40757699099996314 
3.630000000003236, -0.40723384207196817 
3.640000000003257, -0.406841666723889 
3.650000000003278, -0.40639985499352704 
3.6600000000032993, -0.4059144513383413 
3.6700000000033204, -0.4053980598681627 
3.6800000000033415, -0.40487310755946 
3.6900000000033626, -0.40437848110163666 
3.7000000000033837, -0.4039772679634372 
3.710000000003405, -0.40375374081962245 
3.720000000003426, -0.4037555683692653 
3.730000000003447, -0.4037554996375944 
3.740000000003468, -0.4026053691255983 
3.750000000003489, -0.39726425232730933 
3.7600000000035103, -0.3832692235793888 
3.7700000000035314, -0.3592796577204621 
3.7800000000035525, -0.33101988009296945 
3.7900000000035736, -0.30631709378018923 
3.8000000000035947, -0.28854512995511233 
3.810000000003616, -0.276991220049423 
3.820000000003637, -0.2697689341579942 
3.830000000003658, -0.2652845055904644 
3.840000000003679, -0.2624842607515029 
3.8500000000037002, -0.2607283737229263 
3.8600000000037213, -0.259639559664986 
3.8700000000037424, -0.25899857297325257 
3.8800000000037635, -0.2586819310284775 
3.8900000000037847, -0.2586273075072908 
3.9000000000038058, -0.258815968696942 
3.910000000003827, -0.2592662067743431 
3.920000000003848, -0.2600348653338337 
3.930000000003869, -0.26122589721393663 
3.94000000000389, -0.26300548640613086 
3.9500000000039113, -0.2656214993908924 
3.9600000000039324, -0.2694171057684947 
3.9700000000039535, -0.2748067122874522 
3.9800000000039746, -0.28214471782414124 
3.9900000000039957, -0.29141353136429626 
4.000000000004016, -0.30184192409677574 
4.010000000003993, -0.3119393325987428 
4.02000000000397, -0.3202687558372287 
4.030000000003946, -0.32624957585311715 
4.040000000003923, -0.3301455994345137 
4.0500000000039, -0.3325421765371685 
4.0600000000038765, -0.3339644151871128 
4.070000000003853, -0.3347703801050285 
4.08000000000383, -0.3351752813501751 
4.090000000003807, -0.33529874815923 
4.100000000003783, -0.335200958471479 
4.11000000000376, -0.3349057502829027 
4.120000000003737, -0.3344166197038253 
4.130000000003713, -0.33373154255639625 
4.14000000000369, -0.33285980138716703 
4.150000000003667, -0.3318383392322123 
4.1600000000036434, -0.3307386304154251 
4.17000000000362, -0.32965541826013484 
4.180000000003597, -0.3286805685448603 
4.1900000000035735, -0.3278774840135221 
4.20000000000355, -0.32726908024663504 
4.210000000003527, -0.32684007924190533 
4.220000000003504, -0.32654757100218046 
4.23000000000348, -0.3263349306280216 
4.240000000003457, -0.32614587386361044 
4.250000000003434, -0.3259349708746121 
4.26000000000341, -0.32567161785274434 
4.270000000003387, -0.3253375914580061 
4.280000000003364, -0.3249209177669878 
4.2900000000033405, -0.32440858893483926 
4.300000000003317, -0.3237783932799171 
4.310000000003294, -0.3229869830355725 
4.320000000003271, -0.3219465095647306 
4.330000000003247, -0.3204725147808345 
4.340000000003224, -0.3181677306475139 
4.350000000003201, -0.31419259638505337 
4.360000000003177, -0.3069625707537088 
4.370000000003154, -0.29427266921242057 
4.380000000003131, -0.27495776132089783 
4.390000000003107, -0.25147744008571693 
4.400000000003084, -0.2290962250813738 
4.410000000003061, -0.21154703773789363 
4.4200000000030375, -0.19932435350233907 
4.430000000003014, -0.19124319348214255 
4.440000000002991, -0.18595404632658963 
4.450000000002968, -0.18245496262947403 
4.460000000002944, -0.18009985527797928 
4.470000000002921, -0.17849404103812083 
4.480000000002898, -0.17740345799597468 
4.490000000002874, -0.1766961266264147 
4.500000000002851, -0.1763092203011022 
4.510000000002828, -0.176234137042545 
4.520000000002804, -0.17651570145948284 
4.530000000002781, -0.1772658898010966 
4.540000000002758, -0.17869738182821948 
4.5500000000027345, -0.18118871306018566 
4.560000000002711, -0.18539970431611508 
4.570000000002688, -0.192449517785595 
4.580000000002665, -0.20408558815107916 
4.590000000002641, -0.2224185666089335 
4.600000000002618, -0.24808544339472666 
4.610000000002595, -0.27654163299018264 
4.620000000002571, -0.2982845401647452 
4.630000000002548, -0.30800902186935364 
4.640000000002525, -0.3091037647305301 
4.6500000000025015, -0.30707287107186326 
4.660000000002478, -0.30485629903270683 
4.670000000002455, -0.30325802598383667 
4.6800000000024315, -0.302264249053193 
4.690000000002408, -0.30169295665703466 
4.700000000002385, -0.301385720654085 
4.710000000002362, -0.3012367010695322 
4.720000000002338, -0.3011823133416807 
4.730000000002315, -0.3011877115942976 
4.740000000002292, -0.3012376972972579 
4.750000000002268, -0.3013323503629347 
4.760000000002245, -0.30148626562075864 
4.770000000002222, -0.3017299598243753 
4.7800000000021985, -0.3021116113305701 
4.790000000002175, -0.3026968465288129 
4.800000000002152, -0.3035639517809342 
4.810000000002129, -0.30479123212894643 
4.820000000002105, -0.30643230245976605 
4.830000000002082, -0.3084778818791315 
4.840000000002059, -0.31081704165230023 
4.850000000002035, -0.31323313318330637 
4.860000000002012, -0.31546501802979765 
4.870000000001989, -0.31730651623171424 
4.880000000001965, -0.3186685981454246 
4.890000000001942, -0.3195671502160915 
4.900000000001919, -0.32006959173190774 
4.9100000000018955, -0.32024677016184694 
4.920000000001872, -0.3201466563474539 
4.930000000001849, -0.31978387523212715 
4.940000000001826, -0.31913551452038696 
4.950000000001802, -0.31813872882176353 
4.960000000001779, -0.3166930883410558 
4.970000000001756, -0.3146794288110312 
4.980000000001732, -0.3120118641733523 
4.990000000001709, -0.3087220611798581 
5.000000000001686, -0.30502285900632903 
5.0100000000016625, -0.3012684569285847 
5.020000000001639, -0.2978106323727297 
5.030000000001616, -0.29486746141466325 
5.0400000000015925, -0.292495672542317 
5.050000000001569, -0.29064193095459945 
5.060000000001546, -0.2892062737713949 
5.070000000001523, -0.2880841189119362 
5.080000000001499, -0.2871862307681108 
5.090000000001476, -0.2864454097888081 
5.100000000001453, -0.2858167750126921 
5.110000000001429, -0.2852756995777255 
5.120000000001406, -0.28481602658000393 
5.130000000001383, -0.2844505529161313 
5.1400000000013595, -0.2842155561480863 
5.150000000001336, -0.2841813782990898 
5.160000000001313, -0.28447141118217767 
5.17000000000129, -0.28529000200580784 
5.180000000001266, -0.28694693263348037 
5.190000000001243, -0.2898133610398253 
5.20000000000122, -0.2939872177884422 
5.210000000001196, -0.29820501855827 
5.220000000001173, -0.2980769711947199 
5.23000000000115, -0.2870252469321283 
5.240000000001126, -0.2639117888014789 
5.250000000001103, -0.2370263940335943 
5.26000000000108, -0.2149208177667521 
5.2700000000010565, -0.1998719043434684 
5.280000000001033, -0.1904178208610762 
5.29000000000101, -0.18459463640906454 
5.300000000000987, -0.180981746655552 
5.310000000000963, -0.17870925458781808 
5.32000000000094, -0.1772726254884862 
5.330000000000917, -0.17638534765278555 
5.340000000000893, -0.17588996549979358 
5.35000000000087, -0.17570966864795018 
5.360000000000847, -0.1758248603917376 
5.3700000000008234, -0.17626606515281146 
5.3800000000008, -0.17712002836034849 
5.390000000000777, -0.17855008973325165 
5.4000000000007535, -0.18083554662890833 
5.41000000000073, -0.18443652748519562 
5.420000000000707, -0.19008227049538068 
5.430000000000684, -0.1988311891482569 
5.44000000000066, -0.21189587460612036 
5.450000000000637, -0.2297952658744448 
5.460000000000614, -0.25078903279847603 
5.47000000000059, -0.2705593477502166 
5.480000000000567, -0.28522809580994907 
5.490000000000544, -0.2941930145717652 
5.5000000000005205, -0.2991004367209626 
5.510000000000497, -0.3017111555160178 
5.520000000000474, -0.30313279399383986 
5.5300000000004506, -0.30393658876301577 
5.540000000000427, -0.3043986671960913 
5.550000000000404, -0.30465253243441387 
5.560000000000381, -0.3047643976833353 
5.570000000000357, -0.30476819286487866 
5.580000000000334, -0.30468279765630213 
5.590000000000311, -0.3045224425463033 
5.600000000000287, -0.3043049636429385 
5.610000000000264, -0.3040588319447862 
5.620000000000241, -0.30382716529095266 
5.6300000000002175, -0.30366595709204114 
5.640000000000194, -0.30363557510134653 
5.650000000000171, -0.3037876910778419 
5.660000000000148, -0.3041509185615376 
5.670000000000124, -0.3047177121780367 
5.680000000000101, -0.305436558545657 
5.690000000000078, -0.3062170254072014 
5.700000000000054, -0.3069523774394794 
5.710000000000031, -0.30755097037819523 
5.720000000000008, -0.30795740948522937 
5.729999999999984, -0.30815254007057724 
5.739999999999961, -0.308137960585457 
5.749999999999938, -0.3079169020190024 
5.7599999999999145, -0.30747775749799977 
5.769999999999891, -0.30677933283396336 
5.779999999999868, -0.3057334344555074 
5.789999999999845, -0.3041810604644938 
5.799999999999821, -0.30186560946249175 
5.809999999999798, -0.29842888413522617 
5.819999999999775, -0.2934972283654974 
5.829999999999751, -0.28693125973799083 
5.839999999999728, -0.2791393415511182 
5.849999999999705, -0.271077466232101 
5.8599999999996815, -0.2637634626327318 
5.869999999999658, -0.2577768091358448 
5.879999999999635, -0.25318968921851787 
5.8899999999996115, -0.24978931256169618 
5.899999999999588, -0.2472912152266178 
5.909999999999565, -0.2454439603724007 
5.919999999999542, -0.2440575858631851 
5.929999999999518, -0.24300039246442937 
5.939999999999495, -0.2421878913244707 
5.949999999999472, -0.2415729004089037 
5.959999999999448, -0.24113966786875016 
5.969999999999425, -0.2409032765589311 
5.979999999999402, -0.2409158736719835 
5.9899999999993785, -0.2412826992714026 
5.999999999999355, -0.24219338980742694 
6.009999999999332, -0.24397692276569796 
6.019999999999309, -0.24718658984116493 
6.029999999999285, -0.2526903867279767 
6.039999999999262, -0.2616012319480419 
6.049999999999239, -0.2744891477188031 
6.059999999999215, -0.2890544666061158 
6.069999999999192, -0.29797995950643963 
6.079999999999169, -0.2939432051634078 
6.089999999999145, -0.27921385454220654 
6.099999999999122, -0.2626171490952938 
6.109999999999099, -0.2496610347037785 
6.1199999999990755, -0.2410572266976588 
6.129999999999052, -0.23569591885873145 
6.139999999999029, -0.23241368911340204 
6.149999999999006, -0.2304057695076987 
6.159999999998982, -0.229180575651998 
6.169999999998959, -0.2284510914367653 
6.179999999998936, -0.22805424364881385 
6.189999999998912, -0.2279024175989272 
6.199999999998889, -0.22795707849803737 
6.209999999998866, -0.22821635336841148 
6.2199999999988425, -0.22871189340101333 
6.229999999998819, -0.22951280329622592 
6.239999999998796, -0.23073576465439843 
6.2499999999987725, -0.2325604382739431 
6.259999999998749, -0.23524604691484657 
6.269999999998726, -0.2391338033239144 
6.279999999998703, -0.24459368629513714 
6.289999999998679, -0.2518435317646359 
6.299999999998656, -0.2606174431963454 
6.309999999998633, -0.2699231349742187 
6.319999999998609, -0.2783587564958584 
6.329999999998586, -0.28491907113321463 
6.339999999998563, -0.28943559094253946 
6.3499999999985395, -0.2923057852509384 
6.359999999998516, -0.29404410947384824 
6.369999999998493, -0.29505471397215477 
6.37999999999847, -0.29559837221636903 
6.389999999998446, -0.2958273225604073 
6.399999999998423, -0.29582379722580127 
6.4099999999984, -0.29562732293190364 
6.419999999998376, -0.29525316380082123 
6.429999999998353, -0.29470726157260707 
6.43999999999833, -0.29400133023706937 
6.449999999998306, -0.2931674472016036 
6.459999999998283, -0.2922660286064843 
6.46999999999826, -0.29137979398479164 
6.4799999999982365, -0.29059399438692757 
6.489999999998213, -0.289973657676499 
6.49999999999819, -0.28954940810093105 
6.509999999998167, -0.2893146960743446 
6.519999999998143, -0.2892310247613711 
6.52999999999812, -0.2892385129014933 
6.539999999998097, -0.28927044670480057 
6.549999999998073, -0.28926798592049613 
6.55999999999805, -0.28918902449868716 
6.569999999998027, -0.28900804050084 
6.5799999999980034, -0.2887088718800591 
6.58999999999798, -0.2882742464281892 
6.599999999997957, -0.2876737100145854 
6.6099999999979335, -0.28684777703579056 
6.61999999999791, -0.2856819984908371 
6.629999999997887, -0.2839601616837749 
6.639999999997864, -0.2812847137594466 
6.64999999999784, -0.2769764864252919 
6.659999999997817, -0.2700729468292078 
6.669999999997794, -0.2597413652307518 
6.67999999999777, -0.24626557241501526 
6.689999999997747, -0.23162716486157403 
6.699999999997724, -0.21837672922019177 
6.7099999999977005, -0.20796041536451298 
6.719999999997677, -0.20044160628737223 
6.729999999997654, -0.19521688711491744 
6.7399999999976306, -0.19161139460656523 
6.749999999997607, -0.18909810944071137 
6.759999999997584, -0.18731639854434576 
6.769999999997561, -0.18603408557528892 
6.779999999997537, -0.18510847863053953 
6.789999999997514, -0.18445905178839034 
6.799999999997491, -0.1840518341186544 
6.809999999997467, -0.1838938885788801 
6.819999999997444, -0.1840377355403629 
6.829999999997421, -0.18459818823664903 
6.8399999999973975, -0.18578774463427525 
6.849999999997374, -0.18798095754141522 
6.859999999997351, -0.19181713317454277 
6.869999999997328, -0.198313718964634 
6.879999999997304, -0.20878037848464454 
6.889999999997281, -0.2237985101379608 
6.899999999997258, -0.24025046706930545 
6.909999999997234, -0.24917108701540833 
6.919999999997211, -0.24326358982279594 
6.929999999997188, -0.22713412322308 
6.939999999997164, -0.2105797055737789 
6.949999999997141, -0.19832466944533228 
6.959999999997118, -0.19039290747190146 
6.9699999999970945, -0.18548516466319437 
6.979999999997071, -0.18246666442976742 
6.989999999997048, -0.18059996548212442 
6.999999999997025, -0.17944814055249056 
7.009999999997001, -0.17876164042351067 
7.019999999996978, -0.17840345410939204 
7.029999999996955, -0.17830686454356923 
7.039999999996931, -0.1784544390025519 
7.049999999996908, -0.17887092734878315 
7.059999999996885, -0.17962683160384613 
7.0699999999968615, -0.18085245124181598 
7.079999999996838, -0.18276429095730753 
7.089999999996815, -0.1857055457980435 
7.0999999999967915, -0.19019362766901865 
7.109999999996768, -0.19693212402003948 
7.119999999996745, -0.20665489234883894 
7.129999999996722, -0.2195797925591772 
7.139999999996698, -0.23454411416477572 
7.149999999996675, -0.24889955067684588 
7.159999999996652, -0.26015031956944035 
7.169999999996628, -0.26760427624729394 
7.179999999996605, -0.27205312616454635 
7.189999999996582, -0.274595545610235 
7.1999999999965585, -0.2760390322580597 
7.209999999996535, -0.27685777618772817 
7.219999999996512, -0.27730706999460286 
7.229999999996489, -0.2775207777894881 
7.239999999996465, -0.2775686978193909 
7.249999999996442, -0.2774874100740044 
7.259999999996419, -0.2772978867469812 
7.269999999996395, -0.27701768883515326 
7.279999999996372, -0.27667102972227353 
7.289999999996349, -0.27629623535263675 
7.299999999996325, -0.27594765346188455 
7.309999999996302, -0.2756897105572844 
7.319999999996279, -0.2755846164993382 
7.3299999999962555, -0.27567817790813 
7.339999999996232, -0.2759871402625145 
7.349999999996209, -0.2764896562565823 
7.359999999996186, -0.27712258476400403 
7.369999999996162, -0.27779213184375223 
7.379999999996139, -0.2783987963160872 
7.389999999996116, -0.2788646641419722 
7.399999999996092, -0.2791467113845908 
7.409999999996069, -0.279231247783866 
7.419999999996046, -0.2791176008970865 
7.4299999999960225, -0.27880062760012303 
7.439999999995999, -0.2782553957923436 
7.449999999995976, -0.27742189104065895 
7.4599999999959525, -0.2761860805165973 
7.469999999995929, -0.2743572067415764 
7.479999999995906, -0.2716546635977395 
7.489999999995883, -0.26774771044753426 
7.499999999995859, -0.26241618356933544 
7.509999999995836, -0.255821781940745 
7.519999999995813, -0.248645493004714 
7.529999999995789, -0.24181233923380435 
7.539999999995766, -0.2360057639176568 
7.549999999995743, -0.23145055609605128 
7.5599999999957195, -0.22803576690238847 
7.569999999995696, -0.2255212084543819 
7.579999999995673, -0.22366651744093252 
7.58999999999565, -0.2222785946598543 
7.599999999995626, -0.221217602722957 
7.609999999995603, -0.22038932740494058 
7.61999999999558, -0.21973580968420076 
7.629999999995556, -0.2192283006925623 
7.639999999995533, -0.218864014149998 
7.64999999999551, -0.21866776064133045 
7.659999999995486, -0.21870005277553944 
7.669999999995463, -0.21907415497070937 
7.67999999999544, -0.21998446784328482 
7.6899999999954165, -0.22174156782244472 
7.699999999995393, -0.22477248471136999 
7.70999999999537, -0.22941276032900385 
7.719999999995347, -0.23501305177863108 
7.729999999995323, -0.23792228735286888 
7.7399999999953, -0.2307902793127302 
7.749999999995277, -0.20959230770771384 
7.759999999995253, -0.18164516402094683 
7.76999999999523, -0.1575138561405311 
7.779999999995207, -0.1409331080273763 
7.789999999995183, -0.13058592777635317 
7.79999999999516, -0.1242702175283188 
7.809999999995137, -0.12037300143831164 
7.8199999999951135, -0.11792030321946816 
7.82999999999509, -0.1163577706872821 
7.839999999995067, -0.11537673469048929 
7.849999999995044, -0.11481185260595828 
7.85999999999502, -0.114587372868216 
7.869999999994997, -0.11469311485317346 
7.879999999994974, -0.11518071484653591 
7.88999999999495, -0.11617844395438175 
7.899999999994927, -0.11793005407125365 
7.909999999994904, -0.12087142201602412 
7.9199999999948805, -0.12576636578447575 
7.929999999994857, -0.1339084532447078 
7.939999999994834, -0.14726226904317632 
7.9499999999948106, -0.16792014328381094 
7.959999999994787, -0.19556892853472718 
7.969999999994764, -0.22397121067825915 
7.979999999994741, -0.24407745881356693 
7.989999999994717, -0.25330937423526584 
7.999999999994694, -0.25573531656277404 
8.00999999999467, -0.25559100271141905 
8.019999999994647, -0.2549130183777434 
8.029999999994624, -0.2543300354029962 
8.0399999999946, -0.2539432674748655 
8.049999999994577, -0.2537163465666958 
8.059999999994554, -0.25359812457683284 
8.06999999999453, -0.25355122390889656 
8.079999999994508, -0.2535545648993742 
8.089999999994484, -0.2536012412065446 
8.099999999994461, -0.2536974437633234 
8.109999999994438, -0.25386347548427124 
8.119999999994414, -0.25413640585068575 
8.129999999994391, -0.25457314613431337 
8.139999999994368, -0.25525213847090245 
8.149999999994344, -0.2562711244392729 
8.159999999994321, -0.25773661152383726 
8.169999999994298, -0.25973730935742156 
8.179999999994275, -0.2622940231517222 
8.189999999994251, -0.2652959950437345 
8.199999999994228, -0.2684728622940911 
8.209999999994205, -0.27146418674203343 
8.219999999994181, -0.2739676190828905 
8.229999999994158, -0.2758471996883383 
8.239999999994135, -0.27712510309716587 
8.249999999994111, -0.2779029605682213 
8.259999999994088, -0.27829055359057453 
8.269999999994065, -0.2783702417220943 
8.279999999994041, -0.27818739693723626 
8.289999999994018, -0.2777518487214491 
8.299999999993995, -0.277043051964516 
8.309999999993972, -0.27601955303471304 
8.319999999993948, -0.27463830395303335 
8.329999999993925, -0.27288822724409684 
8.339999999993902, -0.270829282257099 
8.349999999993878, -0.26860792640303377 
8.359999999993855, -0.26642193518858126 
8.369999999993832, -0.2644501355238741 
8.379999999993808, -0.26279819829453077 
8.389999999993785, -0.2614900521492809 
8.399999999993762, -0.2604910646423705 
8.409999999993738, -0.2597368719307758 
8.419999999993715, -0.2591550638828085 
8.429999999993692, -0.25867880885828165 
8.439999999993669, -0.2582542169164321 
8.449999999993645, -0.2578424532505737 
8.459999999993622, -0.25741767967239326 
8.469999999993599, -0.25696252345788734 
8.479999999993575, -0.2564624605004294 
8.489999999993552, -0.2558989215698001 
8.499999999993529, -0.25523806360047663 
8.509999999993505, -0.25440648770603347 
8.519999999993482, -0.25323246554061607 
8.529999999993459, -0.2513060694090994 
8.539999999993436, -0.24769074591331924 
8.549999999993412, -0.2405465051948255 
8.559999999993389, -0.22737777025545047 
8.569999999993366, -0.20728975823730872 
8.579999999993342, -0.18376601644473628 
8.589999999993319, -0.16255913998924507 
8.599999999993296, -0.14678066757027786 
8.609999999993272, -0.13620612204293545 
8.619999999993249, -0.12938015083973112 
8.629999999993226, -0.12496933675061991 
8.639999999993202, -0.12206598839258198 
8.64999999999318, -0.12011155186756221 
8.659999999993156, -0.11877489703522218 
8.669999999993133, -0.11786503184456062 
8.67999999999311, -0.11727947082945293 
8.689999999993086, -0.11697748768661667 
8.699999999993063, -0.11697069688343224 
8.70999999999304, -0.11732844139910266 
8.719999999993016, -0.11820049673528735 
8.729999999992993, -0.11986513412934055 
8.73999999999297, -0.12281494558340891 
8.749999999992946, -0.12788042461257457 
8.759999999992923, -0.13628908501059472 
8.7699999999929, -0.14914441320315505 
8.779999999992876, -0.16501815551147278 
8.789999999992853, -0.17599039448397388 
8.79999999999283, -0.17143686831657512 
8.809999999992806, -0.15273900939286417 
8.819999999992783, -0.13187679800510763 
8.82999999999276, -0.11619108889465976 
8.839999999992736, -0.10613362467601135 
8.849999999992713, -0.09998646082996178 
8.85999999999269, -0.09622679836946134 
8.869999999992666, -0.09389108404247798 
8.879999999992643, -0.09242573355711602 
8.88999999999262, -0.09152367744683707 
8.899999999992596, -0.09102203634030685 
8.909999999992573, -0.09084759553000063 
8.91999999999255, -0.09099244629425438 
8.929999999992527, -0.09151029318677593 
8.939999999992503, -0.09253166773791066 
8.94999999999248, -0.09430364587125752 
8.959999999992457, -0.09726823936549214 
8.969999999992433, -0.1022011591708863 
8.97999999999241, -0.11041524560610294 
8.989999999992387, -0.12388463226544597 
8.999999999992363, -0.14461243646787564 
9.00999999999234, -0.17194422405602772 
9.019999999992317, -0.19930652633789803 
9.029999999992294, -0.21812893391206073 
9.03999999999227, -0.22665090186080777 
9.049999999992247, -0.22898289655969456 
9.059999999992224, -0.2289875987497588 
9.0699999999922, -0.22846882724887094 
9.079999999992177, -0.22799247229443886 
9.089999999992154, -0.22766432355967456 
9.09999999999213, -0.22746561698963047 
9.109999999992107, -0.22736017559221522 
9.119999999992084, -0.22732120719725546 
9.12999999999206, -0.22733539027913907 
9.139999999992037, -0.22740258935945495 
9.149999999992014, -0.22753631936938437 
9.15999999999199, -0.22776599916801382 
9.169999999991967, -0.22814063413804972 
9.179999999991944, -0.22873284060879465 
9.18999999999192, -0.22964144836472006 
9.199999999991897, -0.23098942366197056 
9.209999999991874, -0.23290996207074524 
9.21999999999185, -0.2355077861800546 
9.229999999991827, -0.23878513142173236 
9.239999999991804, -0.242555130375874 
9.24999999999178, -0.24642626466568612 
9.259999999991757, -0.24993531413087156 
9.269999999991734, -0.2527550990557418 
9.27999999999171, -0.2547954560464211 
9.289999999991688, -0.2561440820590425 
9.299999999991664, -0.2569522323982394 
9.309999999991641, -0.25735757113820124 
9.319999999991618, -0.25745624592853605 
9.329999999991594, -0.2573017409701047 
9.339999999991571, -0.2569124800873433 
9.349999999991548, -0.2562817699058703 
9.359999999991524, -0.2553911543637215 
9.369999999991501, -0.2542305569839932 
9.379999999991478, -0.2528243254267896 
9.389999999991455, -0.25125127930546914 
9.399999999991431, -0.249639568903315 
9.409999999991408, -0.24813074644499894 
9.419999999991385, -0.24683499247116428 
9.429999999991361, -0.24580629298251191 
9.439999999991338, -0.24504433705433842 
9.449999999991315, -0.24451026594165218 
9.459999999991291, -0.24414383753513724 
9.469999999991268, -0.24387807554903113 
9.479999999991245, -0.24365109433145515 
9.489999999991221, -0.24341369400015944 
9.499999999991198, -0.24313102003529535 
9.509999999991175, -0.24277861726896627 
9.519999999991152, -0.24233485652202869 
9.529999999991128, -0.2417709667137106 
9.539999999991105, -0.24103716771996292 
9.549999999991082, -0.24003929482240055 
9.559999999991058, -0.23859438669619865 
9.569999999991035, -0.23634740434451113 
9.579999999991012, -0.23264150172225725 
9.589999999990988, -0.2264262331270357 
9.599999999990965, -0.21654560511257465 
9.609999999990942, -0.20282325314144636 
9.619999999990918, -0.18715248698186684 
9.629999999990895, -0.17257879856643626 
9.639999999990872, -0.16107553981274175 
9.649999999990849, -0.15286737864953653 
9.659999999990825, -0.14727061007730935 
9.669999999990802, -0.14348742655310892 
9.679999999990779, -0.14090047574802494 
9.689999999990755, -0.13909500675121303 
9.699999999990732, -0.13780824090967736 
9.709999999990709, -0.13687963652894952 
9.719999999990685, -0.13621685683042764 
9.729999999990662, -0.13577603166203508 
9.739999999990639, -0.13555316785468985 
9.749999999990616, -0.135585309808247 
9.759999999990592, -0.13596239217002243 
9.769999999990569, -0.13685284299050232 
9.779999999990546, -0.13854515773939338 
9.789999999990522, -0.14149049603181724 
9.799999999990499, -0.14624691706125467 
9.809999999990476, -0.15294406356583362 
9.819999999990452, -0.1594472665313596 
9.829999999990429, -0.15878115700592435 
9.839999999990406, -0.142922384893071 
9.849999999990382, -0.11531309951029181 
9.85999999999036, -0.08867172677331489 
9.869999999990336, -0.06980606763961361 
9.879999999990313, -0.05811376516466332 
9.88999999999029, -0.05110345980897666 
9.899999999990266, -0.04684917203333212 
9.909999999990243, -0.04419943448020428 
9.91999999999022, -0.04251358419566977 
9.929999999990196, -0.04144273909345293 
9.939999999990173, -0.04080342223211366 
9.94999999999015, -0.04051316134783341 
9.959999999990126, -0.040562939204346476 
9.969999999990103, -0.041014649456559346 
9.97999999999008, -0.042022449723651545 
9.989999999990056, -0.04388699586340238 
9.999999999990033, -0.047162615212475584 
10.00999999999001, -0.05283890865620411 
10.019999999989986, -0.06253606373318432 
10.029999999989963, -0.07819214438321673 
10.03999999998994, -0.09948715242712207 
10.049999999989916, -0.1182755327953888 
10.059999999989893, -0.12124038752296866 
10.06999999998987, -0.1079056148069197 
10.079999999989846, -0.09058561392698564 
10.089999999989823, -0.07717902957914256 
10.0999999999898, -0.06852336994394981 
10.109999999989776, -0.06321881455729689 
10.119999999989753, -0.0599688082047055 
10.12999999998973, -0.057949689998828866 
10.139999999989707, -0.05668992468118865 
10.149999999989683, -0.05593114666927183 
10.15999999998966, -0.05554162923558037 
10.169999999989637, -0.05547164419836971 
10.179999999989613, -0.05573636943359857 
10.18999999998959, -0.05641973062416457 
10.199999999989567, -0.057700740995513186 
10.209999999989543, -0.05991308637962457 
10.21999999998952, -0.06366022203658185 
10.229999999989497, -0.07001381956079636 
10.239999999989474, -0.08076361704398285 
10.24999999998945, -0.09832918972497026 
10.259999999989427, -0.12396697810760615 
10.269999999989404, -0.15327162884116372 
10.27999999998938, -0.1757018734064662 
10.289999999989357, -0.18545106309069778 
10.299999999989334, -0.1864680941557684 
10.30999999998931, -0.1844776905471885 
10.319999999989287, -0.182299258105646 
10.329999999989264, -0.1806678238782856 
10.33999999998924, -0.17958314426915992 
10.349999999989217, -0.17889904231205683 
10.359999999989194, -0.1784875527391409 
10.36999999998917, -0.17826448795358038 
10.379999999989147, -0.17818305846042923 
10.389999999989124, -0.17822520102586836 
10.3999999999891, -0.17839694964871755 
10.409999999989077, -0.1787284849423963 
10.419999999989054, -0.17927856075236007 
10.42999999998903, -0.18014306727759194 
10.439999999989007, -0.18146729842850445 
10.449999999988984, -0.18345949532536132 
10.45999999998896, -0.18639561535299276 
10.469999999988937, -0.19058615768218423 
10.479999999988914, -0.19624979817633847 
10.48999999998889, -0.20326076882785235 
10.499999999988868, -0.21091691869146012 
10.509999999988844, -0.2180968235853788 
10.519999999988821, -0.2238714844990342 
10.529999999988798, -0.22795908641307167 
10.539999999988774, -0.2306058809415644 
10.549999999988751, -0.23222394328400467 
10.559999999988728, -0.23316540148387604 
10.569999999988704, -0.2336678836450481 
10.579999999988681, -0.23387423589732195 
10.589999999988658, -0.23386416731071846 
10.599999999988635, -0.23367923768058638 
10.609999999988611, -0.23334091419885472 
10.619999999988588, -0.23286533475661658 
10.629999999988565, -0.23227686856286817 
10.639999999988541, -0.2316187598314043 
10.649999999988518, -0.2309558490440578 
10.659999999988495, -0.23036584238801167 
10.669999999988471, -0.22992249222631647 
10.679999999988448, -0.22967917421356324 
10.689999999988425, -0.22965844247270195 
10.699999999988401, -0.2298471319903721 
10.709999999988378, -0.23019604208124686 
10.719999999988355, -0.2306272666278179 
10.729999999988332, -0.23105182661304444 
10.739999999988308, -0.23139191805664522 
10.749999999988285, -0.2315955965111438 
10.759999999988262, -0.2316367634642858 
10.769999999988238, -0.23150379407867988 
10.779999999988215, -0.23118428456453205 
10.789999999988192, -0.2306500385876015 
10.799999999988168, -0.22984170205716642 
10.809999999988145, -0.22865066291792635 
10.819999999988122, -0.22689923872946186 
10.829999999988098, -0.22433340212971511 
10.839999999988075, -0.22066918907715052 
10.849999999988052, -0.2157489069849968 
10.859999999988029, -0.209776659118918 
10.869999999988005, -0.20340030647300936 
10.879999999987982, -0.19743055209849095 
10.889999999987959, -0.19242574921887565 
10.899999999987935, -0.18854038498744527 
10.909999999987912, -0.1856523689162896 
10.919999999987889, -0.1835411511845569 
10.929999999987865, -0.18199262188328214 
10.939999999987842, -0.1808354723560533 
10.949999999987819, -0.17994451599571332 
10.959999999987796, -0.17923360664667937 
10.969999999987772, -0.17864717374622385 
10.979999999987749, -0.17815312457870056 
10.989999999987726, -0.1777379009596966 
10.999999999987702, -0.17740383490902484 
11.009999999987679, -0.17716815328545718 
11.019999999987656, -0.17706060586535552 
11.029999999987632, -0.17710878524442716 
11.039999999987609, -0.17727539835148762 
11.049999999987586, -0.17724586672275813 
11.059999999987562, -0.17585988326421806 
11.06999999998754, -0.17016707530700442 
11.079999999987516, -0.15571894051872945 
11.089999999987493, -0.13137883523652605 
11.09999999998747, -0.10382616398053353 
11.109999999987446, -0.08118693115098208 
11.119999999987423, -0.06587053767937641 
11.1299999999874, -0.056327154361826795 
11.139999999987376, -0.0504623306990024 
11.149999999987353, -0.04679134276816954 
11.15999999998733, -0.04442646906699148 
11.169999999987306, -0.042862924345792884 
11.179999999987283, -0.04181813708978472 
11.18999999998726, -0.04113883128401111 
11.199999999987236, -0.040752640697247475 
11.209999999987213, -0.04064668447335825 
11.21999999998719, -0.040864626867767075 
11.229999999987166, -0.04152053191936304 
11.239999999987143, -0.04283219755574179 
11.24999999998712, -0.045174080003686105 
11.259999999987096, -0.04911368855248889 
11.269999999987073, -0.05522308804796341 
11.27999999998705, -0.06293933243130487 
11.289999999987026, -0.06750502398389001 
11.299999999987003, -0.05892080484593386 
11.30999999998698, -0.03389801411881048 
11.319999999986956, -0.004845317326273023 
11.329999999986933, 0.01659417555599804 
11.33999999998691, 0.029596464828782244 
11.349999999986887, 0.037006388905561086 
11.359999999986863, 0.04120039910184502 
11.36999999998684, 0.043588021697201336 
11.379999999986817, 0.04493171420346201 
11.389999999986793, 0.0456367411341423 
11.39999999998677, 0.045915267245373155 
11.409999999986747, 0.04586851806151178 
11.419999999986723, 0.045523734098868514 
11.4299999999867, 0.04484444348802357 
11.439999999986677, 0.04372104579722431 
11.449999999986654, 0.04194447541556093 
11.45999999998663, 0.039178209243508386 
11.469999999986607, 0.03502153297568983 
11.479999999986584, 0.02954869976219731 
11.48999999998656, 0.025249662404569367 
11.499999999986537, 0.02972374005396926 
11.509999999986514, 0.05007595496131423 
11.51999999998649, 0.07878079991007572 
11.529999999986467, 0.10221933867545255 
11.539999999986444, 0.1167234085644913 
11.54999999998642, 0.1248406626761726 
11.559999999986397, 0.1293111089963094 
11.569999999986374, 0.13179463936307229 
11.57999999998635, 0.1331756185536939 
11.589999999986327, 0.13391801305176657 
11.599999999986304, 0.13426922525573579 
11.60999999998628, 0.1343629355832342 
11.619999999986257, 0.13427076529107093 
11.629999999986234, 0.1340310868893156 
11.63999999998621, 0.1336731255389075 
11.649999999986187, 0.13325792495694397 
11.659999999986164, 0.1329797984071494 
11.66999999998614, 0.1334113811032513 
11.679999999986117, 0.135925701025075 
11.689999999986094, 0.14273595202364728 
11.69999999998607, 0.154956591815503 
11.709999999986048, 0.1697582849945126 
11.719999999986024, 0.18248694835489887 
11.729999999986001, 0.19116067848119261 
11.739999999985978, 0.1963921714847518 
11.749999999985954, 0.19938084923640975 
11.759999999985931, 0.20103323272382 
11.769999999985908, 0.20190347902363218 
11.779999999985884, 0.20231566730836525 
11.789999999985861, 0.20246475756366217 
11.799999999985838, 0.20247595938598253 
11.809999999985815, 0.20243739411115058 
11.819999999985791, 0.20241989155342344 
11.829999999985768, 0.20249227991610746 
11.839999999985745, 0.202735970387972 
11.849999999985721, 0.20325802868472737 
11.859999999985698, 0.2041940962951993 
11.869999999985675, 0.2056804347704746 
11.879999999985651, 0.2077728583053451 
11.889999999985628, 0.21033809996504466 
11.899999999985605, 0.21303082428907244 
11.909999999985581, 0.21544023720764893 
11.919999999985558, 0.21728794163925635 
11.929999999985535, 0.21849334695668285 
11.939999999985512, 0.2191048252189903 
11.949999999985488, 0.21921026946859784 
11.959999999985465, 0.21889152984156762 
11.969999999985442, 0.21822161506886428 
11.979999999985418, 0.21728236029471776 
11.989999999985395, 0.21617921417455827 
11.999999999985372, 0.215035658910037 
12.009999999985348, 0.2139671999178213 
12.019999999985325, 0.21305443371113317 
12.029999999985302, 0.2123342455867868 
12.039999999985278, 0.21180939617009117 
12.049999999985255, 0.21146370947942877 
12.059999999985232, 0.21127218089518748 
12.069999999985209, 0.21120308515318778 
12.079999999985185, 0.21121447862788187 
12.089999999985162, 0.21124953347939351 
12.099999999985139, 0.21123458511394994 
12.109999999985115, 0.2110802537512287 
12.119999999985092, 0.21068085293628772 
12.129999999985069, 0.2099048799934733 
12.139999999985045, 0.20857334380578701 
12.149999999985022, 0.20643499881856328 
12.159999999984999, 0.20317529156744177 
12.169999999984976, 0.19854244520163797 
12.179999999984952, 0.19266242029804742 
12.189999999984929, 0.18633354709669153 
12.199999999984906, 0.18074093555177323 
12.209999999984882, 0.17664203814797835 
12.219999999984859, 0.1740164973660508 
12.229999999984836, 0.17243271111773437 
12.239999999984812, 0.17145983626050182 
12.249999999984789, 0.17080637823945688 
12.259999999984766, 0.17030017305948145 
12.269999999984742, 0.1698375236294038 
12.27999999998472, 0.16934314497687314 
12.289999999984696, 0.16874205251058894 
12.299999999984673, 0.16793518032440852 
12.30999999998465, 0.16676852823314106 
12.319999999984626, 0.16498139013760732 
12.329999999984603, 0.1621100053075715 
12.33999999998458, 0.15731571254573767 
12.349999999984556, 0.1491579720324851 
12.359999999984533, 0.1356809686134453 
12.36999999998451, 0.1161261171682439 
12.379999999984486, 0.09474467692565933 
12.389999999984463, 0.07957393610094571 
12.39999999998444, 0.0732298087282443 
12.409999999984416, 0.07210552445688104 
12.419999999984393, 0.0726808842855697 
12.42999999998437, 0.07343302084402657 
12.439999999984346, 0.07395016045436772 
12.449999999984323, 0.07418846038285168 
12.4599999999843, 0.07418287258706643 
12.469999999984276, 0.07396194736943107 
12.479999999984253, 0.07352525771273846 
12.48999999998423, 0.07283295164841495 
12.499999999984206, 0.07178941291091111 
12.509999999984183, 0.07020923472206947 
12.51999999998416, 0.06774792550051047 
12.529999999984136, 0.06376532868424613 
12.539999999984113, 0.057077766354647695 
12.54999999998409, 0.04563302221321663 
12.559999999984067, 0.0266976832092334 
12.569999999984043, -0.00032376097583313205 
12.57999999998402, -0.02759558458535405 
12.589999999983997, -0.04356068092141243 
12.599999999983973, -0.04659591108102838 
12.60999999998395, -0.043765063610492004 
12.619999999983927, -0.04017093902128553 
12.629999999983903, -0.03737694693574707 
12.63999999998388, -0.035470791423015444 
12.649999999983857, -0.034226321747023704 
12.659999999983834, -0.03343772511062063 
12.66999999998381, -0.03297194512539528 
12.679999999983787, -0.03275888412793018 
12.689999999983764, -0.032778106189564477 
12.69999999998374, -0.03305421181007936 
12.709999999983717, -0.033663639108178676 
12.719999999983694, -0.03475655408213564 
12.72999999998367, -0.036602193618118374 
12.739999999983647, -0.039672907823401465 
12.749999999983624, -0.044784196310930405 
12.7599999999836, -0.05326627728205317 
12.769999999983577, -0.06691980293749702 
12.779999999983554, -0.08693208993901644 
12.78999999998353, -0.11105092773837084 
12.799999999983507, -0.1324996853632277 
12.809999999983484, -0.14583999497039907 
12.81999999998346, -0.15176509704292016 
12.829999999983437, -0.15369293613040758 
12.839999999983414, -0.15407005930774917 
12.84999999998339, -0.15398626590652342 
12.859999999983367, -0.15382045304913142 
12.869999999983344, -0.1536807766007906 
12.87999999998332, -0.15358986100981703 
12.889999999983297, -0.15354985956509204 
12.899999999983274, -0.15356379745912216 
12.90999999998325, -0.15364332965190583 
12.919999999983228, -0.15381347843716564 
12.929999999983204, -0.15411789787258284 
12.939999999983181, -0.15462578423285647 
12.949999999983158, -0.15544063991264628 
12.959999999983134, -0.1567101942824865 
12.969999999983111, -0.15863361056220968 
12.979999999983088, -0.161452482628636 
12.989999999983064, -0.16539380875954193 
12.999999999983041, -0.17052446503086602 
13.009999999983018, -0.17654327084813526 
13.019999999982995, -0.18271260819853086 
13.029999999982971, -0.18815784578117767 
13.039999999982948, -0.19233977769715832 
13.049999999982925, -0.19521869373048667 
13.059999999982901, -0.19705356665399748 
13.069999999982878, -0.1981545827754239 
13.079999999982855, -0.19876502834335558 
13.089999999982831, -0.19904412816623168 
13.099999999982808, -0.19908606376089935 
13.109999999982785, -0.19894263243377178 
13.119999999982761, -0.19864165228064184 
13.129999999982738, -0.19820216702680443 
13.139999999982715, -0.1976482730010916 
13.149999999982692, -0.1970205641408117 
13.159999999982668, -0.19638085579647424 
13.169999999982645, -0.19580619585823159 
13.179999999982622, -0.19537402841312826 
13.189999999982598, -0.19514609185144954 
13.199999999982575, -0.19515700265317226 
13.209999999982552, -0.1954072285098066 
13.219999999982528, -0.1958585864321793 
13.229999999982505, -0.19643564726271612 
13.239999999982482, -0.19703965605367907 
13.249999999982458, -0.19757392107839483 
13.259999999982435, -0.19796731001421625 
13.269999999982412, -0.1981820581856356 
13.279999999982389, -0.19820487548171833 
13.289999999982365, -0.19803033681937735 
13.299999999982342, -0.19764454170570783 
13.309999999982319, -0.19701128490102768 
13.319999999982295, -0.19605985983819055 
13.329999999982272, -0.19467574358366108 
13.339999999982249, -0.19270385928122652 
13.349999999982225, -0.18998729373174494 
13.359999999982202, -0.18646437282999934 
13.369999999982179, -0.18229365808478265 
13.379999999982156, -0.17788351755416423 
13.389999999982132, -0.17373301460355967 
13.399999999982109, -0.17020265232656157 
13.409999999982086, -0.16741653442074175 
13.419999999982062, -0.16531947991776716 
13.429999999982039, -0.16377753497872666 
13.439999999982016, -0.16264622678761287 
13.449999999981992, -0.16179990644204495 
13.459999999981969, -0.16113942795758782 
13.469999999981946, -0.16059125118566597 
13.479999999981922, -0.1601033904706135 
13.4899999999819, -0.15963988064102458 
13.499999999981876, -0.1591743332102791 
13.509999999981853, -0.15868232200987287 
13.51999999998183, -0.15813042417180764 
13.529999999981806, -0.15745554521980304 
13.539999999981783, -0.15651908612415438 
13.54999999998176, -0.15500329436045387 
13.559999999981736, -0.15220264153544358 
13.569999999981713, -0.14674382258467145 
13.57999999998169, -0.13670393369655875 
13.589999999981666, -0.12116032215858381 
13.599999999981643, -0.10245572252005049 
13.60999999998162, -0.08510987547557336 
13.619999999981596, -0.07193875550965996 
13.629999999981573, -0.06301597559888375 
13.63999999998155, -0.05723194955866066 
13.649999999981526, -0.05348853306024818 
13.659999999981503, -0.05101755599189459 
13.66999999998148, -0.049339449811376654 
13.679999999981456, -0.04816582399881049 
13.689999999981433, -0.04732600971877438 
13.69999999998141, -0.046722179702923895 
13.709999999981386, -0.04630419268383691 
13.719999999981363, -0.04605680329151844 
13.72999999998134, -0.045994593623314 
13.739999999981316, -0.04616043066484235 
13.749999999981293, -0.046617828607293285 
13.75999999998127, -0.04740476657410775 
13.769999999981247, -0.04834551163593405 
13.779999999981223, -0.04846948133366791 
13.7899999999812, -0.04486153597712006 
13.799999999981177, -0.03258077667678438 
13.809999999981153, -0.00999875597020639 
13.81999999998113, 0.015409962512788084 
13.829999999981107, 0.035347820463672824 
13.839999999981083, 0.04810938256453583 
13.84999999998106, 0.05560262436951818 
13.859999999981037, 0.05991525608292778 
13.869999999981014, 0.06240451284325342 
13.87999999998099, 0.06384117415269876 
13.889999999980967, 0.06465093605072139 
13.899999999980944, 0.06507018435191134 
13.90999999998092, 0.06523065699389168 
13.919999999980897, 0.06520382258810227 
13.929999999980874, 0.06502494470476655 
13.93999999998085, 0.0647093018521955 
13.949999999980827, 0.06427326310216147 
13.959999999980804, 0.06378565289386405 
13.96999999998078, 0.06351152866654494 
13.979999999980757, 0.0642656787894452 
13.989999999980734, 0.06797025094914173 
13.99999999998071, 0.07741901275631151 
14.009999999980687, 0.09319843997947837 
14.019999999980664, 0.1108256385285989 
14.02999999998064, 0.12500072520606423 
14.039999999980617, 0.13428549702290443 
14.049999999980594, 0.13980788215116643 
14.05999999998057, 0.14297923365518547 
14.069999999980547, 0.14477364571050547 
14.079999999980524, 0.14576750796833052 
14.0899999999805, 0.14629255723725781 
14.099999999980477, 0.14654462518577976 
14.109999999980454, 0.14664590883876527 
14.11999999998043, 0.1466803277064998 
14.129999999980408, 0.14671684541285981 
14.139999999980384, 0.14683042286540704 
14.149999999980361, 0.14712784826236072 
14.159999999980338, 0.14778342336104963 
14.169999999980314, 0.14907816980650643 
14.179999999980291, 0.1513968111518153 
14.189999999980268, 0.15507215118268816 
14.199999999980244, 0.16002220002433706 
14.209999999980221, 0.16550604500619315 
14.219999999980198, 0.17049251174493685 
14.229999999980175, 0.17432416153470395 
14.239999999980151, 0.1769109987892634 
14.249999999980128, 0.17847608512951535 
14.259999999980105, 0.17929659498765194 
14.269999999980081, 0.17959853831002165 
14.279999999980058, 0.17954788363988747 
14.289999999980035, 0.17927026324783868 
14.299999999980011, 0.17886804889438435 
14.309999999979988, 0.1784272433500815 
14.319999999979965, 0.17801773152395364 
14.329999999979941, 0.17769339035389592 
14.339999999979918, 0.17749561541066214 
14.349999999979895, 0.1774591142866377 
14.359999999979872, 0.17761591762751577 
14.369999999979848, 0.1779928749493738 
14.379999999979825, 0.17859918698761643 
14.389999999979802, 0.179405876693891 
14.399999999979778, 0.18032962486754625 
14.409999999979755, 0.1812397030382689 
14.419999999979732, 0.18199245731478084 
14.429999999979708, 0.18247019719044216 
14.439999999979685, 0.18259599419116407 
14.449999999979662, 0.18232132473782256 
14.459999999979638, 0.18160682898464223 
14.469999999979615, 0.1804188823805927 
14.479999999979592, 0.17875497796759138 
14.489999999979569, 0.1766916301594787 
14.499999999979545, 0.1744156371767102 
14.509999999979522, 0.17218563246942734 
14.519999999979499, 0.17022945681436205 
14.529999999979475, 0.16866177890998674 
14.539999999979452, 0.16748254244552024 
14.549999999979429, 0.16662805213349147 
14.559999999979405, 0.1660194341290189 
14.569999999979382, 0.16558593438835523 
14.579999999979359, 0.1652681768088468 
14.589999999979335, 0.1650119522259894 
14.599999999979312, 0.16475941824719872 
14.609999999979289, 0.16444066600767931 
14.619999999979266, 0.1639654991162918 
14.629999999979242, 0.16321208184586025 
14.639999999979219, 0.16200658536506568 
14.649999999979196, 0.1600893563527534 
14.659999999979172, 0.1570766249954147 
14.669999999979149, 0.15247250210851976 
14.679999999979126, 0.14587878780449323 
14.689999999979102, 0.1375442213612918 
14.69999999997908, 0.12884075452472202 
14.709999999979056, 0.12160939404824826 
14.719999999979033, 0.11674054812695478 
14.72999999997901, 0.11389525880039872 
14.739999999978986, 0.11231322075353105 
14.749999999978963, 0.11139349667990057 
14.75999999997894, 0.11078635203242423 
14.769999999978916, 0.11030887977696728 
14.779999999978893, 0.109862112059641 
14.78999999997887, 0.10938017423455626 
14.799999999978846, 0.1088004370684766 
14.809999999978823, 0.10804155006106544 
14.8199999999788, 0.10697910629242827 
14.829999999978776, 0.10540821321813451 
14.839999999978753, 0.10297755519164856 
14.84999999997873, 0.09907474867779699 
14.859999999978706, 0.09266461823223816 
14.869999999978683, 0.08224067908536817 
14.87999999997866, 0.06655653238956279 
14.889999999978636, 0.04701501559182035 
14.899999999978613, 0.029198196186971392 
14.90999999997859, 0.018094370594246408 
14.919999999978566, 0.013293634886025307 
14.929999999978543, 0.011816196111258965 
14.93999999997852, 0.011535979684399643 
14.949999999978496, 0.01153405703984019 
14.959999999978473, 0.011507084822362785 
14.96999999997845, 0.011376093993950252 
14.979999999978427, 0.011125745290033233 
14.989999999978403, 0.010747909066636953 
14.99999999997838, 0.010221021295042635 
15.009999999978357, 0.009498055233142665 
15.019999999978333, 0.008491905292216566 
15.02999999997831, 0.007050695195817349 
15.039999999978287, 0.0049135289549752815 
15.049999999978263, 0.0016328222732868596 
15.05999999997824, -0.003272280168595869 
15.069999999978217, -0.011106304244996156 
15.079999999978194, -0.023508290944497696 
15.08999999997817, -0.041100779301339 
15.099999999978147, -0.061335548999650734 
15.109999999978124, -0.07853988080717964 
15.1199999999781, -0.08905215990759084 
15.129999999978077, -0.0938766484728425 
15.139999999978054, -0.09563542292610125 
15.14999999997803, -0.09612680600929713 
15.159999999978007, -0.09617945273385994 
15.169999999977984, -0.09611032580278807 
15.17999999997796, -0.09602984146746302 
15.189999999977937, -0.09597639873371279 
15.199999999977914, -0.095968288079251 
15.20999999997789, -0.09602394770333422 
15.219999999977867, -0.09617192128416194 
15.229999999977844, -0.09645880399141296 
15.23999999997782, -0.0969586438631643 
15.249999999977797, -0.09778578058001194 
15.259999999977774, -0.09911256247710257 
15.26999999997775, -0.10119096723003936 
15.279999999977727, -0.10436645738288719 
15.289999999977704, -0.10904258530217067 
15.29999999997768, -0.11550920464288028 
15.309999999977657, -0.12357677677368291 
15.319999999977634, -0.13226037847335634 
15.32999999997761, -0.14009582701466178 
15.339999999977588, -0.146053429769173 
15.349999999977564, -0.1500160650140322 
15.359999999977541, -0.1524376156526471 
15.369999999977518, -0.15384938292356673 
15.379999999977494, -0.15464362304797957 
15.389999999977471, -0.15506209950993524 
15.399999999977448, -0.15524303901017408 
15.409999999977424, -0.15526409067970148 
15.419999999977401, -0.15517096206555372 
15.429999999977378, -0.15499589447187598 
15.439999999977355, -0.15477062227279098 
15.449999999977331, -0.1545357825942113 
15.459999999977308, -0.15434623922056154 
15.469999999977285, -0.15427107509221816 
15.479999999977261, -0.1543885062645352 
15.489999999977238, -0.15477739591310882 
15.499999999977215, -0.15550524374143523 
15.509999999977191, -0.15660878158449507 
15.519999999977168, -0.15806521362778553 
15.529999999977145, -0.1597666325122596 
15.539999999977121, -0.16152720285079564 
15.549999999977098, -0.1631400553296275 
15.559999999977075, -0.16445196173929463 
15.569999999977052, -0.1654000909411562 
15.579999999977028, -0.16599517183750806 
15.589999999977005, -0.166281048029719 
15.599999999976982, -0.1663013616565437 
15.609999999976958, -0.16608229775704422 
15.619999999976935, -0.16562743039495983 
15.629999999976912, -0.16492030370311636 
15.639999999976888, -0.16393465632063753 
15.649999999976865, -0.1626549229284657 
15.659999999976842, -0.16110563562740826 
15.669999999976818, -0.15937543835213847 
15.679999999976795, -0.15761161557459946 
15.689999999976772, -0.1559771404332972 
15.699999999976749, -0.15459741681658318 
15.709999999976725, -0.15353274293707292 
15.719999999976702, -0.15278334786223888 
15.729999999976679, -0.15230863770781078 
15.739999999976655, -0.1520445571792522 
15.749999999976632, -0.15191618314531471 
15.759999999976609, -0.15184870347949692 
15.769999999976585, -0.15177728530275955 
15.779999999976562, -0.15165259655321578 
15.789999999976539, -0.15143940009944495 
15.799999999976515, -0.15110896960687814 
15.809999999976492, -0.1506275916918532 
15.819999999976469, -0.14994194878815192 
15.829999999976446, -0.14895976267079503 
15.839999999976422, -0.14752368925955273 
15.849999999976399, -0.14538338569491535 
15.859999999976376, -0.14219546476570225 
15.869999999976352, -0.13762539805299448 
15.879999999976329, -0.13161732418631725 
15.889999999976306, -0.12468087559816259 
15.899999999976282, -0.11778658625329422 
15.90999999997626, -0.11181809958990492 
15.919999999976236, -0.10715994961738448 
15.929999999976213, -0.10374850758572955 
15.93999999997619, -0.10132408492011309 
15.949999999976166, -0.09961088070512111 
15.959999999976143, -0.09838458433566996 
15.96999999997612, -0.09748032134046354 
15.979999999976096, -0.09678211305546836 
15.989999999976073, -0.09621034017460026 
15.99999999997605, -0.09571096600919558 
16.009999999976028, -0.09524627276173589 
16.019999999976005, -0.09478585554664563 
16.02999999997598, -0.09429537654896736 
16.039999999975958, -0.09371728221828622 
16.049999999975935, -0.09293002716204704 
16.05999999997591, -0.09165765370424743 
16.069999999975888, -0.08928883306977722 
16.079999999975865, -0.0846306297278164 
16.08999999997584, -0.07598956699605257 
16.099999999975818, -0.062482740347397835 
16.109999999975795, -0.04606289321439341 
16.11999999997577, -0.030710956560493535 
16.129999999975748, -0.019006341710799637 
16.139999999975725, -0.011077110353419304 
16.1499999999757, -0.00595142750938353 
16.15999999997568, -0.0026477590583565453 
16.169999999975655, -0.00047552723629559654 
16.17999999997563, 0.0006880356969692728 
16.18999999997561, 0.0012904805497926997 
16.199999999975585, 0.0016167315783684494 
16.20999999997556, 0.0017634577911247583 
16.21999999997554, 0.0017895481205824043 
16.229999999975515, 0.0017321473818811936 
16.239999999975492, 0.0016203990532535483 
16.24999999997547, 0.0014952765108657553 
16.259999999975445, 0.0014526978310639485 
16.269999999975422, 0.0017482495239400375 
16.2799999999754, 0.00302857178351927 
16.289999999975375, 0.0066821928366852384 
16.299999999975352, 0.014776461396457876 
16.30999999997533, 0.02828111772536408 
16.319999999975305, 0.04454666147828466 
16.329999999975282, 0.05898384191050957 
16.33999999997526, 0.06927402726648076 
16.349999999975235, 0.07577339606415352 
16.359999999975212, 0.07966939593038133 
16.36999999997519, 0.08195802584073075 
16.379999999975166, 0.08328278942068952 
16.389999999975142, 0.08402952496022323 
16.39999999997512, 0.08442855822517757 
16.409999999975096, 0.08462109312409324 
16.419999999975072, 0.08469822976185418 
16.42999999997505, 0.08472533509613916 
16.439999999975026, 0.08476122230056866 
16.449999999975002, 0.08488004525525525 
16.45999999997498, 0.08520535476286842 
16.469999999974956, 0.0859680243083206 
16.479999999974932, 0.0875888088902893 
16.48999999997491, 0.09071819322905887 
16.499999999974886, 0.0960063953639232 
16.509999999974863, 0.103407309708801 
16.51999999997484, 0.1116511138748634 
16.529999999974816, 0.11899217292721945 
16.539999999974793, 0.12446706727798244 
16.54999999997477, 0.12809252968942658 
16.559999999974746, 0.13031290516379548 
16.569999999974723, 0.13158105814883025 
16.5799999999747, 0.13223240162442657 
16.589999999974676, 0.13249398154499445 
16.599999999974653, 0.13252018402438076 
16.60999999997463, 0.13242052910863517 
16.619999999974606, 0.13227640464533713 
16.629999999974583, 0.13215174470064286 
16.63999999997456, 0.13210241602354644 
16.649999999974536, 0.1321866043213565 
16.659999999974513, 0.13247597069033562 
16.66999999997449, 0.13306415658320953 
16.679999999974466, 0.13406320838832408 
16.689999999974443, 0.1355709646033645 
16.69999999997442, 0.13759847308812373 
16.709999999974396, 0.13999136312277255 
16.719999999974373, 0.14243536938555018 
16.72999999997435, 0.14458726187527934 
16.739999999974327, 0.1462240062226287 
16.749999999974303, 0.1472833730796948 
16.75999999997428, 0.14780755966387732 
16.769999999974257, 0.14787498762649004 
16.779999999974233, 0.1475662943927131 
16.78999999997421, 0.14696200612325622 
16.799999999974187, 0.14615232333914377 
16.809999999974163, 0.1452404103143531 
16.81999999997414, 0.1443308482872548 
16.829999999974117, 0.14351024046609084 
16.839999999974093, 0.14283464003532856 
16.84999999997407, 0.14233094027645576 
16.859999999974047, 0.1420072382173505 
16.869999999974024, 0.14186302026773165 
16.879999999974, 0.1418932209228983 
16.889999999973977, 0.14208462602218222 
16.899999999973954, 0.14240671041228098 
16.90999999997393, 0.14280272122229387 
16.919999999973907, 0.14318894335740961 
16.929999999973884, 0.1434657354068069 
16.93999999997386, 0.14353348807254576 
16.949999999973837, 0.14330100524015021 
16.959999999973814, 0.14268116142993037 
16.96999999997379, 0.14158255985798812 
16.979999999973767, 0.13991620619059414 
16.989999999973744, 0.13763789670564125 
16.99999999997372, 0.13482662610824253 
17.009999999973697, 0.1317416616116619 
17.019999999973674, 0.12876240292046237 
17.02999999997365, 0.1262144827872297 
17.039999999973627, 0.12423704191922003 
17.049999999973604, 0.12279541240604626 
17.05999999997358, 0.12177413005119544 
17.069999999973557, 0.12105208432295425 
17.079999999973534, 0.12053218006107742 
17.08999999997351, 0.12014191540356725 
17.099999999973488, 0.11982319494442262 
17.109999999973464, 0.11952044421538004 
17.11999999997344, 0.1191699350891792 
17.129999999973418, 0.11869027980253152 
17.139999999973394, 0.11797179016794938 
17.14999999997337, 0.11686020854128436 
17.159999999973348, 0.11513050314418469 
17.169999999973324, 0.11245524781248213 
17.1799999999733, 0.10840351778469486 
17.189999999973278, 0.10257430439439472 
17.199999999973254, 0.0949983577069327 
17.20999999997323, 0.08662300459540845 
17.219999999973208, 0.0790754475630724 
17.229999999973185, 0.07351317434625675 
17.23999999997316, 0.06998066280769344 
17.249999999973138, 0.06788878368645833 
17.259999999973115, 0.06663745360695664 
17.26999999997309, 0.06582964043504481 
17.279999999973068, 0.06524215856666643 
17.289999999973045, 0.06475309598035878 
17.29999999997302, 0.06428886727530331 
17.309999999972998, 0.06379234973367562 
17.319999999972975, 0.06320246209438096 
17.32999999997295, 0.06243717919918087 
17.339999999972928, 0.06137362969292285 
17.349999999972905, 0.05981833122931283 
17.35999999997288, 0.05745908033531526 
17.36999999997286, 0.05379463124218509 
17.379999999972835, 0.048074482386143855 
17.38999999997281, 0.03940892682382472 
17.39999999997279, 0.02741950903403198 
17.409999999972765, 0.013471629035158795 
17.41999999997274, 0.0007864855676940543 
17.42999999997272, -0.007682514463566437 
17.439999999972695, -0.012291148929697172 
17.449999999972672, -0.014437207289416207 
17.45999999997265, -0.015334974344163931 
17.469999999972625, -0.015673117447337227 
17.479999999972602, -0.01577783713638549 
17.48999999997258, -0.015795970419333914 
17.499999999972555, -0.015798050614354863 
17.509999999972532, -0.015827353004098516 
17.51999999997251, -0.015923873487847805 
17.529999999972485, -0.01613904556361163 
17.539999999972462, -0.01654905065872879 
17.54999999997244, -0.017271576776755747 
17.559999999972415, -0.018490598349921204 
17.569999999972392, -0.020493454827646 
17.57999999997237, -0.02371707711346934 
17.589999999972346, -0.028766276080539156 
17.599999999972322, -0.03627618627958605 
17.6099999999723, -0.046398806669529793 
17.619999999972276, -0.058015678186502016 
17.629999999972252, -0.06878598159641666 
17.63999999997223, -0.07677398578678479 
17.649999999972206, -0.0817138615295609 
17.659999999972182, -0.08443878290595874 
17.66999999997216, -0.08586235672137763 
17.679999999972136, -0.0865906036176098 
17.689999999972112, -0.08695562609774769 
17.69999999997209, -0.08712811266558587 
17.709999999972066, -0.08719730278968191 
17.719999999972043, -0.08721525825831675 
17.72999999997202, -0.08722061649867027 
17.739999999971996, -0.08725271233450482 
17.749999999971973, -0.08736159623226093 
17.75999999997195, -0.0876163016928038 
17.769999999971926, -0.08811238364386353 
17.779999999971903, -0.08897919752813419 
17.78999999997188, -0.09038513441912796 
17.799999999971856, -0.09253104176255356 
17.809999999971833, -0.09560667746802066 
17.81999999997181, -0.09967721344280703 
17.829999999971786, -0.10451733510809857 
17.839999999971763, -0.10954696277037246 
17.84999999997174, -0.11405274573999893 
17.859999999971716, -0.11756427071826736 
17.869999999971693, -0.12000986901022379 
17.87999999997167, -0.12157682133784445 
17.889999999971646, -0.12251246355102159 
17.899999999971623, -0.1230193209375852 
17.9099999999716, -0.12323410315030428 
17.919999999971576, -0.12324070721697304 
17.929999999971553, -0.1230891295943863 
17.93999999997153, -0.12281216193337403 
17.949999999971507, -0.1224394375964937 
17.959999999971483, -0.12200897134702252 
17.96999999997146, -0.12157440050446337 
17.979999999971437, -0.12120525070753536 
17.989999999971413, -0.12098001979913031 
17.99999999997139, -0.12097577711265853 
18.009999999971367, -0.12125801511513187 
18.019999999971343, -0.12186949181840327 
18.02999999997132, -0.12281341744042322 
18.039999999971297, -0.12403266533141347 
18.049999999971273, -0.1254015183820963 
18.05999999997125, -0.12675116232118513 
18.069999999971227, -0.12792491024385738 
18.079999999971204, -0.12882581197363174 
18.08999999997118, -0.1294253096002331 
18.099999999971157, -0.1297392818649149 
18.109999999971134, -0.12979727045301961 
18.11999999997111, -0.1296211620940998 
18.129999999971087, -0.1292154688755341 
18.139999999971064, -0.12856647869082197 
18.14999999997104, -0.12764956695472457 
18.159999999971017, -0.12644673097255524 
18.169999999970994, -0.12497407095001392 
18.17999999997097, -0.12330777127006862 
18.189999999970947, -0.12158540377403242 
18.199999999970924, -0.11996951141033207 
18.2099999999709, -0.11859433612073182 
18.219999999970877, -0.11753289099756299 
18.229999999970854, -0.11679728228845218 
18.23999999997083, -0.11635621629107647 
18.249999999970807, -0.11615153641218148 
18.259999999970784, -0.1161092963286833 
18.26999999997076, -0.11614966537217553 
18.279999999970737, -0.11619823161732816 
18.289999999970714, -0.11619539701412951 
18.29999999997069, -0.11609891073016168 
18.309999999970668, -0.11587840961942279 
18.319999999970644, -0.11550464268736527 
18.32999999997062, -0.11493618264308644 
18.339999999970598, -0.11410449574839474 
18.349999999970574, -0.11289795113317799 
18.35999999997055, -0.1111506379400619 
18.369999999970528, -0.10865656409547135 
18.379999999970504, -0.10524748311842462 
18.38999999997048, -0.10094976514726077 
18.399999999970458, -0.09611769063389444 
18.409999999970434, -0.09134806740178751 
18.41999999997041, -0.08718104455622008 
18.429999999970388, -0.08387413350019866 
18.439999999970365, -0.0814148526733087 
18.44999999997034, -0.07965418382486353 
18.459999999970318, -0.07841496069263877 
18.469999999970295, -0.07754015554983248 
18.47999999997027, -0.07690423065002921 
18.489999999970248, -0.07641113306049387 
18.499999999970225, -0.07598928294460269 
18.5099999999702, -0.07558558879136199 
18.519999999970178, -0.07515799393978831 
18.529999999970155, -0.0746657730988998 
18.53999999997013, -0.07405600342993318 
18.549999999970108, -0.07324237215947338 
18.559999999970085, -0.07206922836591009 
18.56999999997006, -0.07025349726554972 
18.57999999997004, -0.06731653046656452 
18.589999999970015, -0.0625968989148187 
18.59999999996999, -0.05556432492044951 
18.60999999996997, -0.046503087029716714 
18.619999999969945, -0.03683471586098573 
18.62999999996992, -0.02826340377035134 
18.6399999999699, -0.021671592026606023 
18.649999999969875, -0.017019030242422576 
18.659999999969852, -0.013859866351883804 
18.66999999996983, -0.011730541784500965 
18.679999999969805, -0.010277332639817843 
18.689999999969782, -0.009257095640751497 
18.69999999996976, -0.008507548285247581 
18.709999999969735, -0.00792025915858352 
18.719999999969712, -0.007421289106232444 
18.72999999996969, -0.0069568531321982765 
18.739999999969665, -0.006480488541355302 
18.749999999969642, -0.005937819778618004 
18.75999999996962, -0.005242832013976778 
18.769999999969595, -0.004235093601413412 
18.779999999969572, -0.002604342906849301 
18.78999999996955, 0.0001851178934675335 
18.799999999969526, 0.004572002533735701 
18.809999999969502, 0.011656641946915368 
18.81999999996948, 0.021069141739115414 
18.829999999969456, 0.031003082076628725 
18.839999999969432, 0.03946413584714038 
18.84999999996941, 0.045608944165520436 
18.859999999969386, 0.04965243601537829 
18.869999999969362, 0.052166110250863554 
18.87999999996934, 0.053666973005398466 
18.889999999969316, 0.05452249092184204 
18.899999999969292, 0.05497529046285349 
18.90999999996927, 0.05518464246665302 
18.919999999969246, 0.055257628055139396 
18.929999999969223, 0.055269723112941815 
18.9399999999692, 0.05527984198960041 
18.949999999969176, 0.055344420597338705 
18.959999999969153, 0.05553454341418661 
18.96999999996913, 0.05596052317962195 
18.979999999969106, 0.05680740116723607 
18.989999999969083, 0.05837360005659851 
18.99999999996906, 0.0610646604327591 
19.009999999969036, 0.06522858250048678 
19.019999999969013, 0.07077675885972336 
19.02999999996899, 0.07692359465242196 
19.039999999968966, 0.08256143761308851 
19.049999999968943, 0.08696384148478242 
19.05999999996892, 0.09001324580125776 
19.069999999968896, 0.09194407024961646 
19.079999999968873, 0.09306287628801098 
19.08999999996885, 0.09362653556058823 
19.099999999968826, 0.09382478654245319 
19.109999999968803, 0.0937960541948104 
19.11999999996878, 0.09364415476113006 
19.129999999968756, 0.09344880306276268 
19.139999999968733, 0.09327249048475739 
19.14999999996871, 0.09316756436829467 
19.159999999968687, 0.0931853661147539 
19.169999999968663, 0.09338713257831342 
19.17999999996864, 0.09385432161902871 
19.189999999968617, 0.09469197962975977 
19.199999999968593, 0.09601135080902305 
19.20999999996857, 0.09787461589473971 
19.219999999968547, 0.10020948798072986 
19.229999999968523, 0.1027630379948626 
19.2399999999685, 0.10517886814227935 
19.249999999968477, 0.10715958231317987 
19.259999999968453, 0.10856845438967144 
19.26999999996843, 0.10941019000166072 
19.279999999968407, 0.10975881573072595 
19.289999999968384, 0.1097046519419929 
19.29999999996836, 0.10933672022839724 
19.309999999968337, 0.10874541510042435 
19.319999999968314, 0.10802648124931384 
19.32999999996829, 0.10727564082543892 
19.339999999968267, 0.10657579172698683 
19.349999999968244, 0.10598684500333495 
19.35999999996822, 0.10554536216134551 
19.369999999968197, 0.10527237658596415 
19.379999999968174, 0.10518280752845174 
19.38999999996815, 0.10529053627013085 
19.399999999968127, 0.10560561451858881 
19.409999999968104, 0.10612255615543931 
19.41999999996808, 0.10680336122094543 
19.429999999968057, 0.10756637950833618 
19.439999999968034, 0.10829450477008455 
19.44999999996801, 0.10886326197177347 
19.459999999967987, 0.10916997808116917 
19.469999999967964, 0.10914433881365779 
19.47999999996794, 0.10874054767598174 
19.489999999967917, 0.10792794600415956 
19.499999999967894, 0.10669712342752909 
19.50999999996787, 0.1050861252018089 
19.519999999967848, 0.10320962401078496 
19.529999999967824, 0.10125487149863818 
19.5399999999678, 0.09942518094206587 
19.549999999967778, 0.0978665512215349 
19.559999999967754, 0.0966347882416547 
19.56999999996773, 0.09571478021831493 
19.579999999967708, 0.09505907850114635 
19.589999999967684, 0.09461623049622 
19.59999999996766, 0.09434181020527257 
19.609999999967638, 0.09419717741974577 
19.619999999967614, 0.09414229985211305 
19.62999999996759, 0.09412753013008777 
19.639999999967568, 0.09408815515296164 
19.649999999967545, 0.09394357264064765 
19.65999999996752, 0.09359908257320379 
19.669999999967498, 0.09294521498309971 
19.679999999967475, 0.09185186498080805 
19.68999999996745, 0.09016408178678906 
19.699999999967428, 0.08772144147449293 
19.709999999967405, 0.08443417475049612 
19.71999999996738, 0.08042058337655637 
19.729999999967358, 0.07610076710478281 
19.739999999967335, 0.07206810693815421 
19.74999999996731, 0.06877470082045224 
19.759999999967288, 0.06634391122788683 
19.769999999967265, 0.06464957887990862 
19.77999999996724, 0.06348713668533683 
19.78999999996722, 0.06267756352549275 
19.799999999967195, 0.06209350076065462 
19.80999999996717, 0.06164951781431747 
19.81999999996715, 0.061284510812073936 
19.829999999967125, 0.060945836904595 
19.8399999999671, 0.06057665252260075 
19.84999999996708, 0.06010569219103949 
19.859999999967055, 0.05943778746559868 
19.869999999967032, 0.05844215933406347 
19.87999999996701, 0.056935358872356345 
19.889999999966985, 0.054661297343765236 
19.899999999966962, 0.051290494098732556 
19.90999999996694, 0.046501497561490406 
19.919999999966915, 0.040231663766140624 
19.929999999966892, 0.03302927623957001 
19.93999999996687, 0.026053010462397552 
19.949999999966845, 0.020395642096322747 
19.959999999966822, 0.016421936771516186 
19.9699999999668, 0.013853518675030086 
19.979999999966775, 0.012224946134238331 
19.989999999966752, 0.011158700694304555 
19.99999999996673, 0.010413985438934953 
20.009999999966706, 0.009849917428728403 
20.019999999966682, 0.00938267751860836 
20.02999999996666, 0.008955266767470339 
20.039999999966636, 0.008517835621905473 
20.049999999966612, 0.00801386293612041 
20.05999999996659, 0.007368714754642842 
20.069999999966566, 0.006477893253615969 
20.079999999966542, 0.00519217872733861 
20.08999999996652, 0.003298071319461227 
20.099999999966496, 0.0005002529603131153 
20.109999999966472, -0.00319048935800694 
20.11999999996645, -0.00837952422350684 
20.129999999966426, -0.01505662979297418 
20.139999999966403, -0.022444031770995902 
20.14999999996638, -0.029248439736529835 
20.159999999966356, -0.034469946906174734 
20.169999999966333, -0.037926108793648834 
20.17999999996631, -0.03999809697173738 
20.189999999966286, -0.0411677957247899 
20.199999999966263, -0.041797619261894445 
20.20999999996624, -0.04211207493543455 
20.219999999966216, -0.04224098656698918 
20.229999999966193, -0.042260840534133565 
20.23999999996617, -0.04222273023316532 
20.249999999966146, -0.04217035947443858 
20.259999999966123, -0.042152425707198 
20.2699999999661, -0.042231851566367704 
20.279999999966076, -0.04249317817628674 
20.289999999966053, -0.04304939459692083 
20.29999999996603, -0.04404886791907105 
20.309999999966006, -0.04567810052831601 
20.319999999965983, -0.048142951686776556 
20.32999999996596, -0.051593951441622724 
20.339999999965936, -0.05597391738579484 
20.349999999965913, -0.06086997359366403 
20.35999999996589, -0.06558444277307453 
20.369999999965867, -0.06948787725821878 
20.379999999965843, -0.07232528921790805 
20.38999999996582, -0.07419395700754715 
20.399999999965797, -0.07533597223221551 
20.409999999965773, -0.0759818047336917 
20.41999999996575, -0.07629794560070698 
20.429999999965727, -0.07639092952625058 
20.439999999965703, -0.07632651946120138 
20.44999999996568, -0.0761482161856409 
20.459999999965657, -0.07589224680810727 
20.469999999965633, -0.07559928957432552 
20.47999999996561, -0.07532242877578359 
20.489999999965587, -0.07513008155087929 
20.499999999965564, -0.0751039040149436 
20.50999999996554, -0.0753338962588608 
20.519999999965517, -0.07591224829996701 
20.529999999965494, -0.0769220102829558 
20.53999999996547, -0.07841107324213092 
20.549999999965447, -0.08034747729537443 
20.559999999965424, -0.0825785651320614 
20.5699999999654, -0.08484508084708796 
20.579999999965377, -0.08687356861872689 
20.589999999965354, -0.08848465939839169 
20.59999999996533, -0.08963054007835626 
20.609999999965307, -0.09035552882716316 
20.619999999965284, -0.09073643516527531 
20.62999999996526, -0.09084331605060644 
20.639999999965237, -0.09072502414457723 
20.649999999965214, -0.09040983139914865 
20.65999999996519, -0.08991353498389934 
20.669999999965167, -0.08925193734024073 
20.679999999965144, -0.08845547866072576 
20.68999999996512, -0.08758079300932313 
20.699999999965097, -0.086711320610482 
20.709999999965074, -0.08594349941164374 
20.71999999996505, -0.08536584251108609 
20.729999999965028, -0.0850432616482457 
20.739999999965004, -0.0850111710733788 
20.74999999996498, -0.08527332146631396 
20.759999999964958, -0.08579674189135209 
20.769999999964934, -0.08650675285482365 
20.77999999996491, -0.08729382627121984 
20.789999999964888, -0.08803890358195875 
20.799999999964864, -0.08864556460540485 
20.80999999996484, -0.08905810164439587 
20.819999999964818, -0.0892572316875848 
20.829999999964794, -0.08924256518309764 
20.83999999996477, -0.08901455988671499 
20.849999999964748, -0.08856235158227085 
20.859999999964725, -0.08785882292749664 
20.8699999999647, -0.0868643543617887 
20.879999999964678, -0.08554316357390593 
20.889999999964655, -0.0838946268658521 
20.89999999996463, -0.08198913520591647 
20.909999999964608, -0.07997899784032346 
20.919999999964585, -0.07805963059400828 
20.92999999996456, -0.0764003463935071 
20.939999999964538, -0.07509636949800232 
20.949999999964515, -0.07416675398729713 
20.95999999996449, -0.07357880462611249 
20.969999999964468, -0.07327159393732033 
20.979999999964445, -0.07316923135311836 
20.98999999996442, -0.0731889458647483 
20.9999999999644, -0.07325018020436916 
21.009999999964375, -0.07328436488777282 
21.01999999996435, -0.0732402837856637 
21.02999999996433, -0.07308167364896612 
21.039999999964305, -0.07277830682590933 
21.04999999996428, -0.07229384430018519 
21.05999999996426, -0.0715728000985106 
21.069999999964235, -0.07052845223152607 
21.079999999964212, -0.06903717283035478 
21.08999999996419, -0.06695434844000293 
21.099999999964165, -0.06417580608909262 
21.109999999964142, -0.060747077808733826 
21.11999999996412, -0.05694519502808979 
21.129999999964095, -0.053210776245484835 
21.139999999964072, -0.04994288690979525 
21.14999999996405, -0.04734237657943554 
21.159999999964025, -0.04541374701317784 
21.169999999964002, -0.04405424099819419 
21.17999999996398, -0.043131272700584804 
21.189999999963955, -0.04251924272399642 
21.199999999963932, -0.04210990709474972 
21.20999999996391, -0.04181356313804403 
21.219999999963886, -0.04155856689503294 
21.229999999963862, -0.04128940862116495 
21.23999999996384, -0.04096171662261136 
21.249999999963816, -0.040533581407570844 
21.259999999963792, -0.039953254225668956 
21.26999999996377, -0.039142685119999625 
21.279999999963746, -0.03797633562846782 
21.289999999963722, -0.03625976795670972 
21.2999999999637, -0.033730470940188856 
21.309999999963676, -0.030134675691956974 
21.319999999963652, -0.025427477547746512 
21.32999999996363, -0.019990018331552648 
21.339999999963606, -0.014566080492495987 
21.349999999963583, -0.009856863531285929 
21.35999999996356, -0.006188842782886943 
21.369999999963536, -0.0035309145013497573 
21.379999999963513, -0.0016852452625406651 
21.38999999996349, -0.0004324473867950801 
21.399999999963466, 0.0001802614255317105 
21.409999999963443, 0.0003232553059840852 
21.41999999996342, 0.0003090693218180794 
21.429999999963396, 0.00021960252260559568 
21.439999999963373, 0.0001171103065241231 
21.44999999996335, 0.00005160640027411066 
21.459999999963326, 0.00007051719947944224 
21.469999999963303, 0.00023167786156191644 
21.47999999996328, 0.0006210136244714718 
21.489999999963256, 0.0013756796241526342 
21.499999999963233, 0.002706901924526738 
21.50999999996321, 0.004895208107740788 
21.519999999963186, 0.00819604669487294 
21.529999999963163, 0.012612709020728797 
21.53999999996314, 0.017684003656625286 
21.549999999963116, 0.022612876822454532 
21.559999999963093, 0.026721150644173658 
21.56999999996307, 0.029746956582735896 
21.579999999963047, 0.0317715770981164 
21.589999999963023, 0.03301280158546772 
21.599999999963, 0.03369086761482458 
21.609999999962977, 0.03398474249794624 
21.619999999962953, 0.03403170095070489 
21.62999999996293, 0.03393689562661225 
21.639999999962907, 0.033781240349059015 
21.649999999962883, 0.033627328197878066 
21.65999999996286, 0.03352608717823113 
21.669999999962837, 0.03352594388499264 
21.679999999962813, 0.03368496340128556 
21.68999999996279, 0.034085721207352974 
21.699999999962767, 0.03485052616183858 
21.709999999962744, 0.0361467484648666 
21.71999999996272, 0.0381558852937869 
21.729999999962697, 0.04097224640683141 
21.739999999962674, 0.04445236226671702 
21.74999999996265, 0.04816241191812944 
21.759999999962627, 0.051559769493324435 
21.769999999962604, 0.0542681966361319 
21.77999999996258, 0.05618302421135102 
21.789999999962557, 0.0573865148200773 
21.799999999962534, 0.058027073845694645 
21.80999999996251, 0.05825123351061606 
21.819999999962487, 0.05818477506361773 
21.829999999962464, 0.05793444898996499 
21.83999999996244, 0.057591515837934405 
21.849999999962417, 0.05723186994652622 
21.859999999962394, 0.056915531806869105 
21.86999999996237, 0.05668946315024355 
21.879999999962347, 0.0565947177336932 
21.889999999962324, 0.0566761089131451 
21.8999999999623, 0.056991264132240614 
21.909999999962277, 0.0576142647700013 
21.919999999962254, 0.058625279579128366 
21.92999999996223, 0.06007526334937931 
21.939999999962208, 0.061927283091743376 
21.949999999962184, 0.06401268067582445 
21.95999999996216, 0.06606249100858046 
21.969999999962138, 0.06781529376448801 
21.979999999962114, 0.06911352036599192 
21.98999999996209, 0.06991846272330018 
21.999999999962068, 0.07026688207158469 
22.009999999962044, 0.07022580513539786 
22.01999999996202, 0.06987161560000013 
22.029999999961998, 0.069288186595169 
22.039999999961974, 0.0685684376929769 
22.04999999996195, 0.06780807244230477 
22.059999999961928, 0.06709191194844036 
22.069999999961905, 0.0664824070664404 
22.07999999996188, 0.06601821460336427 
22.089999999961858, 0.06572199963197436 
22.099999999961835, 0.06561103666852419 
22.10999999996181, 0.06570449346285508 
22.119999999961788, 0.06602337722784887 
22.129999999961765, 0.06658048611676762 
22.13999999996174, 0.06736068159742739 
22.149999999961718, 0.06830006368830031 
22.159999999961695, 0.06928206255214768 
22.16999999996167, 0.07016300682978568 
22.179999999961648, 0.07081409226430878 
22.189999999961625, 0.0711496231451806 
22.1999999999616, 0.07112756941820761 
22.20999999996158, 0.07073557943277425 
22.219999999961555, 0.06998300992215015 
22.22999999996153, 0.06890813224948808 
22.23999999996151, 0.06759272278576213 
22.249999999961485, 0.06616365734395024 
22.25999999996146, 0.06476647293139837 
22.26999999996144, 0.06352261344302981 
22.279999999961415, 0.06250105963766882 
22.289999999961392, 0.06172007868809658 
22.29999999996137, 0.06116781194334757 
22.309999999961345, 0.060822953586116224 
22.319999999961322, 0.060665920752909996 
22.3299999999613, 0.06067978254368099 
22.339999999961275, 0.060843494789337614 
22.349999999961252, 0.061121242867260596 
22.35999999996123, 0.06145376953329228 
22.369999999961205, 0.06175843983127037 
22.379999999961182, 0.061940004110322786 
22.38999999996116, 0.061905075332615855 
22.399999999961135, 0.061570191945651574 
22.409999999961112, 0.06086144372531631 
22.41999999996109, 0.05971547972740664 
22.429999999961066, 0.05809681226324152 
22.439999999961042, 0.056037603953302095 
22.44999999996102, 0.0536784536748076 
22.459999999960996, 0.051259743504039 
22.469999999960972, 0.0490380573273362 
22.47999999996095, 0.04718453474687452 
22.489999999960926, 0.04574781760463138 
22.499999999960902, 0.04468914579187529 
22.50999999996088, 0.043936959751425655 
22.519999999960856, 0.04342249616998561 
22.529999999960832, 0.04309181187008767 
22.53999999996081, 0.04290345503366189 
22.549999999960786, 0.04281993564287585 
22.559999999960763, 0.04279787267390424 
22.56999999996074, 0.042780396434136114 
22.579999999960716, 0.04269452552551945 
22.589999999960693, 0.042453443263915515 
22.59999999996067, 0.041959810727263645 
22.609999999960646, 0.04110609626179345 
22.619999999960623, 0.03977447875868127 
22.6299999999606, 0.03784987984434857 
22.639999999960576, 0.035266802940548556 
22.649999999960553, 0.032094229823573614 
22.65999999996053, 0.0286027083299825 
22.669999999960506, 0.025208095664141478 
22.679999999960483, 0.02228233387767206 
22.68999999996046, 0.0199960111236099 
22.699999999960436, 0.0183215458336669 
22.709999999960413, 0.017135010989991623 
22.71999999996039, 0.01630368584893909 
22.729999999960366, 0.015723006376481836 
22.739999999960343, 0.01531971108653975 
22.74999999996032, 0.015041946773492795 
22.759999999960296, 0.014846764081783911 
22.769999999960273, 0.014688749091986147 
22.77999999996025, 0.01451152074374305 
22.789999999960227, 0.014243200272018272 
22.799999999960203, 0.013795287329073822 
22.80999999996018, 0.013062212235245405 
22.819999999960157, 0.011919685980965907 
22.829999999960133, 0.010226950038781674 
22.83999999996011, 0.00785003485440152 
22.849999999960087, 0.004729621947620442 
22.859999999960063, 0.000988993545223372 
22.86999999996004, -0.0026774150908512283 
22.879999999960017, -0.005991149959757352 
22.889999999959993, -0.008675254039185882 
22.89999999995997, -0.010604913231606295 
22.909999999959947, -0.011863932629290422 
22.919999999959924, -0.012613577859288672 
22.9299999999599, -0.013003906442615107 
22.939999999959877, -0.013145178762997877 
22.949999999959854, -0.013111290237896988 
22.95999999995983, -0.012952913306765523 
22.969999999959807, -0.012711275676269418 
22.979999999959784, -0.012429991389870353 
22.98999999995976, -0.012163713746754515 
22.999999999959737, -0.011982494054460875 
23.009999999959714, -0.011972135760380998 
23.01999999995969, -0.012233016945378528 
23.029999999959667, -0.012879257459176207 
23.039999999959644, -0.014033778642989742 
23.04999999995962, -0.015804731651504072 
23.059999999959597, -0.0182258266648004 
23.069999999959574, -0.02117044730594734 
23.07999999995955, -0.0243140174010261 
23.089999999959527, -0.02723554797948497 
23.099999999959504, -0.029613198537836245 
23.10999999995948, -0.031337794809639455 
23.119999999959457, -0.032471544574075736 
23.129999999959434, -0.033144219434587334 
23.13999999995941, -0.033480143994087934 
23.149999999959388, -0.03357221819764843 
23.159999999959364, -0.03348293585170288 
23.16999999995934, -0.03325499481272985 
23.179999999959318, -0.03292381596438771 
23.189999999959294, -0.03252918921076249 
23.19999999995927, -0.03212386632682183 
23.209999999959248, -0.03177667356389929 
23.219999999959224, -0.03156959341735947 
23.2299999999592, -0.031591815297620604 
23.239999999959178, -0.03193448093322592 
23.249999999959154, -0.03268455814256798 
23.25999999995913, -0.03390842939939775 
23.269999999959108, -0.03561501007097804 
23.279999999959085, -0.03770666367052987 
23.28999999995906, -0.03996141037516804 
23.299999999959038, -0.04209437712220474 
23.309999999959015, -0.04387375662093417 
23.31999999995899, -0.045196727362864106 
23.329999999958968, -0.04607700282099657 
23.339999999958945, -0.046585553330450655 
23.34999999995892, -0.04680021077610547 
23.359999999958898, -0.04678222524041505 
23.369999999958875, -0.0465726765560716 
23.37999999995885, -0.04619885889486091 
23.389999999958828, -0.04568519185412868 
23.399999999958805, -0.04506560552045914 
23.40999999995878, -0.044393347789179305 
23.41999999995876, -0.043742873214436505 
23.429999999958735, -0.043201485640603034 
23.43999999995871, -0.04285552606904841 
23.44999999995869, -0.04277931809011852 
23.459999999958665, -0.04302933076128622 
23.46999999995864, -0.043637132174159265 
23.47999999995862, -0.044593380394768026 
23.489999999958595, -0.04582637807043805 
23.499999999958572, -0.04719619883059777 
23.50999999995855, -0.0485263698093897 
23.519999999958525, -0.04966294502869476 
23.529999999958502, -0.050518629102347355 
23.53999999995848, -0.05107456301242817 
23.549999999958455, -0.051352697963925754 
23.559999999958432, -0.05138588956888738 
23.56999999995841, -0.051199845618425235 
23.579999999958385, -0.050807555588370926 
23.589999999958362, -0.05021306262911619 
23.59999999995834, -0.04942259481180616 
23.609999999958315, -0.04846083470494962 
23.619999999958292, -0.047385772144370106 
23.62999999995827, -0.04629092744425155 
23.639999999958246, -0.04528826784634193 
23.649999999958222, -0.04448042496329156 
23.6599999999582, -0.04394016449596977 
23.669999999958176, -0.043705453938343033 
23.679999999958152, -0.04378260313074216 
23.68999999995813, -0.04414624926020612 
23.699999999958106, -0.04473451136197545 
23.709999999958082, -0.04544944150489773 
23.71999999995806, -0.046173951212870754 
23.729999999958036, -0.04680168957314047 
23.739999999958012, -0.04726112508639985 
23.74999999995799, -0.04751942916240952 
23.759999999957966, -0.047569313050031106 
23.769999999957943, -0.04741124371484162 
23.77999999995792, -0.04704003928053822 
23.789999999957896, -0.046438931986484897 
23.799999999957873, -0.04558233331570642 
23.80999999995785, -0.0444494633151092 
23.819999999957826, -0.0430492980361955 
23.829999999957803, -0.04144760649381888 
23.83999999995778, -0.03977387964392631 
23.849999999957756, -0.0381909350223388 
23.859999999957733, -0.03684214584895397 
23.86999999995771, -0.035814187907416264 
23.879999999957686, -0.03513384937427964 
23.889999999957663, -0.034784653678181864 
23.89999999995764, -0.0347219177744222 
23.909999999957616, -0.03487902974069487 
23.919999999957593, -0.03517134360268222 
23.92999999995757, -0.03550622473114037 
23.939999999957546, -0.03579927329570191 
23.949999999957523, -0.03598769506578971 
23.9599999999575, -0.03603268324146512 
23.969999999957476, -0.03591121352635553 
23.979999999957453, -0.03560340761831598 
23.98999999995743, -0.03508111040496709 
23.999999999957407, -0.03430112262005652 
24.009999999957383, -0.03320691740460554 
24.01999999995736, -0.03174533242726246 
24.029999999957337, -0.029903364256770516 
24.039999999957313, -0.02775418129027467 
24.04999999995729, -0.02547435231254962 
24.059999999957267, -0.02329654440655405 
24.069999999957243, -0.021420972698776162 
24.07999999995722, -0.01995532168533234 
24.089999999957197, -0.01891590102923388 
24.099999999957173, -0.018262076507856505 
24.10999999995715, -0.017926697435622703 
24.119999999957127, -0.01783043370160854 
24.129999999957104, -0.01788716373158661 
24.13999999995708, -0.018010257736032917 
24.149999999957057, -0.018122266862292763 
24.159999999957034, -0.018162967012212813 
24.16999999995701, -0.018090163731375127 
24.179999999956987, -0.017872798069995706 
24.189999999956964, -0.017480005785037816 
24.19999999995694, -0.016870135007363916 
24.209999999956917, -0.015983126353368595 
24.219999999956894, -0.014741555806319223 
24.22999999995687, -0.013070022200932872 
24.239999999956847, -0.010941795884462837 
24.249999999956824, -0.008440073377730875 
24.2599999999568, -0.0057815733358877975 
24.269999999956777, -0.0032520636303644775 
24.279999999956754, -0.0010886549392303717 
24.28999999995673, 0.00042557486097873553 
24.299999999956707, 0.0011871750100875735 
24.309999999956684, 0.0015239099999567822 
24.31999999995666, 0.0015185335588178187 
24.329999999956637, 0.0012598431034517958 
24.339999999956614, 0.0008379248903832438 
24.34999999995659, 0.0003399521953098826 
24.359999999956568, -0.000016851366539197647 
24.369999999956544, -0.000016526994603537375 
24.37999999995652, 2.495580402623382e-7 
24.389999999956498, 0.0000010801476686311058 
24.399999999956474, 0.000016503769395105404 
24.40999999995645, 0.0002159719902476799 
24.419999999956428, 0.0006969709456112912 
24.429999999956404, 0.0015387342781457778 
24.43999999995638, 0.0028145587224541113 
24.449999999956358, 0.00454241066523854 
24.459999999956334, 0.0066245835458486665 
24.46999999995631, 0.00883214393303424 
24.479999999956288, 0.010879006813916499 
24.489999999956265, 0.012539625497007142 
24.49999999995624, 0.0137129130665118 
24.509999999956218, 0.014404609659681355 
24.519999999956195, 0.014677120497957224 
24.52999999995617, 0.014612734018781359 
24.539999999956148, 0.014299280298317382 
24.549999999956125, 0.013826818946141342 
24.5599999999561, 0.013283514866385446 
24.569999999956078, 0.012747581214430672 
24.579999999956055, 0.01228014410150469 
24.58999999995603, 0.011924657928890102 
24.599999999956008, 0.011713556903408386 
24.609999999955985, 0.011678640031809545 
24.61999999995596, 0.011860994835833154 
24.62999999995594, 0.012316508249056828 
24.639999999955915, 0.013111239464961233 
24.64999999995589, 0.01429828857969237 
24.65999999995587, 0.01587277452834009 
24.669999999955845, 0.017725171393705587 
24.67999999995582, 0.019640977488104772 
24.6899999999558, 0.021372868325947265 
24.699999999955775, 0.02273606413564021 
24.709999999955752, 0.02365179284258906 
24.71999999995573, 0.024127269697434534 
24.729999999955705, 0.02421500564905592 
24.739999999955682, 0.023985915337319353 
24.74999999995566, 0.023520743902366904 
24.759999999955635, 0.02290835474159907 
24.769999999955612, 0.02223988180324933 
24.77999999995559, 0.021597185234767887 
24.789999999955565, 0.021042751274780364 
24.799999999955542, 0.020618091124691117 
24.80999999995552, 0.020350847306541475 
24.819999999955495, 0.020265648989293582 
24.829999999955472, 0.020393433801812612 
24.83999999995545, 0.020775104626083073 
24.849999999955426, 0.021454932845259886 
24.859999999955402, 0.02245873147913184 
24.86999999995538, 0.023758476408379407 
24.879999999955356, 0.025243506653214166 
24.889999999955332, 0.026731802351834415 
24.89999999995531, 0.028029511915265266 
24.909999999955286, 0.028996818743978876 
24.919999999955262, 0.029572699706385867 
24.92999999995524, 0.029758009552244214 
24.939999999955216, 0.029588346442687354 
24.949999999955192, 0.029119230807626136 
24.95999999995517, 0.028424373793877945 
24.969999999955146, 0.027595317860417457 
24.979999999955123, 0.02673179471779345 
24.9899999999551, 0.025923666981243952 
24.999999999955076, 0.02523590391917497 
