t, s[1].omega / s[0].omega 
0, -1.1219980203549504 
0.009999999999999995, -1.1216813193082822 
0.019999999999999934, -1.1212604691089942 
0.029999999999999874, -1.1210634976988865 
0.04000000000000012, -1.1208405524743117 
0.050000000000000405, -1.1201918282831325 
0.06000000000000069, -1.1192561357827229 
0.07000000000000098, -1.1187409697982402 
0.08000000000000126, -1.1185222480280321 
0.09000000000000155, -1.1174076037542404 
0.10000000000000184, -1.1146552668090053 
0.11000000000000212, -1.1129323977311918 
0.12000000000000241, -1.1127927523583383 
0.130000000000002, -1.1116907421184228 
0.1400000000000009, -1.103076599775615 
0.1499999999999998, -1.0945201804220397 
0.1599999999999987, -1.0945586580391016 
0.1699999999999976, -1.094056577306433 
0.1799999999999965, -1.0844957211401542 
0.1899999999999954, -1.0565813280685303 
0.1999999999999943, -1.0578059137303661 
0.2099999999999932, -1.0577551500847333 
0.2199999999999921, -1.0556090585063538 
0.229999999999991, -1.0484849195843728 
0.2399999999999899, -1.0607450851923872 
0.2499999999999888, -1.0615622799007465 
0.2599999999999877, -1.0610215831366898 
0.2699999999999866, -1.062820336395605 
0.2799999999999855, -1.0925595112808557 
0.2899999999999844, -1.096750508257768 
0.2999999999999833, -1.0966234183983867 
0.3099999999999822, -1.0968580436182749 
0.3199999999999811, -1.1058078079736118 
0.32999999999998, -1.1105380629109742 
0.3399999999999789, -1.110745439287997 
0.3499999999999778, -1.1105893935472293 
0.35999999999997667, -1.1122670708737228 
0.36999999999997557, -1.1140282085667588 
0.37999999999997447, -1.1143693298932353 
0.38999999999997337, -1.1141632527562422 
0.39999999999997227, -1.1144188645382054 
0.40999999999997117, -1.1148776154194873 
0.41999999999997006, -1.1150063923342168 
0.42999999999996896, -1.114776132213671 
0.43999999999996786, -1.114633885289498 
0.44999999999996676, -1.1146629001467026 
0.45999999999996566, -1.1145357695724496 
0.46999999999996456, -1.1141818096839424 
0.47999999999996346, -1.1137881591888115 
0.48999999999996235, -1.1136334138139108 
0.49999999999996125, -1.1133597910809898 
0.5099999999999602, -1.1126757541195191 
0.519999999999959, -1.1118037372495972 
0.529999999999958, -1.111422629579184 
0.5399999999999568, -1.1111536868374132 
0.5499999999999557, -1.1099072392459624 
0.5599999999999546, -1.107471427965771 
0.5699999999999535, -1.106295929087707 
0.5799999999999524, -1.1061306063566754 
0.5899999999999513, -1.1046947457030885 
0.5999999999999502, -1.096967619559088 
0.6099999999999491, -1.0915822187654187 
0.619999999999948, -1.091590637848044 
0.6299999999999469, -1.0908615955809853 
0.6399999999999458, -1.078512829380137 
0.6499999999999447, -1.0553411549931593 
0.6599999999999436, -1.05589645495647 
0.6699999999999425, -1.0557116078968496 
0.6799999999999414, -1.0520803901547657 
0.6899999999999403, -1.0295922027784314 
0.6999999999999392, -1.0328330434972839 
0.7099999999999381, -1.0332608984949634 
0.719999999999937, -1.0324785517150719 
0.7299999999999359, -1.0261428332755078 
0.7399999999999348, -1.041086030911519 
0.7499999999999337, -1.044295855094043 
0.7599999999999326, -1.0441375315834305 
0.7699999999999315, -1.042607537429905 
0.7799999999999304, -1.0646956872175124 
0.7899999999999293, -1.0796165300719558 
0.7999999999999282, -1.080076782883786 
0.8099999999999271, -1.0795806320007595 
0.819999999999926, -1.0855761313498968 
0.8299999999999249, -1.0981024038687892 
0.8399999999999238, -1.0997406251936126 
0.8499999999999227, -1.0995252861177185 
0.8599999999999216, -1.1003955602782045 
0.8699999999999205, -1.1039154530452737 
0.8799999999999194, -1.1054591888000542 
0.8899999999999183, -1.1054149369588362 
0.8999999999999172, -1.1054004953614547 
0.9099999999999161, -1.106251565036818 
0.919999999999915, -1.1069059580464828 
0.9299999999999139, -1.1069235299775706 
0.9399999999999128, -1.1067130328441876 
0.9499999999999117, -1.1068287777042825 
0.9599999999999106, -1.1069666766213229 
0.9699999999999095, -1.1068679912350907 
0.9799999999999084, -1.106554699847354 
0.9899999999999073, -1.1063684327847974 
0.9999999999999062, -1.1062979260772554 
1.0099999999999052, -1.1060096830584776 
1.019999999999904, -1.105492523898751 
1.029999999999903, -1.1050109067835496 
1.039999999999902, -1.104842780033307 
1.0499999999999008, -1.1044328220524757 
1.0599999999998997, -1.1034201193169528 
1.0699999999998986, -1.1022513519420525 
1.0799999999998975, -1.1019064619910572 
1.0899999999998964, -1.1015568145012578 
1.0999999999998953, -1.0997039400892217 
1.1099999999998942, -1.0961898526556282 
1.119999999999893, -1.095055895616365 
1.129999999999892, -1.094879318871396 
1.1399999999998909, -1.0929155347911619 
1.1499999999998898, -1.0819658387126365 
1.1599999999998887, -1.076397197303473 
1.1699999999998876, -1.076469622281367 
1.1799999999998865, -1.0756252901494763 
1.1899999999998854, -1.061209473727649 
1.1999999999998843, -1.0386103428115778 
1.2099999999998832, -1.0392898357386278 
1.219999999999882, -1.0390883383797955 
1.229999999999881, -1.035206795609246 
1.2399999999998799, -1.0075701813040838 
1.2499999999998788, -1.0075147721262094 
1.2599999999998777, -1.0079150376085848 
1.2699999999998766, -1.007147923890152 
1.2799999999998755, -0.9945903117570675 
1.2899999999998744, -0.9776153272933124 
1.2999999999998733, -0.9795201257780036 
1.3099999999998722, -0.9794530354915212 
1.319999999999871, -0.9771176463433636 
1.32999999999987, -0.9497306165328485 
1.3399999999998689, -0.9381184798355168 
1.3499999999998678, -0.9386564777130013 
1.3599999999998666, -0.9383128895700612 
1.3699999999998655, -0.9333890765593734 
1.3799999999998644, -0.9144922977097568 
1.3899999999998633, -0.9098541199259798 
1.3999999999998622, -0.9098858652128916 
1.4099999999998611, -0.9093334344548112 
1.41999999999986, -0.9059633685689022 
1.429999999999859, -0.9013366901992451 
1.4399999999998578, -0.8999923375090921 
1.4499999999998567, -0.8998864283307842 
1.4599999999998556, -0.8993508083134825 
1.4699999999998545, -0.8980013851652611 
1.4799999999998534, -0.8967625625323219 
1.4899999999998523, -0.8962789341461146 
1.4999999999998512, -0.8961681570734877 
1.5099999999998501, -0.8958243353980277 
1.519999999999849, -0.8953009462845555 
1.529999999999848, -0.8948378934887019 
1.5399999999998468, -0.8946604817245514 
1.5499999999998457, -0.8946453997988525 
1.5599999999998446, -0.8945468955736289 
1.5699999999998435, -0.8943403433128099 
1.5799999999998424, -0.8941216734438175 
1.5899999999998413, -0.8942081906667675 
1.5999999999998402, -0.8945037397543025 
1.6099999999998391, -0.8947528482321092 
1.619999999999838, -0.8946831398752397 
1.629999999999837, -0.8945874862613911 
1.6399999999998358, -0.8953102801646152 
1.6499999999998347, -0.8967041694002584 
1.6599999999998336, -0.897563981495883 
1.6699999999998325, -0.8975195698526041 
1.6799999999998314, -0.8975373515332986 
1.6899999999998303, -0.9009730764872085 
1.6999999999998292, -0.9069006532477191 
1.709999999999828, -0.9084563756665982 
1.719999999999827, -0.9083214664350806 
1.729999999999826, -0.9083051368155582 
1.7399999999998248, -0.9246850101944192 
1.7499999999998237, -0.9412447458025378 
1.7599999999998226, -0.9423657233405287 
1.7699999999998215, -0.942005185486155 
1.7799999999998204, -0.9406074352775856 
1.7899999999998193, -0.9648990793797779 
1.7999999999998182, -0.9745315300016711 
1.809999999999817, -0.9748113205112269 
1.819999999999816, -0.9738983167402456 
1.8299999999998149, -0.9669561476291741 
1.8399999999998138, -0.9752382880079578 
1.8499999999998127, -0.9778109822606145 
1.8599999999998116, -0.977679714126451 
1.8699999999998105, -0.9749393281551639 
1.8799999999998094, -0.9523247348562998 
1.8899999999998083, -0.9504786607352224 
1.8999999999998072, -0.9511320414472372 
1.909999999999806, -0.9506734393530852 
1.919999999999805, -0.9430255667212741 
1.9299999999998039, -0.9139050129389158 
1.9399999999998028, -0.9107658486376372 
1.9499999999998017, -0.910857143928039 
1.9599999999998006, -0.9100619880738761 
1.9699999999997995, -0.9042138489241253 
1.9799999999997984, -0.896742739260989 
1.9899999999997973, -0.895479754593563 
1.9999999999997962, -0.8953842267896294 
2.0099999999998173, -0.894625358402951 
2.0199999999998384, -0.8926453372901862 
2.0299999999998595, -0.8909879934308946 
2.0399999999998806, -0.8905069318652389 
2.0499999999999017, -0.8903776578097714 
2.059999999999923, -0.8899181787797692 
2.069999999999944, -0.8892507128531112 
2.079999999999965, -0.8887106018955807 
2.089999999999986, -0.8885231448655064 
2.100000000000007, -0.8884723511283681 
2.1100000000000283, -0.8883081245825255 
2.1200000000000494, -0.8880516661698155 
2.1300000000000705, -0.8878228085657942 
2.1400000000000916, -0.8878866312957838 
2.1500000000001127, -0.8881156136316284 
2.160000000000134, -0.888290391838971 
2.170000000000155, -0.8881893610735354 
2.180000000000176, -0.8881116697958589 
2.190000000000197, -0.888794181436405 
2.2000000000002182, -0.8900375101691002 
2.2100000000002393, -0.890782428945199 
2.2200000000002604, -0.8907158787192024 
2.2300000000002815, -0.8907842815266553 
2.2400000000003026, -0.8942726582118211 
2.2500000000003237, -0.8999993197275324 
2.260000000000345, -0.9014459326042624 
2.270000000000366, -0.9012965937603445 
2.280000000000387, -0.9012996960596569 
2.290000000000408, -0.9191106307578341 
2.3000000000004293, -0.9361684859017194 
2.3100000000004504, -0.9372426472728795 
2.3200000000004715, -0.9368646806571838 
2.3300000000004926, -0.9346260727949718 
2.3400000000005137, -0.9520908769447468 
2.3500000000005348, -0.9604297035574603 
2.360000000000556, -0.9607060363481538 
2.370000000000577, -0.9597630162486855 
2.380000000000598, -0.9462710817666163 
2.390000000000619, -0.9316592401092089 
2.4000000000006403, -0.9331533223537405 
2.4100000000006614, -0.9330770966833563 
2.4200000000006825, -0.9308391501762133 
2.4300000000007036, -0.9104578462579587 
2.4400000000007247, -0.8981078377835369 
2.450000000000746, -0.8980813012388345 
2.460000000000767, -0.8978370401931308 
2.470000000000788, -0.8956130496719646 
2.480000000000809, -0.8901982938807494 
2.49000000000083, -0.8875366107169799 
2.5000000000008513, -0.8873278680889188 
2.5100000000008724, -0.8870443331524129 
2.5200000000008935, -0.8859876942427114 
2.5300000000009146, -0.8847022598941401 
2.5400000000009357, -0.8839650239908724 
2.550000000000957, -0.8838202722489173 
2.560000000000978, -0.8836249867444945 
2.570000000000999, -0.8832149561180969 
2.58000000000102, -0.8827799257404045 
2.5900000000010412, -0.8825203459610349 
2.6000000000010624, -0.882523392814952 
2.6100000000010835, -0.8825435439149408 
2.6200000000011046, -0.882472429665777 
2.6300000000011257, -0.8822644807888356 
2.6400000000011468, -0.8822620794225292 
2.650000000001168, -0.8826969605733457 
2.660000000001189, -0.8832835899663103 
2.67000000000121, -0.8835069740911503 
2.680000000001231, -0.8833473496379449 
2.6900000000012523, -0.8837870345044528 
2.7000000000012734, -0.8861875008414073 
2.7100000000012945, -0.888761842568741 
2.7200000000013156, -0.889246747274517 
2.7300000000013367, -0.8890023607222693 
2.740000000001358, -0.8907495138771345 
2.750000000001379, -0.9055377877467907 
2.7600000000014, -0.9132439094630694 
2.770000000001421, -0.9136308343067028 
2.780000000001442, -0.913057544653976 
2.7900000000014633, -0.914323525219618 
2.8000000000014844, -0.9427516966952818 
2.8100000000015055, -0.9478406526283889 
2.8200000000015266, -0.9478732426086196 
2.8300000000015477, -0.9462969318151018 
2.840000000001569, -0.9276733752781884 
2.85000000000159, -0.9185223670185114 
2.860000000001611, -0.9195312282426941 
2.870000000001632, -0.9193191745078965 
2.8800000000016532, -0.9158750950398408 
2.8900000000016743, -0.8965216124812916 
2.9000000000016954, -0.8890606529354025 
2.9100000000017165, -0.8890532862489335 
2.9200000000017377, -0.8887097913337634 
2.9300000000017588, -0.8864208227172424 
2.94000000000178, -0.8825688367020507 
2.950000000001801, -0.8808897003304877 
2.960000000001822, -0.8807321835281593 
2.970000000001843, -0.880419121279387 
2.9800000000018643, -0.8795425785074301 
2.9900000000018854, -0.8786289961789774 
3.0000000000019065, -0.8781200933245538 
3.0100000000019276, -0.8780204031910102 
3.0200000000019487, -0.8778615726503471 
3.03000000000197, -0.8775671515256054 
3.040000000001991, -0.877236997738431 
3.050000000002012, -0.8770806328951768 
3.060000000002033, -0.8771831911739844 
3.070000000002054, -0.8773322706740775 
3.0800000000020753, -0.8773535959503199 
3.0900000000020964, -0.8771763371110364 
3.1000000000021175, -0.8773179094329919 
3.1100000000021386, -0.878177733965808 
3.1200000000021597, -0.8792513086248926 
3.130000000002181, -0.8795765464804962 
3.140000000002202, -0.8793994176312864 
3.150000000002223, -0.8802740059075649 
3.160000000002244, -0.885552336744364 
3.1700000000022652, -0.8900817545370829 
3.1800000000022863, -0.8905849260062587 
3.1900000000023074, -0.8902333191555655 
3.2000000000023285, -0.8926190561136964 
3.2100000000023496, -0.9215007031605 
3.2200000000023707, -0.9301180322312254 
3.230000000002392, -0.930355309682422 
3.240000000002413, -0.9294611049259592 
3.250000000002434, -0.9226332558163807 
3.260000000002455, -0.9256488264727387 
3.2700000000024763, -0.92798335954172 
3.2800000000024974, -0.9279139368902914 
3.2900000000025185, -0.9256535963003334 
3.3000000000025396, -0.9020208928507033 
3.3100000000025607, -0.8879094469099659 
3.3200000000025818, -0.8879866010303319 
3.330000000002603, -0.887755205438126 
3.340000000002624, -0.8855094578913226 
3.350000000002645, -0.8797185029930971 
3.360000000002666, -0.8768354775339187 
3.3700000000026873, -0.8766032002724816 
3.3800000000027084, -0.8763460083805005 
3.3900000000027295, -0.8753687443869904 
3.4000000000027506, -0.8741628439884545 
3.4100000000027717, -0.8734402134010071 
3.420000000002793, -0.8732867353652733 
3.430000000002814, -0.8731301412150693 
3.440000000002835, -0.8727889788293027 
3.450000000002856, -0.8724095305173655 
3.460000000002877, -0.8721696006763973 
3.4700000000028983, -0.8722031526697868 
3.4800000000029194, -0.8723046626640117 
3.4900000000029405, -0.8723272999842019 
3.5000000000029616, -0.8721579980156382 
3.5100000000029827, -0.8721582506080792 
3.520000000003004, -0.8727964598665662 
3.530000000003025, -0.8737710364513284 
3.540000000003046, -0.8742399140080077 
3.550000000003067, -0.8741078258208603 
3.5600000000030882, -0.8744437308797932 
3.5700000000031094, -0.8784866639169983 
3.5800000000031305, -0.8837014010144052 
3.5900000000031516, -0.884700001403187 
3.6000000000031727, -0.8844713806327533 
3.6100000000031938, -0.8848094647445104 
3.620000000003215, -0.9090471811975884 
3.630000000003236, -0.9243851364341965 
3.640000000003257, -0.925093712165298 
3.650000000003278, -0.9245783035766024 
3.6600000000032993, -0.9187656883712615 
3.6700000000033204, -0.9096792095953682 
3.6800000000033415, -0.9124621172241877 
3.6900000000033626, -0.9126217417919292 
3.7000000000033837, -0.911567070776425 
3.710000000003405, -0.8984880429910433 
3.720000000003426, -0.8807205380407874 
3.730000000003447, -0.8797011932736335 
3.740000000003468, -0.8796280347251549 
3.750000000003489, -0.8785472916683804 
3.7600000000035103, -0.8749939153125984 
3.7700000000035314, -0.8722249792454292 
3.7800000000035525, -0.8716703412511113 
3.7900000000035736, -0.8715338208346504 
3.8000000000035947, -0.8709607450729991 
3.810000000003616, -0.8700958784112307 
3.820000000003637, -0.8694356190776328 
3.830000000003658, -0.8692109291527407 
3.840000000003679, -0.8691471482215228 
3.8500000000037002, -0.8689619697048598 
3.8600000000037213, -0.8686972949671848 
3.8700000000037424, -0.8684559060427482 
3.8800000000037635, -0.868504692534268 
3.8900000000037847, -0.8687573784489262 
3.9000000000038058, -0.8689961984545401 
3.910000000003827, -0.8689462985101859 
3.920000000003848, -0.8688353529191885 
3.930000000003869, -0.8696016171006485 
3.94000000000389, -0.8713657639485815 
3.9500000000039113, -0.8726149105756917 
3.9600000000039324, -0.8726595216396941 
3.9700000000039535, -0.872502552345179 
3.9800000000039746, -0.8770080754278953 
3.9900000000039957, -0.8892319817377823 
4.000000000004016, -0.8924201335181939 
4.010000000003993, -0.892403144296608 
4.02000000000397, -0.8914478973810172 
4.030000000003946, -0.8998592928911073 
4.040000000003923, -0.9223576635363196 
4.0500000000039, -0.9242396679929017 
4.0600000000038765, -0.9240265264980864 
4.070000000003853, -0.920300569082331 
4.08000000000383, -0.8891902118378542 
4.090000000003807, -0.880621123783428 
4.100000000003783, -0.8809172878281003 
4.11000000000376, -0.880542405071451 
4.120000000003737, -0.8770777928349985 
4.130000000003713, -0.8697313273013836 
4.14000000000369, -0.8671459227959736 
4.150000000003667, -0.8670182179453619 
4.1600000000036434, -0.8666721013695583 
4.17000000000362, -0.8655218293713144 
4.180000000003597, -0.8642796560483947 
4.1900000000035735, -0.8636287227632401 
4.20000000000355, -0.8635086593819431 
4.210000000003527, -0.8633296178562254 
4.220000000003504, -0.8629885063850244 
4.23000000000348, -0.8626267417335237 
4.240000000003457, -0.8624316914228088 
4.250000000003434, -0.8625063592578022 
4.26000000000341, -0.8626469675397915 
4.270000000003387, -0.8626925340500722 
4.280000000003364, -0.8625274043895099 
4.2900000000033405, -0.8626073197584132 
4.300000000003317, -0.8634997626921296 
4.310000000003294, -0.8647986218828891 
4.320000000003271, -0.8653237497014419 
4.330000000003247, -0.8651730969932494 
4.340000000003224, -0.8656910004513373 
4.350000000003201, -0.872410540385054 
4.360000000003177, -0.8800643634051734 
4.370000000003154, -0.8810724303199224 
4.380000000003131, -0.8807861499720491 
4.390000000003107, -0.8801314499077332 
4.400000000003084, -0.9041628629714281 
4.410000000003061, -0.9168867476537066 
4.4200000000030375, -0.9174329880608072 
4.430000000003014, -0.9168200378607663 
4.440000000002991, -0.9065256159405891 
4.450000000002968, -0.8753288079441678 
4.460000000002944, -0.8737336070451712 
4.470000000002921, -0.8738105143463208 
4.480000000002898, -0.8729700641170589 
4.490000000002874, -0.8679033066071041 
4.500000000002851, -0.8623577094359567 
4.510000000002828, -0.8612223419407822 
4.520000000002804, -0.8611238790212622 
4.530000000002781, -0.8605836759177111 
4.540000000002758, -0.8594489462806459 
4.5500000000027345, -0.8585036467407194 
4.560000000002711, -0.858118285717439 
4.570000000002688, -0.8580423913558304 
4.580000000002665, -0.8578433504875106 
4.590000000002641, -0.8575492829961627 
4.600000000002618, -0.8572525517027667 
4.610000000002595, -0.8571918145716912 
4.620000000002571, -0.8573795650233138 
4.630000000002548, -0.8576158731571552 
4.640000000002525, -0.8576496327460988 
4.6500000000025015, -0.8574871063632908 
4.660000000002478, -0.8579062368580327 
4.670000000002455, -0.8595233847073438 
4.6800000000024315, -0.8612535981755076 
4.690000000002408, -0.8615842832561723 
4.700000000002385, -0.8613503993196773 
4.710000000002362, -0.8633392930996722 
4.720000000002338, -0.8778403549980243 
4.730000000002315, -0.8854448486921024 
4.740000000002292, -0.8858374979621236 
4.750000000002268, -0.8852331924349819 
4.760000000002245, -0.8818815045854143 
4.770000000002222, -0.8879824714757809 
4.7800000000021985, -0.8913878114341902 
4.790000000002175, -0.8914909976540836 
4.800000000002152, -0.890281445544794 
4.810000000002129, -0.8771772672034244 
4.820000000002105, -0.8622003489935348 
4.830000000002082, -0.8612387262392586 
4.840000000002059, -0.8611533704505735 
4.850000000002035, -0.8601975359258472 
4.860000000002012, -0.857633968202409 
4.870000000001989, -0.8556934576689693 
4.880000000001965, -0.8551978833000712 
4.890000000001942, -0.8550806024124088 
4.900000000001919, -0.8546735350763209 
4.9100000000018955, -0.8541061336795034 
4.920000000001872, -0.8536479337414058 
4.930000000001849, -0.8534897960188464 
4.940000000001826, -0.8535131868310619 
4.950000000001802, -0.8535011741003891 
4.960000000001779, -0.8533815828442467 
4.970000000001756, -0.8531987097338276 
4.980000000001732, -0.8534155260182374 
4.990000000001709, -0.8541291119518785 
5.000000000001686, -0.8549048887490157 
5.0100000000016625, -0.8550380357272906 
5.020000000001639, -0.8548697962786675 
5.030000000001616, -0.8563847845682963 
5.0400000000015925, -0.8625446203516938 
5.050000000001569, -0.8665349635760687 
5.060000000001546, -0.8668199935089931 
5.070000000001523, -0.8663346675541546 
5.080000000001499, -0.8695137009518239 
5.090000000001476, -0.9012186654643409 
5.100000000001453, -0.9071056901748215 
5.110000000001429, -0.9072094780557044 
5.120000000001406, -0.9058946483279369 
5.130000000001383, -0.8861380739647616 
5.1400000000013595, -0.8633335469856543 
5.150000000001336, -0.8632747147381686 
5.160000000001313, -0.8631889168021781 
5.17000000000129, -0.8617596684669914 
5.180000000001266, -0.8565840107811987 
5.190000000001243, -0.8529737137145389 
5.20000000000122, -0.8524377412774938 
5.210000000001196, -0.8522974200173178 
5.220000000001173, -0.8516756959902084 
5.23000000000115, -0.850757759404203 
5.240000000001126, -0.8500855755038701 
5.250000000001103, -0.8498621885582233 
5.26000000000108, -0.8498119244260633 
5.2700000000010565, -0.8496628832134947 
5.280000000001033, -0.8494395848328415 
5.29000000000101, -0.8492185565890955 
5.300000000000987, -0.849311297412831 
5.310000000000963, -0.8496974956065024 
5.32000000000094, -0.8501229113663542 
5.330000000000917, -0.8501634029663797 
5.340000000000893, -0.8500243756881147 
5.35000000000087, -0.8510806238427262 
5.360000000000847, -0.8544908105722501 
5.3700000000008234, -0.8570466285843049 
5.3800000000008, -0.8572710172414736 
5.390000000000777, -0.8568992147274817 
5.4000000000007535, -0.8614961371350931 
5.41000000000073, -0.8912079438035179 
5.420000000000707, -0.897665280802376 
5.430000000000684, -0.8977931069247539 
5.44000000000066, -0.8966240555301433 
5.450000000000637, -0.8797450308623304 
5.460000000000614, -0.8587920541932257 
5.47000000000059, -0.8592054386259893 
5.480000000000567, -0.8591455950922092 
5.490000000000544, -0.8576888535521974 
5.5000000000005205, -0.8513944064386566 
5.510000000000497, -0.846829168785382 
5.520000000000474, -0.8462124756246961 
5.5300000000004506, -0.8460817308587817 
5.540000000000427, -0.8454429572132883 
5.550000000000404, -0.8444375783825863 
5.560000000000381, -0.8436991354176762 
5.570000000000357, -0.8434446584704735 
5.580000000000334, -0.8433921716913216 
5.590000000000311, -0.8432411168953718 
5.600000000000287, -0.843019150328822 
5.610000000000264, -0.8427894219740203 
5.620000000000241, -0.8428596122352384 
5.6300000000002175, -0.8432470446421274 
5.640000000000194, -0.8437103824066081 
5.650000000000171, -0.8437961745401235 
5.660000000000148, -0.8436419252143083 
5.670000000000124, -0.8445920225821868 
5.680000000000101, -0.8483527567331778 
5.690000000000078, -0.8515453286687331 
5.700000000000054, -0.851904769641671 
5.710000000000031, -0.851533368292066 
5.720000000000008, -0.8541442771297986 
5.729999999999984, -0.8860231683518635 
5.739999999999961, -0.894565210666731 
5.749999999999938, -0.8948164263046993 
5.7599999999999145, -0.8938819472449053 
5.769999999999891, -0.8787638936119367 
5.779999999999868, -0.8512175024436067 
5.789999999999845, -0.8505281163140687 
5.799999999999821, -0.8505230200543447 
5.809999999999798, -0.8495256521997113 
5.819999999999775, -0.8453885572427142 
5.829999999999751, -0.8418690041730752 
5.839999999999728, -0.8410930166971099 
5.849999999999705, -0.8409859881001441 
5.8599999999996815, -0.8405411691993157 
5.869999999999658, -0.83980985274082 
5.879999999999635, -0.8392192513414815 
5.8899999999996115, -0.8389719739860038 
5.899999999999588, -0.8389629333031693 
5.909999999999565, -0.8389214682732199 
5.919999999999542, -0.8388031437458967 
5.929999999999518, -0.8386007336038659 
5.939999999999495, -0.8387021683545254 
5.949999999999472, -0.839327059679354 
5.959999999999448, -0.8401708639063659 
5.969999999999425, -0.8404597406727928 
5.979999999999402, -0.8402898679189595 
5.9899999999993785, -0.8411254683568187 
5.999999999999355, -0.8476992781326158 
6.009999999999332, -0.8542516248456107 
6.019999999999309, -0.8550260205542648 
6.029999999999285, -0.8546845485759623 
6.039999999999262, -0.8531709932833714 
6.049999999999239, -0.8651683403065774 
6.059999999999215, -0.8721677039768179 
6.069999999999192, -0.872606081779941 
6.079999999999169, -0.872024475521971 
6.089999999999145, -0.8647206261907648 
6.099999999999122, -0.8485670231447797 
6.109999999999099, -0.84568188505332 
6.1199999999990755, -0.8456514025452159 
6.129999999999052, -0.8451648097437688 
6.139999999999029, -0.8434787083067908 
6.149999999999006, -0.8418014738738527 
6.159999999998982, -0.8410827135968887 
6.169999999998959, -0.8409716078030037 
6.179999999998936, -0.8407600248267074 
6.189999999998912, -0.8403853456915683 
6.199999999998889, -0.8400161387165345 
6.209999999998866, -0.8398316600764683 
6.2199999999988425, -0.8399256804001969 
6.229999999998819, -0.8401102372329676 
6.239999999998796, -0.8402076954151201 
6.2499999999987725, -0.8400621684199 
6.259999999998749, -0.8401653724761601 
6.269999999998726, -0.8414492011425574 
6.279999999998703, -0.8435377443811483 
6.289999999998679, -0.8444022352712108 
6.299999999998656, -0.8442781644510889 
6.309999999998633, -0.84443685854692 
6.319999999998609, -0.8572039042743245 
6.329999999998586, -0.8748260631811063 
6.339999999998563, -0.8764924191127196 
6.3499999999985395, -0.8762560513280369 
6.359999999998516, -0.8729958105087267 
6.369999999998493, -0.8473165717083735 
6.37999999999847, -0.8409371673683645 
6.389999999998446, -0.841331673230667 
6.399999999998423, -0.8410152330739863 
6.4099999999984, -0.8382573264838805 
6.419999999998376, -0.8326482460242552 
6.429999999998353, -0.8302829638395705 
6.43999999999833, -0.830069013587187 
6.449999999998306, -0.8298521338733565 
6.459999999998283, -0.8291919034050036 
6.46999999999826, -0.8284811592851539 
6.4799999999982365, -0.8280279521479444 
6.489999999998213, -0.8279338066199219 
6.49999999999819, -0.8279381773660854 
6.509999999998167, -0.8278958564685552 
6.519999999998143, -0.8277421389686097 
6.52999999999812, -0.8276159480756782 
6.539999999998097, -0.8280291094071959 
6.549999999998073, -0.82901793630962 
6.55999999999805, -0.8299089802594006 
6.569999999998027, -0.8299711507141339 
6.5799999999980034, -0.829805941599755 
6.58999999999798, -0.8332504660935871 
6.599999999997957, -0.8464398354023581 
6.6099999999979335, -0.8512622300060062 
6.61999999999791, -0.8514127669938493 
6.629999999997887, -0.8505033908511088 
6.639999999997864, -0.8402116240162738 
6.64999999999784, -0.8230962850092007 
6.659999999997817, -0.8235927126166507 
6.669999999997794, -0.8236102338109033 
6.67999999999777, -0.8225945679893917 
6.689999999997747, -0.8181930605054463 
6.699999999997724, -0.8145096907398832 
6.7099999999977005, -0.813667412678043 
6.719999999997677, -0.8135700089017455 
6.729999999997654, -0.8132133627746739 
6.7399999999976306, -0.8126343653434077 
6.749999999997607, -0.8121558127527393 
6.759999999997584, -0.8119441808617399 
6.769999999997561, -0.8119985843976439 
6.779999999997537, -0.8121119159642332 
6.789999999997514, -0.8121571339704233 
6.799999999997491, -0.8120049779376451 
6.809999999997467, -0.8121387283355195 
6.819999999997444, -0.813537818093782 
6.829999999997421, -0.8159428915315847 
6.8399999999973975, -0.816945752885914 
6.849999999997374, -0.8168342150953248 
6.859999999997351, -0.816643638034017 
6.869999999997328, -0.832905060257069 
6.879999999997304, -0.8584341371416728 
6.889999999997281, -0.8603911038404494 
6.899999999997258, -0.8602083320114233 
6.909999999997234, -0.8569833247615053 
6.919999999997211, -0.8323913180971343 
6.929999999997188, -0.821635107549348 
6.939999999997164, -0.8215361546108784 
6.949999999997141, -0.821332659950439 
6.959999999997118, -0.8200467261556378 
6.9699999999970945, -0.8179496269060291 
6.979999999997071, -0.8167294876021937 
6.989999999997048, -0.8164556077733681 
6.999999999997025, -0.8163523152033793 
7.009999999997001, -0.8160760434582849 
7.019999999996978, -0.8157549385756434 
7.029999999996955, -0.8154934286387463 
7.039999999996931, -0.8155251291947107 
7.049999999996908, -0.8158236059056339 
7.059999999996885, -0.8162034733103005 
7.0699999999968615, -0.8162734278795128 
7.079999999996838, -0.8161225735100989 
7.089999999996815, -0.8170890259539124 
7.0999999999967915, -0.8214647199112987 
7.109999999996768, -0.8255179886391644 
7.119999999996745, -0.8260129113200029 
7.129999999996722, -0.8256279529302087 
7.139999999996698, -0.8248477951701307 
7.149999999996675, -0.8395973507637237 
7.159999999996652, -0.8454410386394201 
7.169999999996628, -0.8458006951565916 
7.179999999996605, -0.8451996110911333 
7.189999999996582, -0.8391202578542318 
7.1999999999965585, -0.8284423171488153 
7.209999999996535, -0.826064015037535 
7.219999999996512, -0.8259860597698065 
7.229999999996489, -0.825605136976102 
7.239999999996465, -0.8245362476623248 
7.249999999996442, -0.8235299882734545 
7.259999999996419, -0.8230174939504992 
7.269999999996395, -0.8229310655887745 
7.279999999996372, -0.8228467518233954 
7.289999999996349, -0.8226845468743417 
7.299999999996325, -0.8224573207812803 
7.309999999996302, -0.8223592420240694 
7.319999999996279, -0.8227002071535965 
7.3299999999962555, -0.8233733392827184 
7.339999999996232, -0.8238840100337028 
7.349999999996209, -0.8238265405159834 
7.359999999996186, -0.8238402136729288 
7.369999999996162, -0.8275392543331811 
7.379999999996139, -0.8363518104030369 
7.389999999996116, -0.8390512607962277 
7.399999999996092, -0.8390374080316305 
7.409999999996069, -0.8379042344022304 
7.419999999996046, -0.8314400567083884 
7.4299999999960225, -0.8279385548870886 
7.439999999995999, -0.8290160112148758 
7.449999999995976, -0.8289386497350014 
7.4599999999959525, -0.8273732007838832 
7.469999999995929, -0.8212408182765083 
7.479999999995906, -0.8171486548660042 
7.489999999995883, -0.8165391153815812 
7.499999999995859, -0.8164240839312742 
7.509999999995836, -0.8159311422479387 
7.519999999995813, -0.8152198408367298 
7.529999999995789, -0.8146856808203684 
7.539999999995766, -0.8144887332113511 
7.549999999995743, -0.814517283585074 
7.5599999999957195, -0.8145486763193054 
7.569999999995696, -0.8144990121097669 
7.579999999995673, -0.8143256071556987 
7.58999999999565, -0.8145430452166437 
7.599999999995626, -0.8156996382602886 
7.609999999995603, -0.8173420998834192 
7.61999999999558, -0.8178855693008263 
7.629999999995556, -0.8176999470382962 
7.639999999995533, -0.8183546252184642 
7.64999999999551, -0.8361102503167006 
7.659999999995486, -0.8528428776733049 
7.669999999995463, -0.8539758410340328 
7.67999999999544, -0.8536440052580663 
7.6899999999954165, -0.848479241707773 
7.699999999995393, -0.8167962602371933 
7.70999999999537, -0.8092706328179078 
7.719999999995347, -0.8093649423756838 
7.729999999995323, -0.8090612614926251 
7.7399999999953, -0.8074051012852693 
7.749999999995277, -0.805155942916495 
7.759999999995253, -0.8040306055449845 
7.76999999999523, -0.803824953252534 
7.779999999995207, -0.8037075322772286 
7.789999999995183, -0.8034302590832693 
7.79999999999516, -0.8031274266469302 
7.809999999995137, -0.8029016840614781 
7.8199999999951135, -0.8030003270874714 
7.82999999999509, -0.803395194795433 
7.839999999995067, -0.8038730752682295 
7.849999999995044, -0.8039460878690836 
7.85999999999502, -0.803794861362828 
7.869999999994997, -0.8052826453791918 
7.879999999994974, -0.812433929053664 
7.88999999999495, -0.8178115951348472 
7.899999999994927, -0.8182688413734797 
7.909999999994904, -0.8177733167753133 
7.9199999999948805, -0.8124587708946726 
7.929999999994857, -0.7892308545007511 
7.939999999994834, -0.787162991004916 
7.9499999999948106, -0.787346651491063 
7.959999999994787, -0.7869003639714446 
7.969999999994764, -0.7846524396216286 
7.979999999994741, -0.7820739725705786 
7.989999999994717, -0.7810002708153924 
7.999999999994694, -0.7808406958517679 
8.00999999999467, -0.7807152090596311 
8.019999999994647, -0.7804562543331809 
8.029999999994624, -0.7801855701636204 
8.0399999999946, -0.779999594414945 
8.049999999994577, -0.7801899600060728 
8.059999999994554, -0.7807891219677457 
8.06999999999453, -0.7815126521335553 
8.079999999994508, -0.7816459937538054 
8.089999999994484, -0.7814535738791922 
8.099999999994461, -0.7836396014683256 
8.109999999994438, -0.8000641515160464 
8.119999999994414, -0.8096969568227225 
8.129999999994391, -0.8102441437931359 
8.139999999994368, -0.8097115894777305 
8.149999999994344, -0.8016147765851847 
8.159999999994321, -0.7756250304333631 
8.169999999994298, -0.7711207861179667 
8.179999999994275, -0.7711001578285007 
8.189999999994251, -0.7707987931187779 
8.199999999994228, -0.7697599857378012 
8.209999999994205, -0.7687207001219721 
8.219999999994181, -0.7681599782329313 
8.229999999994158, -0.7680470065725747 
8.239999999994135, -0.768067910326448 
8.249999999994111, -0.7680857338412674 
8.259999999994088, -0.7680069008223481 
8.269999999994065, -0.767871429590282 
8.279999999994041, -0.7684586518674839 
8.289999999994018, -0.7707535572237174 
8.299999999993995, -0.7735083930128328 
8.309999999993972, -0.7740373517667111 
8.319999999993948, -0.7737306084978918 
8.329999999993925, -0.7723739400067565 
8.339999999993902, -0.7712928498111559 
8.349999999993878, -0.7712580532387905 
8.359999999993855, -0.7716771786260072 
8.369999999993832, -0.771398657788579 
8.379999999993808, -0.7694863723647274 
8.389999999993785, -0.7665029823168427 
8.399999999993762, -0.7650749161555385 
8.409999999993738, -0.7648054059933866 
8.419999999993715, -0.7647218371777172 
8.429999999993692, -0.7645117862241984 
8.439999999993669, -0.7642800217976649 
8.449999999993645, -0.7640686246697314 
8.459999999993622, -0.7641947997721149 
8.469999999993599, -0.7648878985373164 
8.479999999993575, -0.7659846556240872 
8.489999999993552, -0.7664313515181161 
8.499999999993529, -0.7662625328215896 
8.509999999993505, -0.7666870696842499 
8.519999999993482, -0.7858131163184835 
8.529999999993459, -0.8078364533257086 
8.539999999993436, -0.8093479333257977 
8.549999999993412, -0.8091391541693485 
8.559999999993389, -0.8060231144416576 
8.569999999993366, -0.7919010062260936 
8.579999999993342, -0.7855957093945499 
8.589999999993319, -0.7852266585505009 
8.599999999993296, -0.7850796212419328 
8.609999999993272, -0.7844241835546341 
8.619999999993249, -0.7835765616578229 
8.629999999993226, -0.7830136073738848 
8.639999999993202, -0.7828368108696697 
8.64999999999318, -0.7828788637948088 
8.659999999993156, -0.7829434771862549 
8.669999999993133, -0.7829300416682865 
8.67999999999311, -0.7827718958602482 
8.689999999993086, -0.7830878286709134 
8.699999999993063, -0.7849891070042646 
8.70999999999304, -0.7879369694266372 
8.719999999993016, -0.7888359568048324 
8.729999999992993, -0.7886579295531032 
8.73999999999297, -0.7878908531012048 
8.749999999992946, -0.7985436106864724 
8.759999999992923, -0.8086651804357564 
8.7699999999929, -0.8096583861075838 
8.779999999992876, -0.809465211688644 
8.789999999992853, -0.8071941976309189 
8.79999999999283, -0.800624203637101 
8.809999999992806, -0.7973004369218156 
8.819999999992783, -0.7968994187741804 
8.82999999999276, -0.7967667048730207 
8.839999999992736, -0.7962888213470797 
8.849999999992713, -0.7957105786069848 
8.85999999999269, -0.795294464800474 
8.869999999992666, -0.7951832898135028 
8.879999999992643, -0.7952933692465949 
8.88999999999262, -0.7954594887542119 
8.899999999992596, -0.7954939796456635 
8.909999999992573, -0.7953405007295871 
8.91999999999255, -0.795792754253082 
8.929999999992527, -0.7983415794104598 
8.939999999992503, -0.8018332902171925 
8.94999999999248, -0.8026515251407949 
8.959999999992457, -0.802422470929647 
8.969999999992433, -0.8015478400808752 
8.97999999999241, -0.8131103385110972 
8.989999999992387, -0.8217596818750165 
8.999999999992363, -0.8225346234328145 
9.00999999999234, -0.8222506025206172 
9.019999999992317, -0.8191830739528196 
9.029999999992294, -0.8112574353192007 
9.03999999999227, -0.8079693789802934 
9.049999999992247, -0.8077055046639463 
9.059999999992224, -0.8075209744771767 
9.0699999999922, -0.8068903909079229 
9.079999999992177, -0.8061788558646351 
9.089999999992154, -0.8057111882102088 
9.09999999999213, -0.8055986987931011 
9.109999999992107, -0.8056438946054275 
9.119999999992084, -0.8056823507425007 
9.12999999999206, -0.8056041613569086 
9.139999999992037, -0.805457135747866 
9.149999999992014, -0.8059245392042292 
9.15999999999199, -0.8075207782464482 
9.169999999991967, -0.8093096473952918 
9.179999999991944, -0.8096506106831014 
9.18999999999192, -0.8093771815986736 
9.199999999991897, -0.8112450734828249 
9.209999999991874, -0.8392887620062589 
9.21999999999185, -0.8516573421277949 
9.229999999991827, -0.8521835692496283 
9.239999999991804, -0.8516027435761686 
9.24999999999178, -0.8427195613208073 
9.259999999991757, -0.8173734841985222 
9.269999999991734, -0.8137701350034964 
9.27999999999171, -0.8137867009673454 
9.289999999991688, -0.8133463591830064 
9.299999999991664, -0.8117050428722274 
9.309999999991641, -0.8100422010926063 
9.319999999991618, -0.8092870559333181 
9.329999999991594, -0.8091647609565192 
9.339999999991571, -0.8090314080253412 
9.349999999991548, -0.8087809300966876 
9.359999999991524, -0.8085055010694696 
9.369999999991501, -0.8083494314149117 
9.379999999991478, -0.8085613274507728 
9.389999999991455, -0.8090594244971828 
9.399999999991431, -0.809521607295329 
9.409999999991408, -0.8094999562770913 
9.419999999991385, -0.8094307895383642 
9.429999999991361, -0.8121266990970123 
9.439999999991338, -0.8204300433408525 
9.449999999991315, -0.8240493090492765 
9.459999999991291, -0.8241727132844646 
9.469999999991268, -0.8233133622761796 
9.479999999991245, -0.8145342263517924 
9.489999999991221, -0.7975679579015913 
9.499999999991198, -0.7977996859619979 
9.509999999991175, -0.7978377207877531 
9.519999999991152, -0.7970066121326534 
9.529999999991128, -0.7938112854272271 
9.539999999991105, -0.7911279549473622 
9.549999999991082, -0.7903243320097972 
9.559999999991058, -0.7902284788704816 
9.569999999991035, -0.7900064683330572 
9.579999999991012, -0.7896521751212544 
9.589999999990988, -0.7893258868706451 
9.599999999990965, -0.7891825327291463 
9.609999999990942, -0.7893812903616083 
9.619999999990918, -0.7898164877040089 
9.629999999990895, -0.7901895721274057 
9.639999999990872, -0.7901282544147742 
9.649999999990849, -0.7901311737756747 
9.659999999990825, -0.7935394788735968 
9.669999999990802, -0.8031722846524071 
9.679999999990779, -0.8066113230380471 
9.689999999990755, -0.8066829639153593 
9.699999999990732, -0.805581112969245 
9.709999999990709, -0.7892666498723195 
9.719999999990685, -0.7628287629527895 
9.729999999990662, -0.7618414287461286 
9.739999999990639, -0.7618407349230223 
9.749999999990616, -0.7612323975109295 
9.759999999990592, -0.7596537491790606 
9.769999999990569, -0.7584438887103128 
9.779999999990546, -0.7579465231936613 
9.789999999990522, -0.7578867383879964 
9.799999999990499, -0.7578609010692696 
9.809999999990476, -0.7578157255941971 
9.819999999990452, -0.757673442743226 
9.829999999990429, -0.7576180539433166 
9.839999999990406, -0.7584822980870224 
9.849999999990382, -0.7608768383812504 
9.85999999999036, -0.7629137262900154 
9.869999999990336, -0.7631117455676373 
9.879999999990313, -0.7626239563098771 
9.88999999999029, -0.7610991421709575 
9.899999999990266, -0.7564622224277331 
9.909999999990243, -0.7565207391796175 
9.91999999999022, -0.7567116700259179 
9.929999999990196, -0.7562613880958768 
9.939999999990173, -0.7542154156791965 
9.94999999999015, -0.7520846532813737 
9.959999999990126, -0.7511781792687384 
9.969999999990103, -0.7510257711580579 
9.97999999999008, -0.7509617224465241 
9.989999999990056, -0.7508366074293816 
9.999999999990033, -0.7506767506642268 
10.00999999999001, -0.7505276258854466 
10.019999999989986, -0.7509156042725209 
10.029999999989963, -0.7523529227431315 
10.03999999998994, -0.7542828984625402 
10.049999999989916, -0.7547602498037475 
10.059999999989893, -0.7544970028689449 
10.06999999998987, -0.7539784378364388 
10.079999999989846, -0.7637413736711606 
10.089999999989823, -0.7675867429880051 
10.0999999999898, -0.7681520946790971 
10.109999999989776, -0.7679117117448532 
10.119999999989753, -0.7660328630486908 
10.12999999998973, -0.7627108800225925 
10.139999999989707, -0.7610752681170645 
10.149999999989683, -0.7607580160197407 
10.15999999998966, -0.7606775542461107 
10.169999999989637, -0.7604652188667546 
10.179999999989613, -0.76022875308789 
10.18999999998959, -0.7600078263613831 
10.199999999989567, -0.7600961433121695 
10.209999999989543, -0.7607510475979387 
10.21999999998952, -0.7618654637724768 
10.229999999989497, -0.7623982701081027 
10.239999999989474, -0.7622583798964302 
10.24999999998945, -0.7623916368413138 
10.259999999989427, -0.7792628974573187 
10.269999999989404, -0.8044215965303338 
10.27999999998938, -0.8063689053239053 
10.289999999989357, -0.8062309023765014 
10.299999999989334, -0.8038248181956115 
10.30999999998931, -0.7917655033891244 
10.319999999989287, -0.7851961620236472 
10.329999999989264, -0.7846598922377033 
10.33999999998924, -0.7845416964704607 
10.349999999989217, -0.783978090712837 
10.359999999989194, -0.7831921600646382 
10.36999999998917, -0.7826420987540246 
10.379999999989147, -0.782448066444824 
10.389999999989124, -0.7824994220013506 
10.3999999999891, -0.7825954727204946 
10.409999999989077, -0.7826230007178379 
10.419999999989054, -0.7824709443992172 
10.42999999998903, -0.7827127613740502 
10.439999999989007, -0.7846861157160128 
10.449999999988984, -0.788117192339576 
10.45999999998896, -0.7893097458079864 
10.469999999988937, -0.7891853477882143 
10.479999999988914, -0.7882345173366694 
10.48999999998889, -0.7913962529425904 
10.499999999988868, -0.7961171813485999 
10.509999999988844, -0.797135255821992 
10.519999999988821, -0.7970202552773662 
10.529999999988798, -0.7954224144946563 
10.539999999988774, -0.7906787634663295 
10.549999999988751, -0.7878290379752777 
10.559999999988728, -0.7873036877998421 
10.569999999988704, -0.7872051909538624 
10.579999999988681, -0.786870371460756 
10.589999999988658, -0.7864402978210949 
10.599999999988635, -0.7860946424236454 
10.609999999988611, -0.7860035336807295 
10.619999999988588, -0.7862072730178444 
10.629999999988565, -0.7865671840179778 
10.639999999988541, -0.786774706418585 
10.649999999988518, -0.7866424738451053 
10.659999999988495, -0.7869618086824811 
10.669999999988471, -0.7912060221578436 
10.679999999988448, -0.7988007247250939 
10.689999999988425, -0.8005728999737789 
10.699999999988401, -0.8004505246055956 
10.709999999988378, -0.7985438693511654 
10.719999999988355, -0.7754911546516547 
10.729999999988332, -0.7582265081981774 
10.739999999988308, -0.7581632756963239 
10.749999999988285, -0.7580724009167328 
10.759999999988262, -0.7571914027220562 
10.769999999988238, -0.7555161598503375 
10.779999999988215, -0.754442681153016 
10.789999999988192, -0.7540777062909287 
10.799999999988168, -0.754049356526045 
10.809999999988145, -0.7540170732892281 
10.819999999988122, -0.7539639668916266 
10.829999999988098, -0.7538044918148005 
10.839999999988075, -0.7538652983316472 
10.849999999988052, -0.7550927902090022 
10.859999999988029, -0.7578835596812297 
10.869999999988005, -0.7595265374296897 
10.879999999987982, -0.7595556685064095 
10.889999999987959, -0.758813401221344 
10.899999999987935, -0.7545101615598299 
10.909999999987912, -0.7416588973519738 
10.919999999987889, -0.7415444738930154 
10.929999999987865, -0.7416002602704078 
10.939999999987842, -0.7410106257245415 
10.949999999987819, -0.7392238553016895 
10.959999999987796, -0.7378046836902539 
10.969999999987772, -0.7372235075937914 
10.979999999987749, -0.737145143686415 
10.989999999987726, -0.73713667459058 
10.999999999987702, -0.7371257307140234 
11.009999999987679, -0.7370221628841978 
11.019999999987656, -0.7369250921404829 
11.029999999987632, -0.7378015412537006 
11.039999999987609, -0.7410815575228809 
11.049999999987586, -0.7445282584360933 
11.059999999987562, -0.7450130048782562 
11.06999999998754, -0.7446114480870396 
11.079999999987516, -0.7394391584105237 
11.089999999987493, -0.7068317334706825 
11.09999999998747, -0.6991082371894688 
11.109999999987446, -0.6990505102189034 
11.119999999987423, -0.6988822313468127 
11.1299999999874, -0.6982234958303282 
11.139999999987376, -0.6975333645276122 
11.149999999987353, -0.6971236026175273 
11.15999999998733, -0.6970428364665187 
11.169999999987306, -0.697295806033618 
11.179999999987283, -0.6978516887393815 
11.18999999998726, -0.6982890484457539 
11.199999999987236, -0.6982123373112982 
11.209999999987213, -0.6980910551390689 
11.21999999998719, -0.7083739081067598 
11.229999999987166, -0.7385973052418571 
11.239999999987143, -0.7418681917038712 
11.24999999998712, -0.7419538658954292 
11.259999999987096, -0.7411137808999492 
11.269999999987073, -0.7376439578222848 
11.27999999998705, -0.7348394757678011 
11.289999999987026, -0.7339769813149709 
11.299999999987003, -0.7338769539471868 
11.30999999998698, -0.7337662474421396 
11.319999999986956, -0.7335954160828613 
11.329999999986933, -0.7334052885163198 
11.33999999998691, -0.7332954261864643 
11.349999999986887, -0.7338101891694703 
11.359999999986863, -0.7354220811355464 
11.36999999998684, -0.7372894722739334 
11.379999999986817, -0.7376210818415639 
11.389999999986793, -0.7372674964191045 
11.39999999998677, -0.7356893764954336 
11.409999999986747, -0.7255778015333418 
11.419999999986723, -0.7220233729035149 
11.4299999999867, -0.722257303910536 
11.439999999986677, -0.7220207112695329 
11.449999999986654, -0.7208432442687519 
11.45999999998663, -0.719438393294269 
11.469999999986607, -0.7187016071351786 
11.479999999986584, -0.7185090961543954 
11.48999999998656, -0.7185533171254282 
11.499999999986537, -0.7186580477498934 
11.509999999986514, -0.7187210655880365 
11.51999999998649, -0.7185866543671641 
11.529999999986467, -0.7188921792679519 
11.539999999986444, -0.7230555936606334 
11.54999999998642, -0.732681029719785 
11.559999999986397, -0.7352791309463667 
11.569999999986374, -0.7352674408655578 
11.57999999998635, -0.7337205462206497 
11.589999999986327, -0.7201454245977883 
11.599999999986304, -0.7090758428613329 
11.60999999998628, -0.7077850911859248 
11.619999999986257, -0.7077187461892581 
11.629999999986234, -0.7074488658676967 
11.63999999998621, -0.7070140044424522 
11.649999999986187, -0.7066760424107769 
11.659999999986164, -0.7065168237133427 
11.66999999998614, -0.7067765688114341 
11.679999999986117, -0.7075909890387363 
11.689999999986094, -0.7086632771058546 
11.69999999998607, -0.7088956208799662 
11.709999999986048, -0.7086027428849085 
11.719999999986024, -0.7089407653454662 
11.729999999986001, -0.7193878713825503 
11.739999999985978, -0.7206180873345345 
11.749999999985954, -0.720997643911211 
11.759999999985931, -0.7207675652567057 
11.769999999985908, -0.7194421749200316 
11.779999999985884, -0.7176983168327786 
11.789999999985861, -0.7168047751728972 
11.799999999985838, -0.7165697410017342 
11.809999999985815, -0.7165857873256076 
11.819999999985791, -0.7166369272259757 
11.829999999985768, -0.7166663546215278 
11.839999999985745, -0.716530218147699 
11.849999999985721, -0.716767359139203 
11.859999999985698, -0.719987359915067 
11.869999999985675, -0.7278856812488519 
11.879999999985651, -0.730550095077584 
11.889999999985628, -0.7305722798403596 
11.899999999985605, -0.7292165255392645 
11.909999999985581, -0.715221340963923 
11.919999999985558, -0.7018217279824587 
11.929999999985535, -0.7002643461772328 
11.939999999985512, -0.7001997104234381 
11.949999999985488, -0.6999459243474471 
11.959999999985465, -0.6995078912431744 
11.969999999985442, -0.6991663903439507 
11.979999999985418, -0.6989915869942495 
11.989999999985395, -0.6992321625446258 
11.999999999985372, -0.7000691361633536 
12.009999999985348, -0.7012807067624302 
12.019999999985325, -0.7016089175292655 
12.029999999985302, -0.7013411148135075 
12.039999999985278, -0.7006455608770443 
12.049999999985255, -0.6971121507588458 
12.059999999985232, -0.6917395573861777 
12.069999999985209, -0.6919618151618179 
12.079999999985185, -0.6918238559620741 
12.089999999985162, -0.6909966064351112 
12.099999999985139, -0.6899089162830441 
12.109999999985115, -0.6892902369540551 
12.119999999985092, -0.6890939891900235 
12.129999999985069, -0.6892095491479637 
12.139999999985045, -0.6895289058759726 
12.149999999985022, -0.6898720328118353 
12.159999999984999, -0.6898314451748894 
12.169999999984976, -0.6897235293852044 
12.179999999984952, -0.6956034384359651 
12.189999999984929, -0.7263342131253278 
12.199999999984906, -0.7330507104145016 
12.209999999984882, -0.733308690493073 
12.219999999984859, -0.732694970396139 
12.229999999984836, -0.7291163556447741 
12.239999999984812, -0.7253104678339762 
12.249999999984789, -0.7240596270488975 
12.259999999984766, -0.7239033718036268 
12.269999999984742, -0.7238088518261456 
12.27999999998472, -0.7236303684880595 
12.289999999984696, -0.7234475339165336 
12.299999999984673, -0.7232913847003217 
12.30999999998465, -0.7236447975398397 
12.319999999984626, -0.7251241647898322 
12.329999999984603, -0.7273843893448243 
12.33999999998458, -0.728041527531268 
12.349999999984556, -0.7278170539575344 
12.359999999984533, -0.7260326397944136 
12.36999999998451, -0.7063226129368891 
12.379999999984486, -0.693041374347009 
12.389999999984463, -0.692969747970089 
12.39999999998444, -0.6928789903640946 
12.409999999984416, -0.6922403311671085 
12.419999999984393, -0.6913373943569007 
12.42999999998437, -0.690783314048529 
12.439999999984346, -0.6905872663966737 
12.449999999984323, -0.6907255545075397 
12.4599999999843, -0.6911272817199421 
12.469999999984276, -0.6915971599695081 
12.479999999984253, -0.6916112122626713 
12.48999999998423, -0.6914089088909274 
12.499999999984206, -0.6959163466079451 
12.509999999984183, -0.7283251053167114 
12.51999999998416, -0.7359520205332091 
12.529999999984136, -0.7362972683479079 
12.539999999984113, -0.7358245064195089 
12.54999999998409, -0.7330060278327952 
12.559999999984067, -0.7296686883785832 
12.569999999984043, -0.7284067736160372 
12.57999999998402, -0.7282160244445143 
12.589999999983997, -0.7281424475399179 
12.599999999983973, -0.7279917119809982 
12.60999999998395, -0.7278296765638108 
12.619999999983927, -0.7276648277535848 
12.629999999983903, -0.7279756084577578 
12.63999999998388, -0.7294580160091373 
12.649999999983857, -0.7318879865787647 
12.659999999983834, -0.7326859816953281 
12.66999999998381, -0.7325022274700077 
12.679999999983787, -0.7309353779526158 
12.689999999983764, -0.713119259604073 
12.69999999998374, -0.6978408941635192 
12.709999999983717, -0.6976994136384188 
12.719999999983694, -0.6976298581298523 
12.72999999998367, -0.6970117320558811 
12.739999999983647, -0.6960475355297956 
12.749999999983624, -0.6954402779796431 
12.7599999999836, -0.6952087035093613 
12.769999999983577, -0.6953113569144289 
12.779999999983554, -0.6956471149799003 
12.78999999998353, -0.6960670719848715 
12.799999999983507, -0.6960863381668879 
12.809999999983484, -0.695909618954315 
12.81999999998346, -0.6997109024131133 
12.829999999983437, -0.7297920582617545 
12.839999999983414, -0.7395790232638357 
12.84999999998339, -0.7400120842070398 
12.859999999983367, -0.7395548221867414 
12.869999999983344, -0.7363145752430549 
12.87999999998332, -0.7319052192987342 
12.889999999983297, -0.7303123724546364 
12.899999999983274, -0.7300975611348152 
12.90999999998325, -0.7300043741845214 
12.919999999983228, -0.7297960099560266 
12.929999999983204, -0.7295875190748471 
12.939999999983181, -0.7294022940122914 
12.949999999983158, -0.7296196701531593 
12.959999999983134, -0.7306968342834765 
12.969999999983111, -0.7325200988813021 
12.979999999983088, -0.7332237149683579 
12.989999999983064, -0.7330577499411585 
12.999999999983041, -0.7321693859073284 
13.009999999983018, -0.7308027885965881 
13.019999999982995, -0.725382355677347 
13.029999999982971, -0.7257763024250992 
13.039999999982948, -0.7257021018375032 
13.049999999982925, -0.7248260262150877 
13.059999999982901, -0.7231391570847856 
13.069999999982878, -0.7220939283896372 
13.079999999982855, -0.7217275341954187 
13.089999999982831, -0.7217183026497318 
13.099999999982808, -0.7217683706178405 
13.109999999982785, -0.721832591271101 
13.119999999982761, -0.721731257997756 
13.129999999982738, -0.7217313731558699 
13.139999999982715, -0.7237328984760335 
13.149999999982692, -0.7307639866162926 
13.159999999982668, -0.7350578304431935 
13.169999999982645, -0.7353343008067452 
13.179999999982622, -0.7346366397763502 
13.189999999982598, -0.7251041788901053 
13.199999999982575, -0.7057586545258149 
13.209999999982552, -0.7024765936874529 
13.219999999982528, -0.7023686949113203 
13.229999999982505, -0.7021786946800245 
13.239999999982482, -0.7017097609630095 
13.249999999982458, -0.7013038393323604 
13.259999999982435, -0.7010518349441041 
13.269999999982412, -0.7011408569856491 
13.279999999982389, -0.7017208688950053 
13.289999999982365, -0.7027791152404496 
13.299999999982342, -0.7032881674782063 
13.309999999982319, -0.7031367370354176 
13.319999999982295, -0.7027167382423133 
13.329999999982272, -0.7104384252650214 
13.339999999982249, -0.7127244143421579 
13.349999999982225, -0.7133372178337472 
13.359999999982202, -0.7132945153386097 
13.369999999982179, -0.7124885515637092 
13.379999999982156, -0.7108139419346893 
13.389999999982132, -0.7097516779524673 
13.399999999982109, -0.7093611010477113 
13.409999999982086, -0.7093509729926405 
13.419999999982062, -0.709433631656535 
13.429999999982039, -0.7095553804649143 
13.439999999982016, -0.7094932237971128 
13.449999999981992, -0.7094290685305327 
13.459999999981969, -0.7115068920811802 
13.469999999981946, -0.7214909796641495 
13.479999999981922, -0.7282845023542747 
13.4899999999819, -0.7287642660113289 
13.499999999981876, -0.7282516092581656 
13.509999999981853, -0.722272760825529 
13.51999999998183, -0.7098604190728232 
13.529999999981806, -0.7066546538309414 
13.539999999981783, -0.7064364383154738 
13.54999999998176, -0.7063070676513592 
13.559999999981736, -0.7059655264135002 
13.569999999981713, -0.7056476791837464 
13.57999999998169, -0.7054164305449847 
13.589999999981666, -0.7055151156236711 
13.599999999981643, -0.706246219309532 
13.60999999998162, -0.7076788290949213 
13.619999999981596, -0.7084474551141562 
13.629999999981573, -0.7083466008507773 
13.63999999998155, -0.7075758737524213 
13.649999999981526, -0.7038902509127886 
13.659999999981503, -0.6907628950720576 
13.66999999998148, -0.6905262029834469 
13.679999999981456, -0.6905275305230758 
13.689999999981433, -0.6900083535904268 
13.69999999998141, -0.6889465487422647 
13.709999999981386, -0.6882222611651687 
13.719999999981363, -0.6879067625062343 
13.72999999998134, -0.6879502861245544 
13.739999999981316, -0.6882357104914455 
13.749999999981293, -0.6886839174946874 
13.75999999998127, -0.6887943964915326 
13.769999999981247, -0.6886019892538559 
13.779999999981223, -0.6903054028569342 
13.7899999999812, -0.7168237048740211 
13.799999999981177, -0.732729535869186 
13.809999999981153, -0.733567366239923 
13.81999999998113, -0.7333221509011535 
13.829999999981107, -0.7312112479238214 
13.839999999981083, -0.7272789933906015 
13.84999999998106, -0.7254651919187841 
13.859999999981037, -0.7251116310757207 
13.869999999981014, -0.7250526759233329 
13.87999999998099, -0.7249084255779432 
13.889999999980967, -0.7247544155299096 
13.899999999980944, -0.7245684566125193 
13.90999999998092, -0.7246805420219092 
13.919999999980897, -0.7258182179502721 
13.929999999980874, -0.7282804861499373 
13.93999999998085, -0.7296451491017947 
13.949999999980827, -0.7296275964535353 
13.959999999980804, -0.7287004401473713 
13.96999999998078, -0.7171077044330078 
13.979999999980757, -0.6919307681790807 
13.989999999980734, -0.6906352095724047 
13.99999999998071, -0.6906482170197921 
14.009999999980687, -0.690253947193984 
14.019999999980664, -0.6893949406917044 
14.02999999998064, -0.6887653051886274 
14.039999999980617, -0.6884634670931344 
14.049999999980594, -0.6885166530345751 
14.05999999998057, -0.6888730492967061 
14.069999999980547, -0.689464814070675 
14.079999999980524, -0.6896717990045815 
14.0899999999805, -0.6894746081907048 
14.099999999980477, -0.6903106451165985 
14.109999999980454, -0.71439161160816 
14.11999999998043, -0.7302325686367815 
14.129999999980408, -0.7311700768201188 
14.139999999980384, -0.7310068422920881 
14.149999999980361, -0.7294783945488672 
14.159999999980338, -0.7264634360283534 
14.169999999980314, -0.7248747625918521 
14.179999999980291, -0.7244794431580676 
14.189999999980268, -0.7244362836533358 
14.199999999980244, -0.724352101757703 
14.209999999980221, -0.7242589764638767 
14.219999999980198, -0.7240937503927047 
14.229999999980175, -0.7241688934500619 
14.239999999980151, -0.7254925752473093 
14.249999999980128, -0.7287751729043033 
14.259999999980105, -0.7307648463569483 
14.269999999980081, -0.7308393340765209 
14.279999999980058, -0.7299747499144938 
14.289999999980035, -0.716888815409562 
14.299999999980011, -0.6874762694543776 
14.309999999979988, -0.6849476229942911 
14.319999999979965, -0.6849408986652479 
14.329999999979941, -0.6846567954371597 
14.339999999979918, -0.6840051607827614 
14.349999999979895, -0.6834958951632714 
14.359999999979872, -0.6832243635089282 
14.369999999979848, -0.6833055055240509 
14.379999999979825, -0.6838096297471459 
14.389999999979802, -0.6847167380436572 
14.399999999979778, -0.6851217265490661 
14.409999999979755, -0.6849456522266808 
14.419999999979732, -0.6845581271148324 
14.429999999979708, -0.6898712904813333 
14.439999999979685, -0.6867272186364021 
14.449999999979662, -0.6870293592730083 
14.459999999979638, -0.6869785515976605 
14.469999999979615, -0.6863014219250361 
14.479999999979592, -0.6851282214766965 
14.489999999979569, -0.6844029983435034 
14.499999999979545, -0.6841229471478297 
14.509999999979522, -0.6841901990784398 
14.519999999979499, -0.6844752078919003 
14.529999999979475, -0.6848761195172683 
14.539999999979452, -0.6849206956423425 
14.549999999979429, -0.6847344382275233 
14.559999999979405, -0.6876159703798655 
14.569999999979382, -0.7171473564097307 
14.579999999979359, -0.7289643465762349 
14.589999999979335, -0.7295295279154286 
14.599999999979312, -0.7291840354705518 
14.609999999979289, -0.7267042857343863 
14.619999999979266, -0.723034046898917 
14.629999999979242, -0.7215129402608266 
14.639999999979219, -0.7212462729299683 
14.649999999979196, -0.7211876503383675 
14.659999999979172, -0.72105409459935 
14.669999999979149, -0.7209135922760709 
14.679999999979126, -0.7207393279011357 
14.689999999979102, -0.7209491544538513 
14.69999999997908, -0.7224044963844569 
14.709999999979056, -0.7252902334784966 
14.719999999979033, -0.7265398013462143 
14.72999999997901, -0.72646038578825 
14.739999999978986, -0.7251396318812624 
14.749999999978963, -0.706212024024248 
14.75999999997894, -0.6827375381809135 
14.769999999978916, -0.6816941155079675 
14.779999999978893, -0.6816712604067996 
14.78999999997887, -0.6812815707230659 
14.799999999978846, -0.6805915972716984 
14.809999999978823, -0.6801109834574466 
14.8199999999788, -0.6798919030252228 
14.829999999978776, -0.6800451396221151 
14.839999999978753, -0.6806272785570326 
14.84999999997873, -0.6815150481056479 
14.859999999978706, -0.6817702239673505 
14.869999999978683, -0.6815170902917276 
14.87999999997866, -0.6813716947313126 
14.889999999978636, -0.6841964454049024 
14.899999999978613, -0.6803417792031462 
14.90999999997859, -0.6805894324519828 
14.919999999978566, -0.6804628750322372 
14.929999999978543, -0.679681751883584 
14.93999999997852, -0.6786576978407408 
14.949999999978496, -0.6780743845208899 
14.959999999978473, -0.6778879585141622 
14.96999999997845, -0.678030916948946 
14.979999999978427, -0.6784353261442008 
14.989999999978403, -0.6788950573309688 
14.99999999997838, -0.6788957023076807 
15.009999999978357, -0.6786783557121978 
15.019999999978333, -0.6836529036793133 
15.02999999997831, -0.714538742872722 
15.039999999978287, -0.719965912223851 
15.049999999978263, -0.7202517521986411 
15.05999999997824, -0.7198111632631274 
15.069999999978217, -0.7176603916699701 
15.079999999978194, -0.7154088201134156 
15.08999999997817, -0.7144751289284517 
15.099999999978147, -0.7143055658497798 
15.109999999978124, -0.7142883416074493 
15.1199999999781, -0.7142631281961299 
15.129999999978077, -0.7142013531407706 
15.139999999978054, -0.714055420431866 
15.14999999997803, -0.7145234256132752 
15.159999999978007, -0.7175840695160812 
15.169999999977984, -0.7229779574890179 
15.17999999997796, -0.724363027485486 
15.189999999977937, -0.7242223506598379 
15.199999999977914, -0.7218825289229535 
15.20999999997789, -0.7009251473406714 
15.219999999977867, -0.6884702078383176 
15.229999999977844, -0.6876179460321152 
15.23999999997782, -0.6875554375733686 
15.249999999977797, -0.6872290213377273 
15.259999999977774, -0.6867801175493605 
15.26999999997775, -0.6864555243397841 
15.279999999977727, -0.6863369023117621 
15.289999999977704, -0.6866891256508771 
15.29999999997768, -0.6877333558343668 
15.309999999977657, -0.689008966934466 
15.319999999977634, -0.6892346865544091 
15.32999999997761, -0.6888602147050299 
15.339999999977588, -0.68635213385612 
15.349999999977564, -0.661923992400147 
15.359999999977541, -0.6546325255902348 
15.369999999977518, -0.6546227665863343 
15.379999999977494, -0.6544782457962436 
15.389999999977471, -0.6539195483300617 
15.399999999977448, -0.6533669200017319 
15.409999999977424, -0.6530380049564308 
15.419999999977401, -0.6530069508426141 
15.429999999977378, -0.6534893832802813 
15.439999999977355, -0.6547481860201025 
15.449999999977331, -0.6558985488248416 
15.459999999977308, -0.6559748927324505 
15.469999999977285, -0.6553172119235807 
15.479999999977261, -0.6453788235417901 
15.489999999977238, -0.6157832909950429 
15.499999999977215, -0.6118128368707831 
15.509999999977191, -0.6116956922245679 
15.519999999977168, -0.6115759484743061 
15.529999999977145, -0.6113087681866222 
15.539999999977121, -0.6111136121194103 
15.549999999977098, -0.6109485697483722 
15.559999999977075, -0.6111681313835148 
15.569999999977052, -0.6136567722395092 
15.579999999977028, -0.621969504758672 
15.589999999977005, -0.6257764969530321 
15.599999999976982, -0.6259581117145224 
15.609999999976958, -0.6252424457261988 
15.619999999976935, -0.6217131715289196 
15.629999999976912, -0.6188445457840761 
15.639999999976888, -0.6179453443705072 
15.649999999976865, -0.6178095112074997 
15.659999999976842, -0.6178888782298342 
15.669999999976818, -0.6181175031130993 
15.679999999976795, -0.6183149566606136 
15.689999999976772, -0.6182024305014827 
15.699999999976749, -0.6182189745179918 
15.709999999976725, -0.629546864851507 
15.719999999976702, -0.6459851642789446 
15.729999999976679, -0.646759130293003 
15.739999999976655, -0.6468317036367208 
15.749999999976632, -0.6464153136370919 
15.759999999976609, -0.6454507762504055 
15.769999999976585, -0.6447772278793281 
15.779999999976562, -0.6444675129954076 
15.789999999976539, -0.6445292571273529 
15.799999999976515, -0.6450084390295808 
15.809999999976492, -0.6459637520030047 
15.819999999976469, -0.6464466381689895 
15.829999999976446, -0.6462900056701267 
15.839999999976422, -0.6451532664021976 
15.849999999976399, -0.6269990077678632 
15.859999999976376, -0.6055945054402382 
15.869999999976352, -0.6045100060755656 
15.879999999976329, -0.6044787763400089 
15.889999999976306, -0.6042476326844229 
15.899999999976282, -0.6039355868222053 
15.90999999997626, -0.6037245646282895 
15.919999999976236, -0.6036084889163557 
15.929999999976213, -0.6042365680478985 
15.93999999997619, -0.6080411524766666 
15.949999999976166, -0.6154392758093572 
15.959999999976143, -0.6169920990593635 
15.96999999997612, -0.6168961466670817 
15.979999999976096, -0.615385407562826 
15.989999999976073, -0.6113818879304308 
15.99999999997605, -0.6094190717308249 
16.009999999976028, -0.6088959614119313 
16.019999999976005, -0.6088770206306554 
16.02999999997598, -0.6090236898853106 
16.039999999975958, -0.6093444861661099 
16.049999999975935, -0.6094623257848605 
16.05999999997591, -0.6092706320455015 
16.069999999975888, -0.6097933399048472 
16.079999999975865, -0.6199432167890165 
16.08999999997584, -0.6151376280312983 
16.099999999975818, -0.6151446458650053 
16.109999999975795, -0.6150964371397009 
16.11999999997577, -0.6146623088446934 
16.129999999975748, -0.6141057984589112 
16.139999999975725, -0.6137684026130769 
16.1499999999757, -0.6136560423229942 
16.15999999997568, -0.6141143741519862 
16.169999999975655, -0.6159036074366581 
16.17999999997563, -0.6186930671424823 
16.18999999997561, -0.6193366275753273 
16.199999999975585, -0.619059988331971 
16.20999999997556, -0.615657455826433 
16.21999999997554, -0.6049391311279845 
16.229999999975515, -0.60117191997482 
16.239999999975492, -0.6006181004706406 
16.24999999997547, -0.6005861755689534 
16.259999999975445, -0.6005819131129383 
16.269999999975422, -0.6006601151814537 
16.2799999999754, -0.6006253629956724 
16.289999999975375, -0.6005065724898954 
16.299999999975352, -0.6029286702954415 
16.30999999997533, -0.6306411877875686 
16.319999999975305, -0.6436923076408511 
16.329999999975282, -0.6443326623609882 
16.33999999997526, -0.6441729983650195 
16.349999999975235, -0.6431945554230938 
16.359999999975212, -0.6419640545419585 
16.36999999997519, -0.6413346685920498 
16.379999999975166, -0.6411488525201089 
16.389999999975142, -0.6413142917578015 
16.39999999997512, -0.6418221293594683 
16.409999999975096, -0.6424641345030183 
16.419999999975072, -0.6425363105041774 
16.42999999997505, -0.6421788604881131 
16.439999999975026, -0.6415228327654736 
16.449999999975002, -0.6237048068814095 
16.45999999997498, -0.6179631905732087 
16.469999999974956, -0.6179545066672549 
16.479999999974932, -0.617817168332445 
16.48999999997491, -0.6173650341186099 
16.499999999974886, -0.6169713631738571 
16.509999999974863, -0.6167271108755613 
16.51999999997484, -0.6167752413824527 
16.529999999974816, -0.6177477750806191 
16.539999999974793, -0.6208340922449438 
16.54999999997477, -0.6234411713748135 
16.559999999974746, -0.6236801115975751 
16.569999999974723, -0.6230384229080979 
16.5799999999747, -0.6171836756153568 
16.589999999974676, -0.6096885758926632 
16.599999999974653, -0.6078151940003622 
16.60999999997463, -0.6075769580859741 
16.619999999974606, -0.60757029150566 
16.629999999974583, -0.6076065209527798 
16.63999999997456, -0.6076882347470549 
16.649999999974536, -0.607589013526926 
16.659999999974513, -0.6076586210008662 
16.66999999997449, -0.6149677260876603 
16.679999999974466, -0.6465964653441932 
16.689999999974443, -0.6512651531786844 
16.69999999997442, -0.6514808979551087 
16.709999999974396, -0.6510762494047321 
16.719999999974373, -0.6496976793725712 
16.72999999997435, -0.6485701301494782 
16.739999999974327, -0.6480696607112686 
16.749999999974303, -0.6480024136922563 
16.75999999997428, -0.6482260506036853 
16.769999999974257, -0.6487340221957166 
16.779999999974233, -0.6490997141311932 
16.78999999997421, -0.6489913228057251 
16.799999999974187, -0.6487292999449592 
16.809999999974163, -0.6557912536849307 
16.81999999997414, -0.6560948967887783 
16.829999999974117, -0.6560430428372256 
16.839999999974093, -0.6560831231843365 
16.84999999997407, -0.6556657729489046 
16.859999999974047, -0.6547762430524025 
16.869999999974024, -0.6541623706120474 
16.879999999974, -0.6538793259711143 
16.889999999973977, -0.6539656190342955 
16.899999999973954, -0.6544708507244124 
16.90999999997393, -0.6554081901207233 
16.919999999973907, -0.6558178355321808 
16.929999999973884, -0.6556294642792447 
16.93999999997386, -0.6545759460338586 
16.949999999973837, -0.6389304903029871 
16.959999999973814, -0.6208415420646677 
16.96999999997379, -0.6202108172319029 
16.979999999973767, -0.6201755403525789 
16.989999999973744, -0.6198596655807964 
16.99999999997372, -0.6194402463962702 
17.009999999973697, -0.6191643977834455 
17.019999999973674, -0.6190540936560446 
17.02999999997365, -0.619587878785568 
17.039999999973627, -0.6219275451556706 
17.049999999973604, -0.6257783220742992 
17.05999999997358, -0.6266567751252364 
17.069999999973557, -0.6264385726562673 
17.079999999973534, -0.6237295013341767 
17.08999999997351, -0.6152475870805804 
17.099999999973488, -0.6118561547745075 
17.109999999973464, -0.6112682729925651 
17.11999999997344, -0.6112330784465182 
17.129999999973418, -0.6112408168883915 
17.139999999973394, -0.6113301028726071 
17.14999999997337, -0.6113049309430415 
17.159999999973348, -0.6111797638025036 
17.169999999973324, -0.6133227231958268 
17.1799999999733, -0.6390885822880403 
17.189999999973278, -0.6541770190140073 
17.199999999973254, -0.65493968066958 
17.20999999997323, -0.654779288107361 
17.219999999973208, -0.6536825381238526 
17.229999999973185, -0.6521740588430751 
17.23999999997316, -0.6514091959048692 
17.249999999973138, -0.6511766192469903 
17.259999999973115, -0.6512797215539502 
17.26999999997309, -0.6516211634848916 
17.279999999973068, -0.6520656712384647 
17.289999999973045, -0.6520903831558928 
17.29999999997302, -0.6518407516320764 
17.309999999972998, -0.6550826979958307 
17.319999999972975, -0.675123584051298 
17.32999999997295, -0.677010295156609 
17.339999999972928, -0.6772764668443226 
17.349999999972905, -0.677014262774688 
17.35999999997288, -0.6759191416387752 
17.36999999997286, -0.6748160092017883 
17.379999999972835, -0.6742625892710153 
17.38999999997281, -0.6741402347590008 
17.39999999997279, -0.6743038782974964 
17.409999999972765, -0.6746889730536465 
17.41999999997274, -0.6750100555120682 
17.42999999997272, -0.6749209805334816 
17.439999999972695, -0.6748809401513853 
17.449999999972672, -0.6852651409106374 
17.45999999997265, -0.7155819094806626 
17.469999999972625, -0.7187996109991932 
17.479999999972602, -0.7189000405987345 
17.48999999997258, -0.718174796819603 
17.499999999972555, -0.7155003451236286 
17.509999999972532, -0.7133930264763191 
17.51999999997251, -0.712651816380209 
17.529999999972485, -0.7125542209553223 
17.539999999972462, -0.7125230696870565 
17.54999999997244, -0.7124874838255152 
17.559999999972415, -0.7123899129973261 
17.569999999972392, -0.7122762676799281 
17.57999999997237, -0.7130784149695657 
17.589999999972346, -0.7167816932070777 
17.599999999972322, -0.721454457349626 
17.6099999999723, -0.7222253428808482 
17.619999999972276, -0.7219227844721054 
17.629999999972252, -0.7176466103404396 
17.63999999997223, -0.6936886195020477 
17.649999999972206, -0.6855815388402033 
17.659999999972182, -0.6851894711976954 
17.66999999997216, -0.6850939444137901 
17.679999999972136, -0.6847127203567348 
17.689999999972112, -0.6842949461671796 
17.69999999997209, -0.6840031913194249 
17.709999999972066, -0.6839655975811691 
17.719999999972043, -0.6844653647730868 
17.72999999997202, -0.6857313026922848 
17.739999999971996, -0.686885191132786 
17.749999999971973, -0.6869657677162406 
17.75999999997195, -0.6864050037530403 
17.769999999971926, -0.6807143319760878 
17.779999999971903, -0.6515000464897837 
17.78999999997188, -0.647585270499979 
17.799999999971856, -0.6475875900284297 
17.809999999971833, -0.647386641923557 
17.81999999997181, -0.6468502950090222 
17.829999999971786, -0.6464130099203143 
17.839999999971763, -0.6461575248074909 
17.84999999997174, -0.64624495175201 
17.859999999971716, -0.6470246115406179 
17.869999999971693, -0.6488645899729133 
17.87999999997167, -0.6500298907783697 
17.889999999971646, -0.6500148969522405 
17.899999999971623, -0.648883273511977 
17.9099999999716, -0.6335051075641863 
17.919999999971576, -0.6153363543375627 
17.929999999971553, -0.6132567405480203 
17.93999999997153, -0.6131641727730799 
17.949999999971507, -0.613046679080474 
17.959999999971483, -0.612866021113113 
17.96999999997146, -0.6127384574663203 
17.979999999971437, -0.6126007847621229 
17.989999999971413, -0.6130877538740761 
17.99999999997139, -0.6178579844261193 
18.009999999971367, -0.6301712050908763 
18.019999999971343, -0.6329970949227923 
18.02999999997132, -0.6330342363336858 
18.039999999971297, -0.6320724481857228 
18.049999999971273, -0.6289442527596841 
18.05999999997125, -0.6270053277459493 
18.069999999971227, -0.6263946883098624 
18.079999999971204, -0.6263376178378872 
18.08999999997118, -0.6264649717357416 
18.099999999971157, -0.6267599635462253 
18.109999999971134, -0.6269109229205848 
18.11999999997111, -0.6267508854779997 
18.129999999971087, -0.6271704342163867 
18.139999999971064, -0.6448183574567858 
18.14999999997104, -0.6557851783864477 
18.159999999971017, -0.6564407879967223 
18.169999999970994, -0.6564172717191167 
18.17999999997097, -0.6558075618038118 
18.189999999970947, -0.6547355032584916 
18.199999999970924, -0.6540803132232614 
18.2099999999709, -0.6538203441301655 
18.219999999970877, -0.6539285193491965 
18.229999999970854, -0.6543882864703199 
18.23999999997083, -0.6551250343654973 
18.249999999970807, -0.6553399950602812 
18.259999999970784, -0.6550851576034747 
18.26999999997076, -0.6546964429497372 
18.279999999970737, -0.6480632806951545 
18.289999999970714, -0.6391636881506464 
18.29999999997069, -0.6391462848730175 
18.309999999970668, -0.63905797149688 
18.319999999970644, -0.638552874649629 
18.32999999997062, -0.6379632794139141 
18.339999999970598, -0.6376076444499466 
18.349999999970574, -0.6375167937800637 
18.35999999997055, -0.6379411501208034 
18.369999999970528, -0.6392744691375067 
18.379999999970504, -0.6409253616730375 
18.38999999997048, -0.6412099808125888 
18.399999999970458, -0.6407671564471206 
18.409999999970434, -0.6345559731859771 
18.41999999997041, -0.611357762102305 
18.429999999970388, -0.6059677724855896 
18.439999999970365, -0.6056146703114406 
18.44999999997034, -0.6055549500495521 
18.459999999970318, -0.6054011319423741 
18.469999999970295, -0.6052993584504566 
18.47999999997027, -0.6051671724360356 
18.489999999970248, -0.6052146750283602 
18.499999999970225, -0.6078516516168276 
18.5099999999702, -0.6222949347215797 
18.519999999970178, -0.6306885143883839 
18.529999999970155, -0.6311795373029223 
18.53999999997013, -0.6308245948176534 
18.549999999970108, -0.6288983519809602 
18.559999999970085, -0.6268271023698907 
18.56999999997006, -0.6259877092097405 
18.57999999997004, -0.625798742852428 
18.589999999970015, -0.6259096447652082 
18.59999999996999, -0.6262406547590572 
18.60999999996997, -0.626617319315341 
18.619999999969945, -0.6265848215520523 
18.62999999996992, -0.6263044863978224 
18.6399999999699, -0.6299414094999727 
18.649999999969875, -0.6302148893560618 
18.659999999969852, -0.6284097581801289 
18.66999999996983, -0.6285030860245171 
18.679999999969805, -0.6282780366558904 
18.689999999969782, -0.6276461920184392 
18.69999999996976, -0.6271402669177852 
18.709999999969735, -0.6268639032205672 
18.719999999969712, -0.626929198799513 
18.72999999996969, -0.6276732048173259 
18.739999999969665, -0.6295727575726254 
18.749999999969642, -0.6309123240244747 
18.75999999996962, -0.6309457295875444 
18.769999999969595, -0.629933415927822 
18.779999999969572, -0.617978276351979 
18.78999999996955, -0.6042780361013089 
18.799999999969526, -0.6022036354795461 
18.809999999969502, -0.6020638498678459 
18.81999999996948, -0.601999826682834 
18.829999999969456, -0.6019198282599724 
18.839999999969432, -0.6018790495878608 
18.84999999996941, -0.601748417437651 
18.859999999969386, -0.6021369459528542 
18.869999999969362, -0.6095916803476218 
18.87999999996934, -0.632775392668628 
18.889999999969316, -0.6366109834081991 
18.899999999969292, -0.6367280775841975 
18.90999999996927, -0.6361069348686422 
18.919999999969246, -0.6342561956471251 
18.929999999969223, -0.6329849006357348 
18.9399999999692, -0.6324929148253982 
18.949999999969176, -0.6324552617454723 
18.959999999969153, -0.6326826730709323 
18.96999999996913, -0.6331800681059703 
18.979999999969106, -0.6334777768228621 
18.989999999969083, -0.6333320134429155 
18.99999999996906, -0.6330497181856006 
19.009999999969036, -0.6362167951375768 
19.019999999969013, -0.6256410652256127 
19.02999999996899, -0.6251614515972523 
19.039999999968966, -0.6251613038785283 
19.049999999968943, -0.6248079557973847 
19.05999999996892, -0.6242248902264856 
19.069999999968896, -0.6238454395610937 
19.079999999968873, -0.6236724690796481 
19.08999999996885, -0.6239664273963125 
19.099999999968826, -0.6252779809556835 
19.109999999968803, -0.6277678616893604 
19.11999999996878, -0.6286213295234154 
19.129999999968756, -0.6284505794157013 
19.139999999968733, -0.6260001283277928 
19.14999999996871, -0.6121245616787461 
19.159999999968687, -0.6056010160735507 
19.169999999968663, -0.6047365593299017 
19.17999999996864, -0.604679316293122 
19.189999999968617, -0.604620330918491 
19.199999999968593, -0.6046088672779006 
19.20999999996857, -0.6045595060563765 
19.219999999968547, -0.6044431019464566 
19.229999999968523, -0.6058266636983667 
19.2399999999685, -0.6227455094380417 
19.249999999968477, -0.6417292387035036 
19.259999999968453, -0.6429995093713591 
19.26999999996843, -0.6429003490807075 
19.279999999968407, -0.6418635282400864 
19.289999999968384, -0.640104967905142 
19.29999999996836, -0.639186615818214 
19.309999999968337, -0.6388842791898658 
19.319999999968314, -0.6389514785766561 
19.32999999996829, -0.6392644683529803 
19.339999999968267, -0.6397602405269807 
19.349999999968244, -0.6398648338703098 
19.35999999996822, -0.6396146209251949 
19.369999999968197, -0.640558206804792 
19.379999999968174, -0.6476046905900761 
19.38999999996815, -0.6442535004026554 
19.399999999968127, -0.6444245931975414 
19.409999999968104, -0.6442973176502337 
19.41999999996808, -0.6436621207959587 
19.429999999968057, -0.6429578666642654 
19.439999999968034, -0.6425570794154951 
19.44999999996801, -0.6424640029302233 
19.459999999967987, -0.6428196509948632 
19.469999999967964, -0.6438394240862056 
19.47999999996794, -0.6449897695246339 
19.489999999967917, -0.6451375638063361 
19.499999999967894, -0.6446327278626105 
19.50999999996787, -0.6376447175564062 
19.519999999967848, -0.607031434641029 
19.529999999967824, -0.6014634718728356 
19.5399999999678, -0.6012542266589435 
19.549999999967778, -0.6011674005232986 
19.559999999967754, -0.6009404623953828 
19.56999999996773, -0.6007749376720501 
19.579999999967708, -0.6006189203119453 
19.589999999967684, -0.6007325022104836 
19.59999999996766, -0.6032079218138258 
19.609999999967638, -0.6142666732373303 
19.619999999967614, -0.6204785705516067 
19.62999999996759, -0.6208519705261545 
19.639999999967568, -0.6204035750518369 
19.649999999967545, -0.6181028484852226 
19.65999999996752, -0.6158788548822144 
19.669999999967498, -0.6150470037137258 
19.679999999967475, -0.6148809127285096 
19.68999999996745, -0.6150021570398857 
19.699999999967428, -0.6153542465340945 
19.709999999967405, -0.6157318108781872 
19.71999999996738, -0.6156865707973876 
19.729999999967358, -0.61535157384179 
19.739999999967335, -0.6170233469576762 
19.74999999996731, -0.6031085266303509 
19.759999999967288, -0.6002272626342611 
19.769999999967265, -0.6002489961490491 
19.77999999996724, -0.6000683903789712 
19.78999999996722, -0.59963806190133 
19.799999999967195, -0.5993222699376546 
19.80999999996717, -0.5991247368611844 
19.81999999996715, -0.5993022349342578 
19.829999999967125, -0.6009658253603192 
19.8399999999671, -0.6061847103251263 
19.84999999996708, -0.6091368017504406 
19.859999999967055, -0.6092959929924763 
19.869999999967032, -0.6085278772656542 
19.87999999996701, -0.6043389858030815 
19.889999999966985, -0.6009137867807272 
19.899999999966962, -0.5999255237183437 
19.90999999996694, -0.5997803513556651 
19.919999999966915, -0.599861272759284 
19.929999999966892, -0.6001092415135098 
19.93999999996687, -0.6003494174891328 
19.949999999966845, -0.600253941393542 
19.959999999966822, -0.6000664558552639 
19.9699999999668, -0.6057691592397924 
19.979999999966775, -0.6000343489005502 
19.989999999966752, -0.5985922683388669 
19.99999999996673, -0.5986301128572449 
20.009999999966706, -0.5984006711964376 
20.019999999966682, -0.5979269258846234 
20.02999999996666, -0.5975999280216595 
20.039999999966636, -0.5974110414124734 
20.049999999966612, -0.5976523651171955 
20.05999999996659, -0.5994196519223772 
20.069999999966566, -0.6043412875475421 
20.079999999966542, -0.6066527782762982 
20.08999999996652, -0.6067202802957963 
20.099999999966496, -0.6057337470871754 
20.109999999966472, -0.6010005517791647 
20.11999999996645, -0.5977324246182634 
20.129999999966426, -0.5968533145672297 
20.139999999966403, -0.5967453293563653 
20.14999999996638, -0.5968352357216886 
20.159999999966356, -0.5970965390668953 
20.169999999966333, -0.5973071624005737 
20.17999999996631, -0.5971854209754582 
20.189999999966286, -0.5970503143507541 
20.199999999966263, -0.6029623617609512 
20.20999999996624, -0.5938120946616755 
20.219999999966216, -0.5927291781875755 
20.229999999966193, -0.5927471155499652 
20.23999999996617, -0.5925007303627832 
20.249999999966146, -0.5920660459845646 
20.259999999966123, -0.5917806742109079 
20.2699999999661, -0.5916178016862776 
20.279999999966076, -0.5919666572892851 
20.289999999966053, -0.5943444818514323 
20.29999999996603, -0.600550004746647 
20.309999999966006, -0.602769035134824 
20.319999999965983, -0.6027931978537309 
20.32999999996596, -0.6017273486017383 
20.339999999965936, -0.5978170690099299 
20.349999999965913, -0.595470050223395 
20.35999999996589, -0.5947976764697633 
20.369999999965867, -0.5947326692783601 
20.379999999965843, -0.5948839276951813 
20.38999999996582, -0.5952663246617256 
20.399999999965797, -0.5955233602891431 
20.409999999965773, -0.5953828636380136 
20.41999999996575, -0.5949406592041085 
20.429999999965727, -0.588827086436255 
20.439999999965703, -0.5666837872811602 
20.44999999996568, -0.5652438628061752 
20.459999999965657, -0.5652201034286398 
20.469999999965633, -0.5650477283952102 
20.47999999996561, -0.5648136352334712 
20.489999999965587, -0.5646712502101379 
20.499999999965564, -0.5645434631692993 
20.50999999996554, -0.5651374698515507 
20.519999999965517, -0.5723385786134052 
20.529999999965494, -0.5915608458469035 
20.53999999996547, -0.5944936531574545 
20.549999999965447, -0.5945617198443973 
20.559999999965424, -0.5939483664091947 
20.5699999999654, -0.5925511361925768 
20.579999999965377, -0.5917137471149688 
20.589999999965354, -0.5913863753433232 
20.59999999996533, -0.5914599238240076 
20.609999999965307, -0.5920333858020975 
20.619999999965284, -0.5933490050040336 
20.62999999996526, -0.5940904656957844 
20.639999999965237, -0.5939868500592055 
20.649999999965214, -0.5923380355192386 
20.65999999996519, -0.5773382031099518 
20.669999999965167, -0.5675427534660561 
20.679999999965144, -0.5662539703709529 
20.68999999996512, -0.5661657941213231 
20.699999999965097, -0.5661497475546048 
20.709999999965074, -0.5662125796746222 
20.71999999996505, -0.5662717910940798 
20.729999999965028, -0.5661372609625013 
20.739999999965004, -0.5664840710472476 
20.74999999996498, -0.5808747081845042 
20.759999999964958, -0.589115931286392 
20.769999999964934, -0.5890243495854999 
20.77999999996491, -0.5890546190010183 
20.789999999964888, -0.5887501952618531 
20.799999999964864, -0.5882296150260532 
20.80999999996484, -0.5878998733039987 
20.819999999964818, -0.5877334235508366 
20.829999999964794, -0.5880758269737258 
20.83999999996477, -0.590155159790594 
20.849999999964748, -0.5952694797100606 
20.859999999964725, -0.5971097946682881 
20.8699999999647, -0.5970959138262236 
20.879999999964678, -0.5958755237055402 
20.889999999964655, -0.5914744975938393 
20.89999999996463, -0.5889975999718349 
20.909999999964608, -0.5883298053911192 
20.919999999964585, -0.588272712814269 
20.92999999996456, -0.588423610618658 
20.939999999964538, -0.5888060781196136 
20.949999999964515, -0.5890524436525635 
20.95999999996449, -0.5889036071608521 
20.969999999964468, -0.5883857404953542 
20.979999999964445, -0.5788572994466136 
20.98999999996442, -0.5560987924214292 
20.9999999999644, -0.5546696800466488 
21.009999999964375, -0.5546373998329963 
21.01999999996435, -0.554488796043819 
21.02999999996433, -0.5543107424003615 
21.039999999964305, -0.5542087482823282 
21.04999999996428, -0.5540837856293851 
21.05999999996426, -0.554726647941907 
21.069999999964235, -0.565140113255795 
21.079999999964212, -0.5901518067800214 
21.08999999996419, -0.5926313015173723 
21.099999999964165, -0.5926993105885279 
21.109999999964142, -0.5922005119863227 
21.11999999996412, -0.5911761813317498 
21.129999999964095, -0.5905528877624435 
21.139999999964072, -0.5902918983270077 
21.14999999996405, -0.5904336608922018 
21.159999999964025, -0.5912778009498681 
21.169999999964002, -0.593237620267859 
21.17999999996398, -0.5942393503380051 
21.189999999963955, -0.5941608643280168 
21.199999999963932, -0.5925346483102428 
21.20999999996391, -0.5820354591521846 
21.219999999963886, -0.5758095941942446 
21.229999999963862, -0.5747397451692674 
21.23999999996384, -0.5746509662687919 
21.249999999963816, -0.5746759637865191 
21.259999999963792, -0.5748155341892217 
21.26999999996377, -0.5749210335619412 
21.279999999963746, -0.5747816689831708 
21.289999999963722, -0.5749759456949426 
21.2999999999637, -0.5861568520828481 
21.309999999963676, -0.583669910254925 
21.319999999963652, -0.5830992493814685 
21.32999999996363, -0.583113318473045 
21.339999999963606, -0.5828441280465131 
21.349999999963583, -0.5824140889501939 
21.35999999996356, -0.582142754612564 
21.369999999963536, -0.5819949493391585 
21.379999999963513, -0.5824229761821121 
21.38999999996349, -0.5853221630654507 
21.399999999963466, -0.5926211516478281 
21.409999999963443, -0.5947987033783306 
21.41999999996342, -0.5948055100438214 
21.429999999963396, -0.5937615824823077 
21.439999999963373, -0.5906174959460793 
21.44999999996335, -0.5888543235368691 
21.459999999963326, -0.5883146683227534 
21.469999999963303, -0.5882871041661846 
21.47999999996328, -0.5885242737575872 
21.489999999963256, -0.589085018633846 
21.499999999963233, -0.5894327954872073 
21.50999999996321, -0.5892860170375328 
21.519999999963186, -0.5882304473042198 
21.529999999963163, -0.5689924850881608 
21.53999999996314, -0.5478115351238035 
21.549999999963116, -0.5462754385915751 
21.559999999963093, -0.5462179640349316 
21.56999999996307, -0.5461282770671446 
21.579999999963047, -0.5460615264703146 
21.589999999963023, -0.5460391074039262 
21.599999999963, -0.5459110467487384 
21.609999999962977, -0.5464414507588594 
21.619999999962953, -0.561499832860281 
21.62999999996293, -0.5829309934917035 
21.639999999962907, -0.5836816094718132 
21.649999999962883, -0.5837348476611192 
21.65999999996286, -0.5834023060242215 
21.669999999962837, -0.5827987822228933 
21.679999999962813, -0.5824202662099563 
21.68999999996279, -0.5822363657207621 
21.699999999962767, -0.5825231507752824 
21.709999999962744, -0.5842897179881869 
21.71999999996272, -0.58881957181474 
21.729999999962697, -0.5906751563435158 
21.739999999962674, -0.5906796106288716 
21.74999999996265, -0.5895229437536569 
21.759999999962627, -0.585044229407781 
21.769999999962604, -0.5824300401859114 
21.77999999996258, -0.5817262983478299 
21.789999999962557, -0.5816592928567599 
21.799999999962534, -0.5818141890323125 
21.80999999996251, -0.5822201908211417 
21.819999999962487, -0.5825105568581859 
21.829999999962464, -0.5823791175655206 
21.83999999996244, -0.5817064034801699 
21.849999999962417, -0.5687552192343869 
21.859999999962394, -0.5439411661037419 
21.86999999996237, -0.5421278226426799 
21.879999999962347, -0.5420739070945095 
21.889999999962324, -0.5419715564873931 
21.8999999999623, -0.5418664993155492 
21.909999999962277, -0.5418269871592909 
21.919999999962254, -0.5417015302588974 
21.92999999996223, -0.5421332522754603 
21.939999999962208, -0.5547857447266683 
21.949999999962184, -0.5804601859079078 
21.95999999996216, -0.5816734373877539 
21.969999999962138, -0.5817561883149244 
21.979999999962114, -0.5814417827094579 
21.98999999996209, -0.5808115313110295 
21.999999999962068, -0.5804049514996882 
22.009999999962044, -0.580202759351238 
22.01999999996202, -0.5804338352884089 
22.029999999961998, -0.5820054349758094 
22.039999999961974, -0.586350187700457 
22.04999999996195, -0.5884352318209867 
22.059999999961928, -0.5884869194208292 
22.069999999961905, -0.5874855408549804 
22.07999999996188, -0.5831482623567825 
22.089999999961858, -0.5803599244739539 
22.099999999961835, -0.5795903050343996 
22.10999999996181, -0.5795014241019296 
22.119999999961788, -0.57964963545885 
22.129999999961765, -0.5800565791333089 
22.13999999996174, -0.5803905843838338 
22.149999999961718, -0.5802862332716874 
22.159999999961695, -0.5796252941547441 
22.16999999996167, -0.5676549115374466 
22.179999999961648, -0.5409580567509416 
22.189999999961625, -0.5386766378122942 
22.1999999999616, -0.5386006000033227 
22.20999999996158, -0.5385178120936249 
22.219999999961555, -0.5384313592847576 
22.22999999996153, -0.5384172349940091 
22.23999999996151, -0.5382978093939109 
22.249999999961485, -0.5385419125341854 
22.25999999996146, -0.5493304343864723 
22.26999999996144, -0.5717649195301537 
22.279999999961415, -0.57218874677135 
22.289999999961392, -0.5722789362079524 
22.29999999996137, -0.5720410140513861 
22.309999999961345, -0.5715311111010948 
22.319999999961322, -0.5711910747271179 
22.3299999999613, -0.5710000441441097 
22.339999999961275, -0.5712241663566457 
22.349999999961252, -0.5732265433540256 
22.35999999996123, -0.579908257739351 
22.369999999961205, -0.5832406543623061 
22.379999999961182, -0.5834101138016446 
22.38999999996116, -0.5827418828495761 
22.399999999961135, -0.5800663482130871 
22.409999999961112, -0.5781509837925186 
22.41999999996109, -0.5775094790488018 
22.429999999961066, -0.5774261344229189 
22.439999999961042, -0.5776635966837619 
22.44999999996102, -0.5783195249050175 
22.459999999960996, -0.5789226763131656 
22.469999999960972, -0.5788918648728816 
22.47999999996095, -0.578046089117044 
22.489999999960926, -0.564652468042856 
22.499999999960902, -0.5441874419985216 
22.50999999996088, -0.5416590562965674 
22.519999999960856, -0.5415003574920854 
22.529999999960832, -0.5414732671498528 
22.53999999996081, -0.5414904371410376 
22.549999999960786, -0.5415817788154866 
22.559999999960763, -0.5414907226846596 
22.56999999996074, -0.5414127162668684 
22.579999999960716, -0.5471588244849425 
22.589999999960693, -0.5420325381151372 
22.59999999996067, -0.5387778828276044 
22.609999999960646, -0.5387559740125796 
22.619999999960623, -0.53864146051647 
22.6299999999606, -0.5383981039681773 
22.639999999960576, -0.5382613873334312 
22.649999999960553, -0.5381277396183559 
22.65999999996053, -0.5382717608006031 
22.669999999960506, -0.5429630213329145 
22.679999999960483, -0.5701869550569801 
22.68999999996046, -0.5770837154691995 
22.699999999960436, -0.577395441485424 
22.709999999960413, -0.5771526743388867 
22.71999999996039, -0.5763509311023843 
22.729999999960366, -0.5757079579754153 
22.739999999960343, -0.5753948052898729 
22.74999999996032, -0.5754175354832148 
22.759999999960296, -0.5761946857544371 
22.769999999960273, -0.5787904355054749 
22.77999999996025, -0.5812568957391742 
22.789999999960227, -0.5815192151488767 
22.799999999960203, -0.5809451055148093 
22.80999999996018, -0.5766988804622843 
22.819999999960157, -0.572037467520284 
22.829999999960133, -0.5707168204460452 
22.83999999996011, -0.5704910896669766 
22.849999999960087, -0.5705681376962786 
22.859999999960063, -0.5708543850767129 
22.86999999996004, -0.5712534747964135 
22.879999999960017, -0.571257623149685 
22.889999999959993, -0.5708483872001316 
22.89999999995997, -0.5664879028967553 
22.909999999959947, -0.5352219523001411 
22.919999999959924, -0.5297204445815822 
22.9299999999599, -0.5294861363994362 
22.939999999959877, -0.5294390985360318 
22.949999999959854, -0.5293579992121709 
22.95999999995983, -0.5293798651994799 
22.969999999959807, -0.5293086743551786 
22.979999999959784, -0.5292184165264971 
22.98999999995976, -0.5331243874304331 
22.999999999959737, -0.5475376955341 
23.009999999959714, -0.5438001813323313 
23.01999999995969, -0.5437946373437883 
23.029999999959667, -0.5437091186659728 
23.039999999959644, -0.5434128908896869 
23.04999999995962, -0.543192909841679 
23.059999999959597, -0.5430387043427761 
23.069999999959574, -0.543051827703088 
23.07999999995955, -0.5452687355713349 
23.089999999959527, -0.5622191897685221 
23.099999999959504, -0.5744570980177226 
23.10999999995948, -0.5751456369899071 
23.119999999959457, -0.5749800827467461 
23.129999999959434, -0.5741100312149754 
23.13999999995941, -0.5731937529759273 
23.149999999959388, -0.5727555771020191 
23.159999999959364, -0.5726600407336127 
23.16999999995934, -0.5731021005064987 
23.179999999959318, -0.5747355677397542 
23.189999999959294, -0.5770825582950916 
23.19999999995927, -0.5775474716211958 
23.209999999959248, -0.577192235488658 
23.219999999959224, -0.5736254004471137 
23.2299999999592, -0.5668739700202835 
23.239999999959178, -0.564770547924344 
23.249999999959154, -0.5643850402117885 
23.25999999995913, -0.5644108319999309 
23.269999999959108, -0.5646043930719734 
23.279999999959085, -0.5649869100762502 
23.28999999995906, -0.5650717686276012 
23.299999999959038, -0.5647882642254131 
23.309999999959015, -0.5630821025099778 
23.31999999995899, -0.5348305316685835 
23.329999999958968, -0.5244492381692913 
23.339999999958945, -0.5239415789021831 
23.34999999995892, -0.5239058909211378 
23.359999999958898, -0.5238245119986381 
23.369999999958875, -0.5238430926051876 
23.37999999995885, -0.5238170107689145 
23.389999999958828, -0.5236718274053447 
23.399999999958805, -0.5251372975998806 
23.40999999995878, -0.5360650126114048 
23.41999999995876, -0.5273184740504279 
23.429999999958735, -0.5269590325109693 
23.43999999995871, -0.5269275445019698 
23.44999999995869, -0.5267272140122179 
23.459999999958665, -0.5265606632126107 
23.46999999995864, -0.5264568716049525 
23.47999999995862, -0.5263570283053972 
23.489999999958595, -0.5276609098864795 
23.499999999958572, -0.5473962358170729 
23.50999999995855, -0.56714184174584 
23.519999999958525, -0.5680033685595945 
23.529999999958502, -0.5679902379944559 
23.53999999995848, -0.5675469313282957 
23.549999999958455, -0.5669393857986844 
23.559999999958432, -0.5665977250713317 
23.56999999995841, -0.566466339984641 
23.579999999958385, -0.5669436626137764 
23.589999999958362, -0.5695166128383948 
23.59999999995834, -0.5749873287073236 
23.609999999958315, -0.5764195798412023 
23.619999999958292, -0.5763342285137859 
23.62999999995827, -0.574972907965135 
23.639999999958246, -0.571715616412304 
23.649999999958222, -0.5701808193477623 
23.6599999999582, -0.5697416447000256 
23.669999999958176, -0.5697649694665301 
23.679999999958152, -0.5700984736006256 
23.68999999995813, -0.5708435935542613 
23.699999999958106, -0.5712291193800324 
23.709999999958082, -0.5710479928683888 
23.71999999995806, -0.5690862408282141 
23.729999999958036, -0.5481851142168453 
23.739999999958012, -0.5367934124001982 
23.74999999995799, -0.5356797986321606 
23.759999999957966, -0.5356186002407036 
23.769999999957943, -0.5356094489756371 
23.77999999995792, -0.5357119294035946 
23.789999999957896, -0.5357957184057918 
23.799999999957873, -0.5356497484584889 
23.80999999995785, -0.5356709181700576 
23.819999999957826, -0.5348770773887458 
23.829999999957803, -0.5141414989269399 
23.83999999995778, -0.5126162364678439 
23.849999999957756, -0.5125796315412363 
23.859999999957733, -0.5124785062779714 
23.86999999995771, -0.5123968727537273 
23.879999999957686, -0.5123875461711631 
23.889999999957663, -0.5122646715864345 
23.89999999995764, -0.5125320991463916 
23.909999999957616, -0.5236870683060367 
23.919999999957593, -0.5232839950069625 
23.92999999995757, -0.5216624356699976 
23.939999999957546, -0.5216632703004874 
23.949999999957523, -0.5215250741922626 
23.9599999999575, -0.5213117954239621 
23.969999999957476, -0.5212114037071638 
23.979999999957453, -0.5210852798527841 
23.98999999995743, -0.5213587220920021 
23.999999999957407, -0.5296168525689581 
24.009999999957383, -0.5596590734518947 
24.01999999995736, -0.5621054070724947 
24.029999999957337, -0.5622560271386107 
24.039999999957313, -0.5620197126833512 
24.04999999995729, -0.5614517289908328 
24.059999999957267, -0.5610628193463171 
24.069999999957243, -0.5608529964112108 
24.07999999995722, -0.561017026924175 
24.089999999957197, -0.5627492886390592 
24.099999999957173, -0.5691576850167358 
24.10999999995715, -0.5730548832618301 
24.119999999957127, -0.5733078898998661 
24.129999999957104, -0.5727686446064888 
24.13999999995708, -0.5704677006885067 
24.149999999957057, -0.5686674156457614 
24.159999999957034, -0.56803409917903 
24.16999999995701, -0.567938985019872 
24.179999999956987, -0.5682094756771485 
24.189999999956964, -0.5690127264500952 
24.19999999995694, -0.569859196520981 
24.209999999956917, -0.5699103838804128 
24.219999999956894, -0.5691689744028229 
24.22999999995687, -0.5593247252236856 
24.239999999956847, -0.5445799067103704 
24.249999999956824, -0.5421043860250252 
24.2599999999568, -0.5418731828195524 
24.269999999956777, -0.5418794484987252 
24.279999999956754, -0.5419760335068095 
24.28999999995673, -0.5421731450784467 
24.299999999956707, -0.5421283546203524 
24.309999999956684, -0.5418572461458163 
24.31999999995666, -0.541660730722608 
24.329999999956637, -0.5156530400651056 
24.339999999956614, -0.5099075269588131 
24.34999999995659, -0.5097060480341778 
24.359999999956568, -0.5096580261035157 
24.369999999956544, -0.5095753597138508 
24.37999999995652, -0.5096077560650236 
24.389999999956498, -0.5095483255993294 
24.399999999956474, -0.509414685346577 
24.40999999995645, -0.5121366982755214 
24.419999999956428, -0.507150042190289 
24.429999999956404, -0.4989405686324335 
24.43999999995638, -0.4986813165312391 
24.449999999956358, -0.4986383806518449 
24.459999999956334, -0.4985185399197438 
24.46999999995631, -0.49850890363117173 
24.479999999956288, -0.49846534169506584 
24.489999999956265, -0.4983246837829799 
24.49999999995624, -0.49992756284761336 
24.509999999956218, -0.5001284348380574 
24.519999999956195, -0.4879380260327352 
24.52999999995617, -0.48741187423516386 
24.539999999956148, -0.4873828841324449 
24.549999999956125, -0.4872878121654284 
24.5599999999561, -0.4872967422298929 
24.569999999956078, -0.48730450145422577 
24.579999999956055, -0.4871472208759766 
24.58999999995603, -0.48737614251654937 
24.599999999956008, -0.4769148743288757 
24.609999999955985, -0.45736599325063615 
24.61999999995596, -0.45614224569296663 
24.62999999995594, -0.45609495252960863 
24.639999999955915, -0.4560997900101363 
24.64999999995589, -0.45627913065730946 
24.65999999995587, -0.4564912498731282 
24.669999999955845, -0.456379365581195 
24.67999999995582, -0.45528848695415963 
24.6899999999558, -0.4414119604944076 
24.699999999955775, -0.4315048186124166 
24.709999999955752, -0.43020475209466347 
24.71999999995573, -0.4300847652960456 
24.729999999955705, -0.4302981530480097 
24.739999999955682, -0.43116236486268805 
24.74999999995566, -0.43233965676735864 
24.759999999955635, -0.4325198101046754 
24.769999999955612, -0.43198987461176713 
24.77999999995559, -0.42951951942494887 
24.789999999955565, -0.4277500842997931 
24.799999999955542, -0.4272380860710532 
24.80999999995552, -0.42719848208271116 
24.819999999955495, -0.42799288004273034 
24.829999999955472, -0.4328567062132088 
24.83999999995545, -0.4404649670289502 
24.849999999955426, -0.44134922419059824 
24.859999999955402, -0.44125460427720103 
24.86999999995538, -0.4407162380237359 
24.879999999955356, -0.44024802675622715 
24.889999999955332, -0.4400439442136524 
24.89999999995531, -0.43997456313857314 
24.909999999955286, -0.44127262754833596 
24.919999999955262, -0.46081840534118057 
24.92999999995524, -0.47694758380683727 
24.939999999955216, -0.47706899930310875 
24.949999999955192, -0.4770764146265145 
24.95999999995517, -0.47688822157625765 
24.969999999955146, -0.47670980633648696 
24.979999999955123, -0.47664077866366056 
24.9899999999551, -0.4765180359449032 
24.999999999955076, -0.4770044824796948 
