t, s[1].omega / s[0].omega 
0, -0.13999782968395547 
0.009999999999999995, -0.1399283252150206 
0.019999999999999934, -0.14013241805651075 
0.029999999999999874, -0.14055433152495966 
0.04000000000000012, -0.1411046423272753 
0.050000000000000405, -0.14167605533842037 
0.06000000000000069, -0.14216919966834302 
0.07000000000000098, -0.14251373420520766 
0.08000000000000126, -0.1426723150729685 
0.09000000000000155, -0.1426288121155859 
0.10000000000000184, -0.14237041193620242 
0.11000000000000212, -0.14187079850598988 
0.12000000000000241, -0.14107640023100526 
0.130000000000002, -0.13989675725675493 
0.1400000000000009, -0.13820565169181678 
0.1499999999999998, -0.13587028118065825 
0.1599999999999987, -0.13282838841161473 
0.1699999999999976, -0.12919594612263788 
0.1799999999999965, -0.1253100581681168 
0.1899999999999954, -0.1216132669570612 
0.1999999999999943, -0.11845186375896233 
0.2099999999999932, -0.11596708307083237 
0.2199999999999921, -0.11412911551608824 
0.229999999999991, -0.1128246504162844 
0.2399999999999899, -0.11192130941283782 
0.2499999999999888, -0.1112964576107998 
0.2599999999999877, -0.11084596670681987 
0.2699999999999866, -0.11048606456086504 
0.2799999999999855, -0.11015257121466797 
0.2899999999999844, -0.10979719624662194 
0.2999999999999833, -0.10938026545915258 
0.3099999999999822, -0.1088597368076096 
0.3199999999999811, -0.10817519050504423 
0.32999999999998, -0.10722232076536627 
0.3399999999999789, -0.10580945561370003 
0.3499999999999778, -0.1035882922147362 
0.35999999999997667, -0.09997872006576394 
0.36999999999997557, -0.09421151112519768 
0.37999999999997447, -0.08575908060141867 
0.38999999999997337, -0.07515431882251274 
0.39999999999997227, -0.06419834186859899 
0.40999999999997117, -0.054781084344203125 
0.41999999999997006, -0.04771050459775285 
0.42999999999996896, -0.0427972092689887 
0.43999999999996786, -0.039489349339560664 
0.44999999999996676, -0.037267781998822816 
0.45999999999996566, -0.03575212625732966 
0.46999999999996456, -0.034686362136920154 
0.47999999999996346, -0.03390201942192382 
0.48999999999996235, -0.03328818879403205 
0.49999999999996125, -0.03277084871040293 
0.5099999999999602, -0.03229791337381712 
0.519999999999959, -0.03182610637496574 
0.529999999999958, -0.03130518437425413 
0.5399999999999568, -0.030651599234768595 
0.5499999999999557, -0.029695261253927234 
0.5599999999999546, -0.028069791381177295 
0.5699999999999535, -0.025021637268074555 
0.5799999999999524, -0.019250387752307554 
0.5899999999999513, -0.009339269747639356 
0.5999999999999502, 0.004456921472826612 
0.6099999999999491, 0.019123509558399008 
0.619999999999948, 0.0315067324075471 
0.6299999999999469, 0.04023473330482854 
0.6399999999999458, 0.04579308605443741 
0.6499999999999447, 0.04916778063349571 
0.6599999999999436, 0.051167281373620664 
0.6699999999999425, 0.05232403158131989 
0.6799999999999414, 0.052967431693441994 
0.6899999999999403, 0.053301377721256524 
0.6999999999999392, 0.05345565817682528 
0.7099999999999381, 0.053517099380662556 
0.719999999999937, 0.05355017485765884 
0.7299999999999359, 0.05361460721955465 
0.7399999999999348, 0.0537866238707528 
0.7499999999999337, 0.05419247827170466 
0.7599999999999326, 0.05506585240649807 
0.7699999999999315, 0.05683278224261905 
0.7799999999999304, 0.06016722005514685 
0.7899999999999293, 0.06579775310386572 
0.7999999999999282, 0.07380795835742886 
0.8099999999999271, 0.08295466271365232 
0.819999999999926, 0.09129364041375007 
0.8299999999999249, 0.09761883384677912 
0.8399999999999238, 0.10185437068996173 
0.8499999999999227, 0.10447478216659652 
0.8599999999999216, 0.10599550960035256 
0.8699999999999205, 0.10680380879177671 
0.8799999999999194, 0.10716124712456239 
0.8899999999999183, 0.10724398212876059 
0.8999999999999172, 0.10717554609942422 
0.9099999999999161, 0.10704668164532964 
0.919999999999915, 0.1069276638603414 
0.9299999999999139, 0.10687887753861665 
0.9399999999999128, 0.10696291263210997 
0.9499999999999117, 0.10725902797065805 
0.9599999999999106, 0.10787803817692929 
0.9699999999999095, 0.1089690137229666 
0.9799999999999084, 0.11069573929742124 
0.9899999999999073, 0.11315254345047054 
0.9999999999999062, 0.11623063131795115 
1.0099999999999052, 0.11955521777010605 
1.019999999999904, 0.12262763333472963 
1.029999999999903, 0.12507678630888425 
1.039999999999902, 0.12677670320511586 
1.0499999999999008, 0.1277815389185992 
1.0599999999998997, 0.12821264469510707 
1.0699999999998986, 0.12819219810552873 
1.0799999999998975, 0.12782799639573056 
1.0899999999998964, 0.12722204143737498 
1.0999999999998953, 0.1264789195841336 
1.1099999999998942, 0.12570222037670659 
1.119999999999893, 0.12498161664865155 
1.129999999999892, 0.12438217048032499 
1.1399999999998909, 0.12394406431983465 
1.1499999999998898, 0.1236910584947851 
1.1599999999998887, 0.12364033243729973 
1.1699999999998876, 0.12380701813933274 
1.1799999999998865, 0.12419948603398631 
1.1899999999998854, 0.12480483878702235 
1.1999999999998843, 0.12557048089237643 
1.2099999999998832, 0.12639596380951262 
1.219999999999882, 0.1271484410718874 
1.229999999999881, 0.1276963418231852 
1.2399999999998799, 0.12793670902944382 
1.2499999999998788, 0.1277983470011697 
1.2599999999998777, 0.12722751819592243 
1.2699999999998766, 0.1261776994764872 
1.2799999999998755, 0.12462287212210812 
1.2899999999998744, 0.12259974268347935 
1.2999999999998733, 0.12025432309582303 
1.3099999999998722, 0.11783695837068711 
1.319999999999871, 0.11561600978433954 
1.32999999999987, 0.11377040080050886 
1.3399999999998689, 0.11235046020555432 
1.3499999999998678, 0.11131516592367215 
1.3599999999998666, 0.11058919781323903 
1.3699999999998655, 0.1100991692433757 
1.3799999999998644, 0.1097848380803357 
1.3899999999998633, 0.10959554647781636 
1.3999999999998622, 0.10948100937277758 
1.4099999999998611, 0.10938199125586882 
1.41999999999986, 0.10922398968707918 
1.429999999999859, 0.10891420109455925 
1.4399999999998578, 0.10833812456151741 
1.4499999999998567, 0.107350057648915 
1.4599999999998556, 0.10575580643638871 
1.4699999999998545, 0.10329997344078803 
1.4799999999998534, 0.09969862382209474 
1.4899999999998523, 0.0947890962682711 
1.4999999999998512, 0.08881174642800513 
1.5099999999998501, 0.08257206097164693 
1.519999999999849, 0.07708979734769697 
1.529999999999848, 0.07296065288498511 
1.5399999999998468, 0.07016101035026126 
1.5499999999998457, 0.06834773400823096 
1.5599999999998446, 0.06716572318065164 
1.5699999999998435, 0.06636042767133585 
1.5799999999998424, 0.06577253731397889 
1.5899999999998413, 0.06530336556140723 
1.5999999999998402, 0.06488434609953878 
1.6099999999998391, 0.06445519618704407 
1.619999999999838, 0.06394777127419758 
1.629999999999837, 0.06327187316532429 
1.6399999999998358, 0.0622987817715677 
1.6499999999998347, 0.06083678690325768 
1.6599999999998336, 0.05859296046612791 
1.6699999999998325, 0.055125490385938655 
1.6799999999998314, 0.04983350232791254 
1.6899999999998303, 0.04213545160546267 
1.6999999999998292, 0.03205223302169669 
1.709999999999828, 0.020933502939223424 
1.719999999999827, 0.011075790993015975 
1.729999999999826, 0.003997126832320731 
1.7399999999998248, -0.00033164396839532976 
1.7499999999998237, -0.0024356787601290683 
1.7599999999998226, -0.0034978075826839075 
1.7699999999998215, -0.004014115532566948 
1.7799999999998204, -0.004251489101967217 
1.7899999999998193, -0.004349358268781518 
1.7999999999998182, -0.004386207356929211 
1.809999999999817, -0.004416608580870376 
1.819999999999816, -0.004492679666146353 
1.8299999999998149, -0.004679092342660049 
1.8399999999998138, -0.005066921202437805 
1.8499999999998127, -0.005790406554800445 
1.8599999999998116, -0.0070510129451880595 
1.8699999999998105, -0.009151375021371188 
1.8799999999998094, -0.012528170903435939 
1.8899999999998083, -0.017727649907606717 
1.8999999999998072, -0.025182265621727384 
1.909999999999806, -0.034662492673464995 
1.919999999999805, -0.044784633892023855 
1.9299999999998039, -0.0535651687620438 
1.9399999999998028, -0.05982871182238299 
1.9499999999998017, -0.06369420132410873 
1.9599999999998006, -0.06588581077183694 
1.9699999999997995, -0.0670771321342581 
1.9799999999997984, -0.06770537211640815 
1.9899999999997973, -0.06801725050347171 
1.9999999999997962, -0.06814688683394782 
2.0099999999998173, -0.06817039529579415 
2.0199999999998384, -0.06813815422841077 
2.0299999999998595, -0.06809421220378417 
2.0399999999998806, -0.06808924127516798 
2.0499999999999017, -0.0681900205563432 
2.059999999999923, -0.06848680904528924 
2.069999999999944, -0.0690999386563256 
2.079999999999965, -0.07018633645210703 
2.089999999999986, -0.07194119641635767 
2.100000000000007, -0.07457584668149062 
2.1100000000000283, -0.07823581501620339 
2.1200000000000494, -0.08284062004328273 
2.1300000000000705, -0.08794020526918508 
2.1400000000000916, -0.09280912091547676 
2.1500000000001127, -0.09681705664564563 
2.160000000000134, -0.09972392413281778 
2.170000000000155, -0.10163879099096293 
2.180000000000176, -0.10280769039847934 
2.190000000000197, -0.10346074467431463 
2.2000000000002182, -0.10376252236207684 
2.2100000000002393, -0.10381668922011666 
2.2200000000002604, -0.10368525337635408 
2.2300000000002815, -0.10340764418437154 
2.2400000000003026, -0.10301715770688917 
2.2500000000003237, -0.1025546531693124 
2.260000000000345, -0.10207762634105033 
2.270000000000366, -0.10166159658538843 
2.280000000000387, -0.10139337391377148 
2.290000000000408, -0.10136055919082135 
2.3000000000004293, -0.10164217217877991 
2.3100000000004504, -0.10229907215065011 
2.3200000000004715, -0.10335665276325538 
2.3300000000004926, -0.10477666861308035 
2.3400000000005137, -0.10643395667716257 
2.3500000000005348, -0.10813057602966628 
2.360000000000556, -0.10965949218398656 
2.370000000000577, -0.11087736390419482 
2.380000000000598, -0.1117321255729821 
2.390000000000619, -0.11223919708894832 
2.4000000000006403, -0.11244036535394883 
2.4100000000006614, -0.1123731557547705 
2.4200000000006825, -0.11205665475886961 
2.4300000000007036, -0.11148964313914862 
2.4400000000007247, -0.1106580175564436 
2.450000000000746, -0.1095519163313153 
2.460000000000767, -0.10819168623885948 
2.470000000000788, -0.10665230422756285 
2.480000000000809, -0.10506547739357663 
2.49000000000083, -0.10358732171676158 
2.5000000000008513, -0.10234978496411525 
2.5100000000008724, -0.10142958115521358 
2.5200000000008935, -0.10084705581146662 
2.5300000000009146, -0.10058024084064314 
2.5400000000009357, -0.1005768337538536 
2.550000000000957, -0.1007607666605713 
2.560000000000978, -0.10104038085999434 
2.570000000000999, -0.10132318821898738 
2.58000000000102, -0.1015324023554804 
2.5900000000010412, -0.1016153971460981 
2.6000000000010624, -0.10153976881633735 
2.6100000000010835, -0.10128075828182448 
2.6200000000011046, -0.1008058991977234 
2.6300000000011257, -0.10006013979275649 
2.6400000000011468, -0.09895322923676718 
2.650000000001168, -0.09735519344803775 
2.660000000001189, -0.0951164872946068 
2.67000000000121, -0.09213777105628587 
2.680000000001231, -0.08848723972081597 
2.6900000000012523, -0.08447829382700958 
2.7000000000012734, -0.08058174202612273 
2.7100000000012945, -0.07720471273979014 
2.7200000000013156, -0.07453829298005735 
2.7300000000013367, -0.07257280194864493 
2.740000000001358, -0.07119431327974306 
2.750000000001379, -0.07026262430994341 
2.7600000000014, -0.06964654797027366 
2.770000000001421, -0.06923340228379861 
2.780000000001442, -0.06893020164775208 
2.7900000000014633, -0.06866333774838386 
2.8000000000014844, -0.06837635000374864 
2.8100000000015055, -0.06802402806778712 
2.8200000000015266, -0.06756230424143166 
2.8300000000015477, -0.06693363640903369 
2.840000000001569, -0.06604603388292798 
2.85000000000159, -0.06474248101161859 
2.860000000001611, -0.06276191743400225 
2.870000000001632, -0.05971702770827332 
2.8800000000016532, -0.05517286666647168 
2.8900000000016743, -0.04894424578080337 
2.9000000000016954, -0.041508113288356095 
2.9100000000017165, -0.03399264633034027 
2.9200000000017377, -0.02750527454035261 
2.9300000000017588, -0.022538410602108466 
2.94000000000178, -0.01900885458347354 
2.950000000001801, -0.016593764185580905 
2.960000000001822, -0.01496366131490206 
2.970000000001843, -0.013859539900069487 
2.9800000000018643, -0.013093968000321154 
2.9900000000018854, -0.012533474350033477 
3.0000000000019065, -0.012082506415301408 
3.0100000000019276, -0.01167133380725256 
3.0200000000019487, -0.011245342872497384 
3.03000000000197, -0.010753040131503024 
3.040000000001991, -0.010130072867215251 
3.050000000002012, -0.0092750537571363 
3.060000000002033, -0.008010997043810041 
3.070000000002054, -0.006030169744651053 
3.0800000000020753, -0.0028507862510895932 
3.0900000000020964, 0.0019361128923541713 
3.1000000000021175, 0.00848043464331351 
3.1100000000021386, 0.016434254651530273 
3.1200000000021597, 0.02434674132453222 
3.130000000002181, 0.030902034548000924 
3.140000000002202, 0.03563401277133562 
3.150000000002223, 0.03875048873211988 
3.160000000002244, 0.040674753019549106 
3.1700000000022652, 0.041789140876096566 
3.1800000000022863, 0.04237459850791321 
3.1900000000023074, 0.04262644892769989 
3.2000000000023285, 0.04268138164882883 
3.2100000000023496, 0.04263749990674474 
3.2200000000023707, 0.042567756472049766 
3.230000000002392, 0.04253110749583218 
3.240000000002413, 0.04258488861330477 
3.250000000002434, 0.042800871194659404 
3.260000000002455, 0.043287218808155656 
3.2700000000024763, 0.04421656433115859 
3.2800000000024974, 0.04584896186395722 
3.2900000000025185, 0.04850614986259752 
3.3000000000025396, 0.05241627449893632 
3.3100000000025607, 0.05742288864823799 
3.3200000000025818, 0.06283538141080518 
3.330000000002603, 0.06775434385438657 
3.340000000002624, 0.07159799470546693 
3.350000000002645, 0.07426514618553308 
3.360000000002666, 0.07594040385552334 
3.3700000000026873, 0.0768758152893549 
3.3800000000027084, 0.07729035728675698 
3.3900000000027295, 0.07735313997882809 
3.4000000000027506, 0.07719506629755295 
3.4100000000027717, 0.07692088385423948 
3.420000000002793, 0.07661498589454566 
3.430000000002814, 0.0763442612628475 
3.440000000002835, 0.07616281223843166 
3.450000000002856, 0.07612049394161867 
3.460000000002877, 0.07627417704159659 
3.4700000000028983, 0.0766986728431122 
3.4800000000029194, 0.07749120454461679 
3.4900000000029405, 0.07875709523660698 
3.5000000000029616, 0.08056056472939596 
3.5100000000029827, 0.08284415865830343 
3.520000000003004, 0.08537604691557588 
3.530000000003025, 0.08780926373109829 
3.540000000003046, 0.0898350035092212 
3.550000000003067, 0.0912946182699876 
3.5600000000030882, 0.09217439563390897 
3.5700000000031094, 0.09253765304812159 
3.5800000000031305, 0.09246920213434445 
3.5900000000031516, 0.09205551678632956 
3.6000000000031727, 0.09138800835594865 
3.6100000000031938, 0.09056892445830773 
3.620000000003215, 0.08970596634145307 
3.630000000003236, 0.0888959938065095 
3.640000000003257, 0.08821013057340732 
3.650000000003278, 0.08769096418778141 
3.6600000000032993, 0.08736125352775362 
3.6700000000033204, 0.08723605801689044 
3.6800000000033415, 0.08733063788941295 
3.6900000000033626, 0.08765960036852198 
3.7000000000033837, 0.08822527551964338 
3.710000000003405, 0.08899762723119205 
3.720000000003426, 0.08989683818783772 
3.730000000003447, 0.09079624897354552 
3.740000000003468, 0.09155237288239773 
3.750000000003489, 0.0920431205875903 
3.7600000000035103, 0.09218663851508974 
3.7700000000035314, 0.0919346539140801 
3.7800000000035525, 0.09125797561088107 
3.7900000000035736, 0.09014530643493449 
3.8000000000035947, 0.08862437161252074 
3.810000000003616, 0.0867933844307542 
3.820000000003637, 0.08482869502912647 
3.830000000003658, 0.08294028174678136 
3.840000000003679, 0.08129699407439443 
3.8500000000037002, 0.07998036466669206 
3.8600000000037213, 0.07899310832712514 
3.8700000000037424, 0.07829642061789532 
3.8800000000037635, 0.07784237686502524 
3.8900000000037847, 0.07758897866753013 
3.9000000000038058, 0.07750074992237274 
3.910000000003827, 0.0775411350341782 
3.920000000003848, 0.07766231875482957 
3.930000000003869, 0.07779792223560794 
3.94000000000389, 0.07786279860260684 
3.9500000000039113, 0.07775921353393295 
3.9600000000039324, 0.07738268237583434 
3.9700000000039535, 0.07662082851751949 
3.9800000000039746, 0.07534759456447235 
3.9900000000039957, 0.07342862724018372 
4.000000000004016, 0.0707644753717519 
4.010000000003993, 0.06738768686838735 
4.02000000000397, 0.06356440351017065 
4.030000000003946, 0.059766366128999146 
4.040000000003923, 0.056456322015438896 
4.0500000000039, 0.05387007409494665 
4.0600000000038765, 0.05199329066076862 
4.070000000003853, 0.05068223758663713 
4.08000000000383, 0.04977718020530662 
4.090000000003807, 0.04915152814452214 
4.100000000003783, 0.04871652729380888 
4.11000000000376, 0.04840920170296398 
4.120000000003737, 0.04817748093278404 
4.130000000003713, 0.04796716773331221 
4.14000000000369, 0.04771220032299918 
4.150000000003667, 0.04732834019795885 
4.1600000000036434, 0.04670831207485785 
4.17000000000362, 0.045714417405329 
4.180000000003597, 0.04416664260913193 
4.1900000000035735, 0.04183493552146415 
4.20000000000355, 0.03846701191588684 
4.210000000003527, 0.033907502230569785 
4.220000000003504, 0.028325390147501028 
4.23000000000348, 0.022371880908950058 
4.240000000003457, 0.016948952189049665 
4.250000000003434, 0.012680288345527873 
4.26000000000341, 0.009657565487799072 
4.270000000003387, 0.007630413997968627 
4.280000000003364, 0.006283232513273876 
4.2900000000033405, 0.005368731426735922 
4.300000000003317, 0.004724751728861909 
4.310000000003294, 0.004250542525622268 
4.320000000003271, 0.0038800389633874242 
4.330000000003247, 0.003561145816324489 
4.340000000003224, 0.003240656597725434 
4.350000000003201, 0.0028533145524997894 
4.360000000003177, 0.0023137797288023767 
4.370000000003154, 0.0015094810185231331 
4.380000000003131, 0.00029146950617284413 
4.390000000003107, -0.0011828145319020065 
4.400000000003084, -0.00343030709222593 
4.410000000003061, -0.006781572955233367 
4.4200000000030375, -0.011341856604520629 
4.430000000003014, -0.01683845179682149 
4.440000000002991, -0.022524608834887053 
4.450000000002968, -0.02750300959564734 
4.460000000002944, -0.031243811459836523 
4.470000000002921, -0.033740379993316166 
4.480000000002898, -0.035273082648757705 
4.490000000002874, -0.03615248460921049 
4.500000000002851, -0.036612109474691 
4.510000000002828, -0.036802325525952154 
4.520000000002804, -0.03681533113983867 
4.530000000002781, -0.03671064754404394 
4.540000000002758, -0.036534750136598036 
4.5500000000027345, -0.03633552306533154 
4.560000000002711, -0.036172363091432874 
4.570000000002688, -0.036122019679292516 
4.580000000002665, -0.03628108201358722 
4.590000000002641, -0.03676755784804796 
4.600000000002618, -0.037722429081554 
4.610000000002595, -0.039303880169268196 
4.620000000002571, -0.041653576591089224 
4.630000000002548, -0.04481057148410423 
4.640000000002525, -0.04859045538846286 
4.6500000000025015, -0.052544704919555006 
4.660000000002478, -0.056125269090171036 
4.670000000002455, -0.058956627242313556 
4.6800000000024315, -0.060955919902431724 
4.690000000002408, -0.062242784774548664 
4.700000000002385, -0.06299602926773068 
4.710000000002362, -0.06337010088802082 
4.720000000002338, -0.06347310799062175 
4.730000000002315, -0.06337384444951918 
4.740000000002292, -0.06311676275122864 
4.750000000002268, -0.06273747043855953 
4.760000000002245, -0.06227666787889311 
4.770000000002222, -0.06179029185923786 
4.7800000000021985, -0.061352672395168305 
4.790000000002175, -0.061051689917338635 
4.800000000002152, -0.060979798383472485 
4.810000000002129, -0.06122637777112241 
4.820000000002105, -0.06187106986496861 
4.830000000002082, -0.06296925164770675 
4.840000000002059, -0.06452029129538644 
4.850000000002035, -0.0664266875369339 
4.860000000002012, -0.06848221581345111 
4.870000000001989, -0.07042799341606974 
4.880000000001965, -0.07205278996875822 
4.890000000001942, -0.07325801342078944 
4.900000000001919, -0.07404756581701541 
4.9100000000018955, -0.07447684520893454 
4.920000000001872, -0.07460779111089576 
4.930000000001849, -0.0744865313352834 
4.940000000001826, -0.07413896803598344 
4.950000000001802, -0.07357697818020165 
4.960000000001779, -0.07281161968001407 
4.970000000001756, -0.07187087213891089 
4.980000000001732, -0.07081549565757905 
4.990000000001709, -0.06974189681752442 
5.000000000001686, -0.06876534403205113 
5.0100000000016625, -0.06799221153555153 
5.020000000001639, -0.06749931492908429 
5.030000000001616, -0.0673285822289872 
5.0400000000015925, -0.06748913065724721 
5.050000000001569, -0.06795525136845622 
5.060000000001546, -0.06865936431051922 
5.070000000001523, -0.06949218527410304 
5.080000000001499, -0.07032299001025549 
5.090000000001476, -0.07103478387421372 
5.100000000001453, -0.07155142702337133 
5.110000000001429, -0.0718403914971816 
5.120000000001406, -0.07189619514761005 
5.130000000001383, -0.07171942705084786 
5.1400000000013595, -0.07130116906673385 
5.150000000001336, -0.07061567196793898 
5.160000000001313, -0.06962278323733576 
5.17000000000129, -0.0682840334178693 
5.180000000001266, -0.06659545800306313 
5.190000000001243, -0.06462729935571898 
5.20000000000122, -0.06253914552215094 
5.210000000001196, -0.06054100800506336 
5.220000000001173, -0.05881824039260014 
5.23000000000115, -0.05747752972471173 
5.240000000001126, -0.05654380122556939 
5.250000000001103, -0.05598707096041296 
5.26000000000108, -0.05574748531527292 
5.2700000000010565, -0.05574732866430656 
5.280000000001033, -0.05589666632272048 
5.29000000000101, -0.056102098615376184 
5.300000000000987, -0.05627989964938129 
5.310000000000963, -0.05636636971384022 
5.32000000000094, -0.056318576984152754 
5.330000000000917, -0.05610556074741315 
5.340000000000893, -0.05569474489497426 
5.35000000000087, -0.05503789219143429 
5.360000000000847, -0.054059549740826426 
5.3700000000008234, -0.05265337536075844 
5.3800000000008, -0.05069947527992301 
5.390000000000777, -0.048121402807780586 
5.4000000000007535, -0.04497979332482658 
5.41000000000073, -0.04153484703985365 
5.420000000000707, -0.038179632913935585 
5.430000000000684, -0.035263859627792105 
5.44000000000066, -0.032963935325707884 
5.450000000000637, -0.03128657622773108 
5.460000000000614, -0.030144672013506662 
5.47000000000059, -0.029422371082179273 
5.480000000000567, -0.029004990465078633 
5.490000000000544, -0.028786864345776337 
5.5000000000005205, -0.028673536372780094 
5.510000000000497, -0.02858497351493384 
5.520000000000474, -0.028457968904802938 
5.5300000000004506, -0.02824387307624917 
5.540000000000427, -0.027900502237966352 
5.550000000000404, -0.027379600102735165 
5.560000000000381, -0.02661146010122528 
5.570000000000357, -0.025488496519394978 
5.580000000000334, -0.023854279302841036 
5.590000000000311, -0.02151817818961623 
5.600000000000287, -0.01833162233783437 
5.610000000000264, -0.014337478709400591 
5.620000000000241, -0.009889453010796237 
5.6300000000002175, -0.00555758735168452 
5.640000000000194, -0.0018392769189767195 
5.650000000000171, 0.0008714209129032221 
5.660000000000148, 0.002510082785510468 
5.670000000000124, 0.0034853663075797383 
5.680000000000101, 0.003961693850436895 
5.690000000000078, 0.004084996984208791 
5.700000000000054, 0.003977729368664331 
5.710000000000031, 0.00374214408450418 
5.720000000000008, 0.0034620187882190984 
5.729999999999984, 0.003203504157067061 
5.739999999999961, 0.0030187890760829095 
5.749999999999938, 0.0029543889225170958 
5.7599999999999145, 0.0030635579770906447 
5.769999999999891, 0.003421647159729173 
5.779999999999868, 0.0041422266562422235 
5.789999999999845, 0.005385929360087063 
5.799999999999821, 0.0073393925435413536 
5.809999999999798, 0.010128644909192698 
5.819999999999775, 0.013667673532935437 
5.829999999999751, 0.017564576824978098 
5.839999999999728, 0.021254431798650157 
5.849999999999705, 0.02428801558196338 
5.8599999999996815, 0.02649455834817176 
5.869999999999658, 0.027926927338354446 
5.879999999999635, 0.028732422233212974 
5.8899999999996115, 0.029067647743932213 
5.899999999999588, 0.029069841564136816 
5.909999999999565, 0.028855930661956342 
5.919999999999542, 0.028526321113883063 
5.929999999999518, 0.02816527471737379 
5.939999999999495, 0.027839930435069948 
5.949999999999472, 0.027602650856395905 
5.959999999999448, 0.027498621939337414 
5.969999999999425, 0.027577415506467397 
5.979999999999402, 0.027905917229182082 
5.9899999999993785, 0.028578614841942452 
5.999999999999355, 0.0297160834319763 
6.009999999999332, 0.03143366765389334 
6.019999999999309, 0.03376424018909624 
6.029999999999285, 0.03656231465678173 
6.039999999999262, 0.03948793956257633 
6.049999999999239, 0.042139718492987435 
6.059999999999215, 0.04423667699936319 
6.069999999999192, 0.04568828514489032 
6.079999999999169, 0.046540800600887236 
6.089999999999145, 0.0468959118895107 
6.099999999999122, 0.046863141703872645 
6.109999999999099, 0.046547175836469765 
6.1199999999990755, 0.04604956053092353 
6.129999999999052, 0.045468320584958234 
6.139999999999029, 0.0448910317791785 
6.149999999999006, 0.044387006818039164 
6.159999999998982, 0.044005924972370734 
6.169999999998959, 0.043784576432777146 
6.179999999998936, 0.04375792296483889 
6.189999999998912, 0.0439692630310912 
6.199999999998889, 0.044474353190443475 
6.209999999998866, 0.045332795727016005 
6.2199999999988425, 0.046579169673645816 
6.229999999998819, 0.04817619357703946 
6.239999999998796, 0.049979187922354694 
6.2499999999987725, 0.05175804265616167 
6.259999999998749, 0.05328107824244295 
6.269999999998726, 0.05439618009318148 
6.279999999998703, 0.05505022820678995 
6.289999999998679, 0.05525794199178859 
6.299999999998656, 0.0550654323814729 
6.309999999998633, 0.05453413593011793 
6.319999999998609, 0.05374291090801646 
6.329999999998586, 0.05279234380740625 
6.339999999998563, 0.05179649351332144 
6.3499999999985395, 0.05086135172884763 
6.359999999998516, 0.050064414684250144 
6.369999999998493, 0.049449252667553026 
6.37999999999847, 0.04903509890330784 
6.389999999998446, 0.04883167366873474 
6.399999999998423, 0.04885020038710426 
6.4099999999984, 0.049105920080029376 
6.419999999998376, 0.049609868030757974 
6.429999999998353, 0.05035001701126971 
6.43999999999833, 0.051268869639140326 
6.449999999998306, 0.05225460405013538 
6.459999999998283, 0.05316126108309114 
6.46999999999826, 0.05385003033526429 
6.4799999999982365, 0.05422190709797203 
6.489999999998213, 0.05422262478257096 
6.49999999999819, 0.05382944244328149 
6.509999999998167, 0.053041784494577526 
6.519999999998143, 0.05188867731318021 
6.52999999999812, 0.05044778135629481 
6.539999999998097, 0.04885360396815537 
6.549999999998073, 0.04727258123911337 
6.55999999999805, 0.045852210776581824 
6.569999999998027, 0.04468119679017672 
6.5799999999980034, 0.04378608088643434 
6.58999999999798, 0.04315455635285998 
6.599999999997957, 0.04276164079942994 
6.6099999999979335, 0.04258506671870418 
6.61999999999791, 0.04260818993870283 
6.629999999997887, 0.042813148122337774 
6.639999999997864, 0.043168086005643536 
6.64999999999784, 0.04361473355546207 
6.659999999997817, 0.044065237719032736 
6.669999999997794, 0.04441344779097192 
6.67999999999777, 0.04455434918528353 
6.689999999997747, 0.04439773975003896 
6.699999999997724, 0.04386945936117964 
6.7099999999977005, 0.04290837091859116 
6.719999999997677, 0.04147538515132483 
6.729999999997654, 0.03958510565484499 
6.7399999999976306, 0.037347669805081724 
6.749999999997607, 0.03497731368727679 
6.759999999997584, 0.03273028950749672 
6.769999999997561, 0.030804764043129207 
6.779999999997537, 0.029284314791048587 
6.789999999997514, 0.028155562691377083 
6.799999999997491, 0.027359553568279172 
6.809999999997467, 0.026832510545966796 
6.819999999997444, 0.02652336563105772 
6.829999999997421, 0.026394294177355136 
6.8399999999973975, 0.026412332299891667 
6.849999999997374, 0.02653760224510878 
6.859999999997351, 0.02671307339981463 
6.869999999997328, 0.02686104748023526 
6.879999999997304, 0.026888556134831043 
6.889999999997281, 0.02669718890250166 
6.899999999997258, 0.0261893261063042 
6.909999999997234, 0.02526845454781477 
6.919999999997211, 0.023842778132020438 
6.929999999997188, 0.02184944100065451 
6.939999999997164, 0.019309790491293142 
6.949999999997141, 0.016390563762602593 
6.959999999997118, 0.013399584788483496 
6.9699999999970945, 0.01067216432755491 
6.979999999997071, 0.008427295147670544 
6.989999999997048, 0.006717222531568923 
6.999999999997025, 0.005480274420561974 
7.009999999997001, 0.004617444571713784 
7.019999999996978, 0.004039133625465173 
7.029999999996955, 0.0036792830333044675 
7.039999999996931, 0.0034915040695970385 
7.049999999996908, 0.0034381119300257107 
7.059999999996885, 0.0034775316952919653 
7.0699999999968615, 0.0035539269678393796 
7.079999999996838, 0.00359291752110252 
7.089999999996815, 0.0035049095051849317 
7.0999999999967915, 0.003192354496445933 
7.109999999996768, 0.0025546477411198185 
7.119999999996745, 0.0014896273475174672 
7.129999999996722, -0.00007614454954779854 
7.139999999996698, -0.0018105831502421578 
7.149999999996675, -0.004087818058211482 
7.159999999996652, -0.006711787747962978 
7.169999999996628, -0.009350873585120092 
7.179999999996605, -0.011668973821026229 
7.189999999996582, -0.013466774964510004 
7.1999999999965585, -0.014714648530574127 
7.209999999996535, -0.015488017286841918 
7.219999999996512, -0.01589039855114245 
7.229999999996489, -0.016010703448718515 
7.239999999996465, -0.015912294441433113 
7.249999999996442, -0.01563840351046596 
7.259999999996419, -0.015223814100701522 
7.269999999996395, -0.014708010739774966 
7.279999999996372, -0.014146020478717432 
7.289999999996349, -0.01361260693513594 
7.299999999996325, -0.013197764144404673 
7.309999999996302, -0.01299729553566891 
7.319999999996279, -0.013105550670891978 
7.3299999999962555, -0.013612254006939318 
7.339999999996232, -0.014594967424884123 
7.349999999996209, -0.016092899194447 
7.359999999996186, -0.018058095112809047 
7.369999999996162, -0.020313623833639712 
7.379999999996139, -0.022577514931712752 
7.389999999996116, -0.024569212553027152 
7.399999999996092, -0.026119351448275874 
7.409999999996069, -0.027195362386440984 
7.419999999996046, -0.027851717254551357 
7.4299999999960225, -0.02816862918643852 
7.439999999995999, -0.028216070667962112 
7.449999999995976, -0.028043255790011122 
7.4599999999959525, -0.027682722370349733 
7.469999999995929, -0.027161358852803786 
7.479999999995906, -0.02651418522207007 
7.489999999995883, -0.025796305776178585 
7.499999999995859, -0.02508679591586771 
7.509999999995836, -0.024480939421068226 
7.519999999995813, -0.024075426686348968 
7.529999999995789, -0.023956467113725646 
7.539999999995766, -0.024195198202946664 
7.549999999995743, -0.024843349234784682 
7.5599999999957195, -0.025917063221874814 
7.569999999995696, -0.027366198744885613 
7.579999999995673, -0.02905003598170917 
7.58999999999565, -0.03075661707864521 
7.599999999995626, -0.03227425684212914 
7.609999999995603, -0.03346564538252143 
7.61999999999558, -0.034289180628485176 
7.629999999995556, -0.03476908564552732 
7.639999999995533, -0.034953090865632905 
7.64999999999551, -0.03488430285734545 
7.659999999995486, -0.034590957346899244 
7.669999999995463, -0.03408881409079052 
7.67999999999544, -0.03339183095164608 
7.6899999999954165, -0.0325279560861877 
7.699999999995393, -0.03155412907801009 
7.70999999999537, -0.030560579109074053 
7.719999999995347, -0.02965768612638332 
7.729999999995323, -0.0289518451122376 
7.7399999999953, -0.028526387590179825 
7.749999999995277, -0.028436183049673946 
7.759999999995253, -0.028708909894323148 
7.76999999999523, -0.029340092750334057 
7.779999999995207, -0.03027803653827508 
7.789999999995183, -0.03141198936502064 
7.79999999999516, -0.03258609034554981 
7.809999999995137, -0.03364394978646563 
7.8199999999951135, -0.03447563193933317 
7.82999999999509, -0.035034120224328724 
7.839999999995067, -0.03531903086099826 
7.849999999995044, -0.03534895891222356 
7.85999999999502, -0.035140337336677055 
7.869999999994997, -0.03469804560719704 
7.879999999994974, -0.03401690683326313 
7.88999999999495, -0.03309321641670516 
7.899999999994927, -0.03194490282556353 
7.909999999994904, -0.030632837759254856 
7.9199999999948805, -0.02926731841084961 
7.929999999994857, -0.027987134243370897 
7.939999999994834, -0.02692076916333631 
7.9499999999948106, -0.026156741550696146 
7.959999999994787, -0.025738205375714657 
7.969999999994764, -0.025672169651486033 
7.979999999994741, -0.025935652905492972 
7.989999999994717, -0.02647207930133008 
7.999999999994694, -0.027186830795712148 
8.00999999999467, -0.02795730855726173 
8.019999999994647, -0.028661315193063547 
8.029999999994624, -0.029207324285772412 
8.0399999999946, -0.02954634034595658 
8.049999999994577, -0.029662236533373937 
8.059999999994554, -0.029552640578400523 
8.06999999999453, -0.029212396444692073 
8.079999999994508, -0.028624928715158725 
8.089999999994484, -0.027763414710635197 
8.099999999994461, -0.026604148620150196 
8.109999999994438, -0.025153114704605146 
8.119999999994414, -0.023476748106495634 
8.129999999994391, -0.021712551902381673 
8.139999999994368, -0.020038186714602797 
8.149999999994344, -0.018613140157365676 
8.159999999994321, -0.01753605647295798 
8.169999999994298, -0.016840892237800442 
8.179999999994275, -0.01651622085038627 
8.189999999994251, -0.016521923369365886 
8.199999999994228, -0.01679344308256498 
8.209999999994205, -0.01724112104958905 
8.219999999994181, -0.017757677664890174 
8.229999999994158, -0.01823791145340228 
8.239999999994135, -0.018599948968812084 
8.249999999994111, -0.018793883212145576 
8.259999999994088, -0.018794698629140467 
8.269999999994065, -0.01858722128180116 
8.279999999994041, -0.018151932599164085 
8.289999999994018, -0.0174567179202519 
8.299999999993995, -0.016458048369068428 
8.309999999993972, -0.015116440054144356 
8.319999999993948, -0.01342932440177012 
8.329999999993925, -0.011470662287146695 
8.339999999993902, -0.009404607319897704 
8.349999999993878, -0.007443886618963456 
8.359999999993855, -0.005773358103780696 
8.369999999993832, -0.004497826964153688 
8.379999999993808, -0.003642315054932731 
8.389999999993785, -0.003180877156462752 
8.399999999993762, -0.0030606746958026588 
8.409999999993738, -0.0032100552266643738 
8.419999999993715, -0.0035389176727165113 
8.429999999993692, -0.003944558085130722 
8.439999999993669, -0.0043275874100838115 
8.449999999993645, -0.004609439800665029 
8.459999999993622, -0.004739530931058055 
8.469999999993599, -0.004688999081379592 
8.479999999993575, -0.004437195214476925 
8.489999999993552, -0.003958561785207466 
8.499999999993529, -0.0032149165993666574 
8.509999999993505, -0.002157371949805131 
8.519999999993482, -0.0007436498719633375 
8.529999999993459, 0.0007855044877830037 
8.539999999993436, 0.002391172549269366 
8.549999999993412, 0.004090811219006293 
8.559999999993389, 0.005661697031157901 
8.569999999993366, 0.006918006148731703 
8.579999999993342, 0.007760875293659042 
8.589999999993319, 0.008172654505503934 
8.599999999993296, 0.008184705094049453 
8.609999999993272, 0.007852980338281511 
8.619999999993249, 0.007250960094075965 
8.629999999993226, 0.006470195265582554 
8.639999999993202, 0.005614701247035504 
8.64999999999318, 0.0047847745547049654 
8.659999999993156, 0.004059236793235106 
8.669999999993133, 0.0034883543153559652 
8.67999999999311, 0.003100351741612646 
8.689999999993086, 0.0029150347618192283 
8.699999999993063, 0.0029566776041631605 
8.70999999999304, 0.003261078854328264 
8.719999999993016, 0.0038726331295568252 
8.729999999992993, 0.004826260800746262 
8.73999999999297, 0.0061125911692251535 
8.749999999992946, 0.007641025440647752 
8.759999999992923, 0.009235402894656205 
8.7699999999929, 0.010684763504679513 
8.779999999992876, 0.011818416979347938 
8.789999999992853, 0.012547709182816835 
8.79999999999283, 0.01285744452061465 
8.809999999992806, 0.012776261438612425 
8.819999999992783, 0.012356341805997536 
8.82999999999276, 0.01166947766630844 
8.839999999992736, 0.010808785335049798 
8.849999999992713, 0.0098820294862747 
8.85999999999269, 0.008992955634494157 
8.869999999992666, 0.008221523756018072 
8.879999999992643, 0.007616537826262697 
8.88999999999262, 0.007203083088038953 
8.899999999992596, 0.006997019336951092 
8.909999999992573, 0.0070179423683044626 
8.91999999999255, 0.00729549658472439 
8.929999999992527, 0.007865399097631207 
8.939999999992503, 0.008751278837437884 
8.94999999999248, 0.009932784427476776 
8.959999999992457, 0.011315375494712806 
8.969999999992433, 0.012732096878859091 
8.97999999999241, 0.01399201911857476 
8.989999999992387, 0.014944335426835275 
8.999999999992363, 0.01551055238879381 
9.00999999999234, 0.01567484069632987 
9.019999999992317, 0.015459371238313948 
9.029999999992294, 0.01490988193856246 
9.03999999999227, 0.014095880992457493 
9.049999999992247, 0.013113697995292639 
9.059999999992224, 0.012077774155607788 
9.0699999999922, 0.011097801849943904 
9.079999999992177, 0.010255693866476581 
9.089999999992154, 0.009597876683662448 
9.09999999999213, 0.009144385934486642 
9.109999999992107, 0.00890492949222994 
9.119999999992084, 0.00889224330411033 
9.12999999999206, 0.009127759282685883 
9.139999999992037, 0.00963681720881215 
9.149999999992014, 0.010431080737847948 
9.15999999999199, 0.011480478345672224 
9.169999999991967, 0.012689812302315029 
9.179999999991944, 0.013904922558447063 
9.18999999999192, 0.014956412733849048 
9.199999999991897, 0.015712142033514596 
9.209999999991874, 0.016101179079263433 
9.21999999999185, 0.01610457725093723 
9.229999999991827, 0.015736425658195437 
9.239999999991804, 0.015035657901765179 
9.24999999999178, 0.01407068159991054 
9.259999999991757, 0.012943582021756184 
9.269999999991734, 0.011778314890807204 
9.27999999999171, 0.01069223679257568 
9.289999999991688, 0.009769194085314094 
9.299999999991664, 0.009051999628602573 
9.309999999991641, 0.008554094546003923 
9.319999999991618, 0.008277775327330377 
9.329999999991594, 0.008228164763238706 
9.339999999991571, 0.008418357585015048 
9.349999999991548, 0.008864055507302026 
9.359999999991524, 0.00956681334085099 
9.369999999991501, 0.010489524188190394 
9.379999999991478, 0.011538381302154694 
9.389999999991455, 0.01257142441434409 
9.399999999991431, 0.013437175192903297 
9.409999999991408, 0.01401760081563786 
9.419999999991385, 0.014246209288138 
9.429999999991361, 0.014099965992910071 
9.439999999991338, 0.01358552190787236 
9.449999999991315, 0.01273663043678452 
9.459999999991291, 0.01162278361797059 
9.469999999991268, 0.01035397589088511 
9.479999999991245, 0.00906491171892625 
9.489999999991221, 0.007880407581326354 
9.499999999991198, 0.006885054047877629 
9.509999999991175, 0.0061168559864161216 
9.519999999991152, 0.005582114595746729 
9.529999999991128, 0.005275941841811613 
9.539999999991105, 0.005196773716625998 
9.549999999991082, 0.005351010192615789 
9.559999999991058, 0.005747157998552925 
9.569999999991035, 0.006379699576173736 
9.579999999991012, 0.007207075699820946 
9.589999999990988, 0.00813710687384921 
9.599999999990965, 0.00903663825323239 
9.609999999990942, 0.009766295993281443 
9.619999999990918, 0.010217056866964442 
9.629999999990895, 0.010324740732950902 
9.639999999990872, 0.01006306398198133 
9.649999999990849, 0.009433757518267307 
9.659999999990825, 0.008468208088492355 
9.669999999990802, 0.007238910399928004 
9.679999999990779, 0.00586384096045168 
9.689999999990755, 0.00448650375125993 
9.699999999990732, 0.0032362942185558234 
9.709999999990709, 0.0021964252308739923 
9.719999999990685, 0.0013996808189645422 
9.729999999990662, 0.0008463371327733992 
9.739999999990639, 0.0005263386864012079 
9.749999999990616, 0.0004339499082788893 
9.759999999990592, 0.0005718193433428089 
9.769999999990569, 0.0009445975628439926 
9.779999999990546, 0.0015429441299121562 
9.789999999990522, 0.0023227064016414093 
9.799999999990499, 0.0031921431056133416 
9.809999999990476, 0.004022269764606431 
9.819999999990452, 0.0046797929709472014 
9.829999999990429, 0.005060478858263927 
9.839999999990406, 0.005101787909573287 
9.849999999990382, 0.004776566313150628 
9.85999999999036, 0.0040853457767826415 
9.869999999990336, 0.0030602327811116467 
9.879999999990313, 0.0017773195441331442 
9.88999999999029, 0.00035967989118214914 
9.899999999990266, -0.0007194716236532594 
9.909999999990243, -0.0015478169807940471 
9.91999999999022, -0.0021554972566638045 
9.929999999990196, -0.002513970240768869 
9.939999999990173, -0.002626107624625347 
9.94999999999015, -0.002503697139715252 
9.959999999990126, -0.002153280465761326 
9.969999999990103, -0.0015727874427788565 
9.97999999999008, -0.0007585697294812175 
9.989999999990056, 0.00016991238663682356 
9.999999999990033, 0.0009466052736992793 
10.00999999999001, 0.0018055957249550696 
10.019999999989986, 0.0026177500123265216 
10.029999999989963, 0.003251578877240807 
10.03999999998994, 0.0036054416991363656 
10.049999999989916, 0.003618847488590733 
10.059999999989893, 0.0032658568084140915 
10.06999999998987, 0.0025481402004954423 
10.079999999989846, 0.001499820627032839 
10.089999999989823, 0.00019998378497317802 
10.0999999999898, -0.0008543392955535602 
10.109999999989776, -0.0018225448787818298 
10.119999999989753, -0.0026426065138332074 
10.12999999998973, -0.0032382039668791608 
10.139999999989707, -0.0035834721562291736 
10.149999999989683, -0.003682588438513202 
10.15999999998966, -0.003547481355055935 
10.169999999989637, -0.003184250808451404 
10.179999999989613, -0.0025904036542616785 
10.18999999998959, -0.0017624588595314637 
10.199999999989567, -0.000712827059584951 
10.209999999989543, 0.00033441321961877123 
10.21999999998952, 0.001197253700196978 
10.229999999989497, 0.0020061416800378497 
10.239999999989474, 0.0026303011410302992 
10.24999999998945, 0.0029701514060694774 
10.259999999989427, 0.0029674158378899043 
10.269999999989404, 0.0025980082376061983 
10.27999999998938, 0.0018654587989996186 
10.289999999989357, 0.0008062916448560139 
10.299999999989334, -0.0003400123837760744 
10.30999999998931, -0.0013255037435075528 
10.319999999989287, -0.0022819433907979607 
10.329999999989264, -0.0030854347630366852 
10.33999999998924, -0.0036629325194843638 
10.349999999989217, -0.003990739980406086 
10.359999999989194, -0.004073671005809495 
10.36999999998917, -0.003923186603581146 
10.379999999989147, -0.003544454077382732 
10.389999999989124, -0.002934173560358196 
10.3999999999891, -0.0020887617362810263 
10.409999999989077, -0.0010217523461597308 
10.419999999989054, 0.0001435416351878979 
10.42999999998903, 0.0010158584932545129 
10.439999999989007, 0.0018271056378831381 
10.449999999988984, 0.0024468705225933448 
10.45999999998896, 0.0027775018708650944 
10.469999999988937, 0.0027630427361243796 
10.479999999988914, 0.0023815149745367256 
10.48999999998889, 0.0016385728347845698 
10.499999999988868, 0.0005732527258850114 
10.509999999988844, -0.0004939536496333301 
10.519999999988821, -0.0014708316543858033 
10.529999999988798, -0.0024117907818949303 
10.539999999988774, -0.00319597303630633 
10.549999999988751, -0.003753521225599242 
10.559999999988728, -0.00406263510514626 
10.569999999988704, -0.004128475323959111 
10.579999999988681, -0.003961808066969051 
10.589999999988658, -0.0035667127553682112 
10.599999999988635, -0.0029389927419845815 
10.609999999988611, -0.0020749441373913474 
10.619999999988588, -0.0009892902662638635 
10.629999999988565, 0.00017611586021226694 
10.639999999988541, 0.0010590204719188592 
10.649999999988518, 0.001873583189478653 
10.659999999988495, 0.002489772818783641 
10.669999999988471, 0.002811913439046076 
10.679999999988448, 0.002786415772608728 
10.689999999988425, 0.002393458068604686 
10.699999999988401, 0.0016408586861935814 
10.709999999988378, 0.0005701627530917219 
10.719999999988355, -0.0004956898522460179 
10.729999999988332, -0.0014633778079958567 
10.739999999988308, -0.002388562003570875 
10.749999999988285, -0.003153431432893425 
10.759999999988262, -0.003691211375486074 
10.769999999988238, -0.003981866434850566 
10.779999999988215, -0.004030814068799419 
10.789999999988192, -0.0038480915121050126 
10.799999999988168, -0.003436703277991216 
10.809999999988145, -0.0027916129686737135 
10.819999999988122, -0.0019091014071668383 
10.829999999988098, -0.0008052218017041036 
10.839999999988075, 0.00031010685369902536 
10.849999999988052, 0.0012024902367688047 
10.859999999988029, 0.0020190812676980983 
10.869999999988005, 0.0026304193724327003 
10.879999999987982, 0.0029429152789510757 
10.889999999987959, 0.0029053511866995504 
10.899999999987935, 0.0025000075291096106 
10.909999999987912, 0.0017368094577593896 
10.919999999987889, 0.000659770064511729 
10.929999999987865, -0.0004362728380694808 
10.939999999987842, -0.0013958606471146605 
10.949999999987819, -0.0023064090454590633 
10.959999999987796, -0.0030530814480656593 
10.969999999987772, -0.003572090812114327 
10.979999999987749, -0.0038451075627853265 
10.989999999987726, -0.003877806118532335 
10.999999999987702, -0.00367954359830266 
11.009999999987679, -0.003252333818352192 
11.019999999987656, -0.00259041963945406 
11.029999999987632, -0.0016902216020969114 
11.039999999987609, -0.0005692852881505744 
11.049999999987586, 0.0004768802611011049 
11.059999999987562, 0.0013767120662879534 
11.06999999998754, 0.002193154392761703 
11.079999999987516, 0.002797569396356039 
11.089999999987493, 0.003098575726928893 
11.09999999998747, 0.0030473005664745406 
11.109999999987446, 0.002628029590337177 
11.119999999987423, 0.001852706932400579 
11.1299999999874, 0.000767770899147474 
11.139999999987376, -0.0003644056763859247 
11.149999999987353, -0.001317480924342663 
11.15999999998733, -0.0022149296580645443 
11.169999999987306, -0.0029448063167693663 
11.179999999987283, -0.0034462355088674345 
11.18999999998726, -0.003702566573036603 
11.199999999987236, -0.0037197619504952704 
11.209999999987213, -0.003506572245104463 
11.21999999998719, -0.0030641245552632456 
11.229999999987166, -0.0023860760875137645 
11.239999999987143, -0.0014691517439458204 
11.24999999998712, -0.00033254732543570696 
11.259999999987096, 0.0006425813038299458 
11.269999999987073, 0.0015476237954237951 
11.27999999998705, 0.0023615812648698684 
11.289999999987026, 0.0029568951613349465 
11.299999999987003, 0.0032444978233710426 
11.30999999998698, 0.0031778164525749324 
11.319999999986956, 0.002743035735768844 
11.329999999986933, 0.0019540340196104984 
11.33999999998691, 0.0008596442891881118 
11.349999999986887, -0.0003029491272103272 
11.359999999986863, -0.0012510299538924191 
11.36999999998684, -0.00213682005850516 
11.379999999986817, -0.0028511991429018544 
11.389999999986793, -0.003336144205170693 
11.39999999998677, -0.003576665758746587 
11.409999999986747, -0.0035790466363163575 
11.419999999986723, -0.0033515013398150626 
11.4299999999867, -0.0028943694640048206 
11.439999999986677, -0.0022008518211753215 
11.449999999986654, -0.0012681332729990037 
11.45999999998663, -0.0001172021069822421 
11.469999999986607, 0.0007938232024702205 
11.479999999986584, 0.0017019753654888396 
11.48999999998656, 0.0025112953426301493 
11.499999999986537, 0.003095537881439735 
11.509999999986514, 0.003368030625380503 
11.51999999998649, 0.0032844460881743033 
11.529999999986467, 0.002832769035776341 
11.539999999986444, 0.002028744357598055 
11.54999999998642, 0.000923584872270778 
11.559999999986397, -0.00026343396939203657 
11.569999999986374, -0.0012077458645803727 
11.57999999998635, -0.0020830358356855078 
11.589999999986327, -0.002782968593092479 
11.599999999986304, -0.003252326700071312 
11.60999999998628, -0.00347776215914048 
11.619999999986257, -0.0034658995282720005 
11.629999999986234, -0.0032244732967498446 
11.63999999998621, -0.002753120118083582 
11.649999999986187, -0.002044698742798834 
11.659999999986164, -0.0010969928737641498 
11.66999999998614, 0.000044566888056657935 
11.679999999986117, 0.0009211796737183845 
11.689999999986094, 0.0018306330245501795 
11.69999999998607, 0.0026334988656552837 
11.709999999986048, 0.0032050454466842765 
11.719999999986024, 0.003461051812302408 
11.729999999986001, 0.003359377729980567 
11.739999999985978, 0.0028897252308948285 
11.749999999985954, 0.0020696613991682965 
11.759999999985931, 0.0009527795965216624 
11.769999999985908, -0.0002479186701678653 
11.779999999985884, -0.0011892900701902056 
11.789999999985861, -0.002054875392821411 
11.799999999985838, -0.002741109606643433 
11.809999999985815, -0.003195540707487344 
11.819999999985791, -0.0034064332360552807 
11.829999999985768, -0.0033807574273543284 
11.839999999985745, -0.0031258045396782494 
11.849999999985721, -0.0026405740736516257 
11.859999999985698, -0.0019176786012432584 
11.869999999985675, -0.0009556205630443506 
11.879999999985651, 0.00014582921086214712 
11.889999999985628, 0.0010296356431175719 
11.899999999985605, 0.0019389260125093504 
11.909999999985581, 0.002733893919398889 
11.919999999985558, 0.0032914860864733525 
11.929999999985535, 0.0035299674974065857 
11.939999999985512, 0.0034093286584281637 
11.949999999985488, 0.0029209243744037915 
11.959999999985465, 0.0020841212688837664 
11.969999999985442, 0.0009549051104942509 
11.979999999985418, -0.00024982353127327926 
11.989999999985395, -0.0011887360409039603 
11.999999999985372, -0.0020451043066446904 
12.009999999985348, -0.0027181364684770648 
12.019999999985325, -0.0031581072232673467 
12.029999999985302, -0.0033548542958840044 
12.039999999985278, -0.00331568208986092 
12.049999999985255, -0.0030474594852886528 
12.059999999985232, -0.0025485998635704356 
12.069999999985209, -0.0018115516708773407 
12.079999999985185, -0.0008356423354386747 
12.089999999985162, 0.0002292856536493553 
12.099999999985139, 0.0011192393829754332 
12.109999999985115, 0.0020271691596365077 
12.119999999985092, 0.0028130855682747253 
12.129999999985069, 0.0033557504896241804 
12.139999999985045, 0.0035759326547183 
12.149999999985022, 0.003435699043838157 
12.159999999984999, 0.002928008308048194 
12.169999999984976, 0.0020740214545263884 
12.179999999984952, 0.0009321362557911325 
12.189999999984929, -0.00026813726791533824 
12.199999999984906, -0.0012047924760589814 
12.209999999984882, -0.0020521840804860634 
12.219999999984859, -0.0027123089856625504 
12.229999999984836, -0.0031381297043517205 
12.239999999984812, -0.003321008938448516 
12.249999999984789, -0.003268561183179396 
12.259999999984766, -0.002987240651718507 
12.269999999984742, -0.0024749129688016805 
12.27999999998472, -0.0017239320518611235 
12.289999999984696, -0.0007345438760971012 
12.299999999984673, 0.00030343115125319893 
12.30999999998465, 0.0011986946797997611 
12.319999999984626, 0.002104309245331966 
12.329999999984603, 0.002880276158096474 
12.33999999998458, 0.003407284873411815 
12.349999999984556, 0.0036086133920895914 
12.359999999984533, 0.0034483549226121345 
12.36999999998451, 0.0029210368717759393 
12.379999999984486, 0.0020496229413020342 
12.389999999984463, 0.0008949463549910702 
12.39999999998444, -0.0002979861026995119 
12.409999999984416, -0.0012323858674766503 
12.419999999984393, -0.0020708697550166828 
12.42999999998437, -0.0027182450406058713 
12.439999999984346, -0.0031301206693747897 
12.449999999984323, -0.0032993289813968104 
12.4599999999843, -0.003233761836935348 
12.469999999984276, -0.002939458001012995 
12.479999999984253, -0.0024137659243362824 
12.48999999998423, -0.00164900732189649 
12.499999999984206, -0.0006464329005019655 
12.509999999984183, 0.0003699002152130206 
12.51999999998416, 0.0012697664141115297 
12.529999999984136, 0.0021722678800825492 
12.539999999984113, 0.0029375561122354 
12.54999999998409, 0.00344834300167889 
12.559999999984067, 0.0036304122006852882 
12.569999999984043, 0.003449835933975902 
12.57999999998402, 0.00290268565986375 
12.589999999983997, 0.002013745892713908 
12.599999999983973, 0.0008463106440034611 
12.60999999998395, -0.0003347848283681475 
12.619999999983927, -0.0012667875707820246 
12.629999999983903, -0.0020963124787250396 
12.63999999998388, -0.0027310008467487682 
12.649999999983857, -0.0031290633076753345 
12.659999999983834, -0.0032847410257744293 
12.66999999998381, -0.0032061646258368564 
12.679999999983787, -0.0028989510993864894 
12.689999999983764, -0.0023599573624718505 
12.69999999998374, -0.001581530738272368 
12.709999999983717, -0.0005660080614466082 
12.719999999983694, 0.00042825051296311537 
12.72999999998367, 0.0013321036213992203 
12.739999999983647, 0.0022308067127000124 
12.749999999983624, 0.0029848101261822535 
12.7599999999836, 0.0034789292089134546 
12.769999999983577, 0.003641442640207037 
12.779999999983554, 0.0034403572935901433 
12.78999999998353, 0.002873272486355636 
12.799999999983507, 0.001966819107930022 
12.809999999983484, 0.0007867775756446845 
12.81999999998346, -0.00038077185327221126 
12.829999999983437, -0.0013101264442837437 
12.839999999983414, -0.002130548575240166 
12.84999999998339, -0.0027525380906425713 
12.859999999983367, -0.003136859819590532 
12.869999999983344, -0.003279098978218579 
12.87999999998332, -0.003187581948359673 
12.889999999983297, -0.0028674929830848146 
12.899999999983274, -0.0023152183422110693 
12.90999999998325, -0.001523183734253779 
12.919999999983228, -0.0004948877333212005 
12.929999999983204, 0.0004805797535596307 
12.939999999983181, 0.001387908965361876 
12.949999999983158, 0.002282251882289122 
12.959999999983134, 0.0030244942173923836 
12.969999999983111, 0.003501622600071433 
12.979999999983088, 0.0036443948510844863 
12.989999999983064, 0.003422712413353746 
12.999999999983041, 0.002835695147313922 
13.009999999983018, 0.0019118524739492656 
13.019999999982995, 0.0007194754653360079 
13.029999999982971, -0.00042834429524465803 
13.039999999982948, -0.0013547021461176143 
13.049999999982925, -0.0021658020856500895 
13.059999999982901, -0.002775024279875752 
13.069999999982878, -0.0031456350574012443 
13.079999999982855, -0.0032744942652847683 
13.089999999982831, -0.003170077391083994 
13.099999999982808, -0.002837122163533424 
13.109999999982785, -0.0022715630598418167 
13.119999999982761, -0.001465955636297599 
13.129999999982738, -0.00042503439965966563 
13.139999999982715, 0.0005327770385745118 
13.149999999982692, 0.0014431118531179244 
13.159999999982668, 0.002332582027385914 
13.169999999982645, 0.0030626390596522036 
13.179999999982622, 0.003522500836193219 
13.189999999982598, 0.0036453850520547565 
13.199999999982575, 0.003403049819650622 
13.209999999982552, 0.0027961325933204767 
13.219999999982528, 0.0018550557432707956 
13.229999999982505, 0.0006506425969479628 
13.239999999982482, -0.0004785099956585464 
13.249999999982458, -0.0014015100759069946 
13.259999999982435, -0.002203061428450654 
13.269999999982412, -0.002799442136230723 
13.279999999982389, -0.003156364923650775 
13.289999999982365, -0.003271894772819265 
13.299999999982342, -0.0031546104175899856 
13.309999999982319, -0.0028087900326529856 
13.319999999982295, -0.002229935851444545 
13.329999999982272, -0.001410785190482579 
13.339999999982249, -0.0003573818708286732 
13.349999999982225, 0.000584642945284538 
13.359999999982202, 0.0014975282724741662 
13.369999999982179, 0.0023816385547999756 
13.379999999982156, 0.0030991174447775388 
13.389999999982132, 0.003541467407966777 
13.399999999982109, 0.0036443435270103386 
13.409999999982086, 0.003381324396643472 
13.419999999982062, 0.0027545659976748833 
13.429999999982039, 0.0017964401422812617 
13.439999999982016, 0.0005803213908396007 
13.449999999981992, -0.0005312002303666888 
13.459999999981969, -0.0014504638343683545 
13.469999999981946, -0.00224222945292203 
13.479999999981922, -0.002825686267772196 
13.4899999999819, -0.0031689355710647496 
13.499999999981876, -0.0032711775585894166 
13.509999999981853, -0.0031410488388592546 
13.51999999998183, -0.002782355557525364 
13.529999999981806, -0.0021901878157234104 
13.539999999981783, -0.001357517047859035 
13.54999999998176, -0.00029176902591968333 
13.559999999981736, 0.0006356204116502693 
13.569999999981713, 0.0015506175437940608 
13.57999999998169, 0.0024289070024079533 
13.589999999981666, 0.0031334466422299452 
13.599999999981643, 0.0035580703784403563 
13.60999999998162, 0.003640845444837578 
13.619999999981596, 0.0033571368031963 
13.629999999981573, 0.002710623843781397 
13.63999999998155, 0.001735666127550725 
13.649999999981526, 0.0005082053280730327 
13.659999999981503, -0.0005816077325416532 
13.66999999998148, -0.001496740695110063 
13.679999999981456, -0.0022784769282547654 
13.689999999981433, -0.0028489242506544595 
13.69999999998141, -0.0031785112262286844 
13.709999999981386, -0.003267502728959864 
13.719999999981363, -0.003124548660284219 
13.72999999998134, -0.0027529719755168126 
13.739999999981316, -0.0021474725558189222 
13.749999999981293, -0.0013013104104899042 
13.75999999998127, -0.00022336693561746286 
13.769999999981247, 0.0006861630574329362 
13.779999999981223, 0.001602821356548995 
13.7899999999812, 0.00247482425406183 
13.799999999981177, 0.0031660638136726538 
13.809999999981153, 0.0035727475199469295 
13.81999999998113, 0.0036353270652506333 
13.829999999981107, 0.003330920608070196 
13.839999999981083, 0.002664737947344293 
13.84999999998106, 0.0016731650027725638 
13.859999999981037, 0.00043472326635224715 
13.869999999981014, -0.0006358517376769245 
13.87999999998099, -0.0015464711980427905 
13.889999999980967, -0.0023179449053205604 
13.899999999980944, -0.0028753029359718544 
13.90999999998092, -0.0031912389927613465 
13.919999999980897, -0.0032670135957023165 
13.929999999980874, -0.0031112471945294175 
13.93999999998085, -0.002726769644639424 
13.949999999980827, -0.002107913166869543 
13.959999999980804, -0.001248280647016462 
13.96999999998078, -0.00015828075167006263 
13.979999999980757, 0.0007345426842003558 
13.989999999980734, 0.0016524386690559396 
13.99999999998071, 0.0025177270446544338 
14.009999999980687, 0.0031953484330570275 
14.019999999980664, 0.003583919349248394 
14.02999999998064, 0.003626246272724359 
14.039999999980617, 0.003301170472333205 
14.049999999980594, 0.0026154437872963547 
14.05999999998057, 0.0016075188655277502 
14.069999999980547, 0.00035850575485895834 
14.079999999980524, -0.0006887198848488748 
14.0899999999805, -0.0015944148535064766 
14.099999999980477, -0.0023553759442305087 
14.109999999980454, -0.002899553493936737 
14.11999999998043, -0.0032018404555113934 
14.129999999980408, -0.003264422728281423 
14.139999999980384, -0.0030958485998670337 
14.149999999980361, -0.002698445500076291 
14.159999999980338, -0.0020662016672953485 
14.169999999980314, -0.00119311858154426 
14.179999999980291, -0.00009120421952738382 
14.189999999980268, 0.0007860608116997167 
14.199999999980244, 0.0017047686235762995 
14.209999999980221, 0.0025629162894271495 
14.219999999980198, 0.003226604317731456 
14.229999999980175, 0.0035968894407399296 
14.239999999980151, 0.0036189018042010754 
14.249999999980128, 0.003273177070106481 
14.259999999980105, 0.002568022330940366 
14.269999999980081, 0.0015439964830310632 
14.279999999980058, 0.00028480295145499196 
14.289999999980035, -0.0007400764773034297 
14.299999999980011, -0.0016404685867561736 
14.309999999979988, -0.002390697740306556 
14.319999999979965, -0.0029216270735293445 
14.329999999979941, -0.0032102819976745204 
14.339999999979918, -0.0032597059255558606 
14.349999999979895, -0.003078335626363212 
14.359999999979872, -0.0026679901157141586 
14.369999999979848, -0.0020223406830707407 
14.379999999979825, -0.0011358461470195637 
14.389999999979802, -0.0000221867570224707 
14.399999999979778, 0.0008362768076827833 
14.409999999979755, 0.0017553439168762884 
14.419999999979732, 0.002605907197587895 
14.429999999979708, 0.00325533674115314 
14.439999999979685, 0.0036071563125216225 
14.449999999979662, 0.0036087864194527903 
14.459999999979638, 0.0032424293765533295 
14.469999999979615, 0.002517962749684611 
14.479999999979592, 0.0014780912758547168 
14.489999999979569, 0.00020911310364679316 
14.499999999979545, -0.0007944223134903231 
14.509999999979522, -0.0016891366980809157 
14.519999999979499, -0.0024284187808019733 
14.529999999979475, -0.002946033195341494 
14.539999999979452, -0.003221070134952248 
14.549999999979429, -0.0032573637951262327 
14.559999999979405, -0.003063201440500132 
14.569999999979382, -0.0026398885975569605 
14.579999999979359, -0.0019808071193997447 
14.589999999979335, -0.0010809316421172463 
14.599999999979312, 0.00003050787106181021 
14.609999999979289, 0.0008880170625901183 
14.619999999979266, 0.0018070152993157032 
14.629999999979242, 0.002649581729927673 
14.639999999979219, 0.003284460044180478 
14.649999999979196, 0.00361766243594612 
14.659999999979172, 0.003598865644572529 
14.669999999979149, 0.003211913924455216 
14.679999999979126, 0.002468273852284327 
14.689999999979102, 0.0014128355619808142 
14.69999999997908, 0.0001344885685741709 
14.709999999979056, -0.0008443351226449958 
14.719999999979033, -0.0017329989827928626 
14.72999999997901, -0.0024611271117519276 
14.739999999978986, -0.0029653681156544542 
14.749999999978963, -0.0032268067166840277 
14.75999999997894, -0.003250001727978779 
14.769999999978916, -0.00304305489550945 
14.779999999978893, -0.002606755857805198 
14.78999999997887, -0.0019342279781737748 
14.799999999978846, -0.0010210238990192196 
14.809999999978823, 0.00007565069350838223 
14.8199999999788, 0.0009398389794935692 
14.829999999978776, 0.0018583021612361109 
14.839999999978753, 0.0026924282444483728 
14.84999999997873, 0.00331243740519494 
14.859999999978706, 0.0036268480602783667 
14.869999999978683, 0.0035875571472419403 
14.87999999997866, 0.0031800264942835944 
14.889999999978636, 0.002417330958945416 
14.899999999978613, 0.0013465845436832998 
14.90999999997859, 0.00005926139531106542 
14.919999999978566, -0.0008987763611623308 
14.929999999978543, -0.0017810425666243183 
14.93999999997852, -0.0024978296392503432 
14.949999999978496, -0.002988649873005176 
14.959999999978473, -0.0032365131957231563 
14.96999999997845, -0.0032466395498991323 
14.979999999978427, -0.003026911523873685 
14.989999999978403, -0.002577601915176241 
14.99999999997838, -0.0018916071070822949 
15.009999999978357, -0.0009651192034049802 
15.019999999978333, 0.00011806432661920092 
15.02999999997831, 0.0009885930367901639 
15.039999999978287, 0.0019060881496050196 
15.049999999978263, 0.0027313740155841754 
15.05999999997824, 0.003336243272357843 
15.069999999978217, 0.0036317324274715104 
15.079999999978194, 0.0035719222558415267 
15.08999999997817, 0.0031438720347513 
15.099999999978147, 0.0023622888353378828 
15.109999999978124, 0.0012765495459130716 
15.1199999999781, -0.000014212776077865514 
15.129999999978077, -0.0009517087993354226 
15.139999999978054, -0.0018271973645194544 
15.14999999997803, -0.0025324350332981914 
15.159999999978007, -0.0030097719125247242 
15.169999999977984, -0.0032440703628625264 
15.17999999997796, -0.0032411466820379013 
15.189999999977937, -0.0030086304152956446 
15.199999999977914, -0.0025462769134785663 
15.20999999997789, -0.0018467880561219845 
15.219999999977867, -0.0009070579907544526 
15.229999999977844, 0.00016390825255732934 
15.23999999997782, 0.0010404381764454141 
15.249999999977797, 0.0019565348912760376 
15.259999999977774, 0.0027725865374595583 
15.26999999997775, 0.003362050097809826 
15.279999999977727, 0.003638488349729457 
15.289999999977704, 0.0035581292272109043 
15.29999999997768, 0.003109611192925426 
15.309999999977657, 0.0023092985943885757 
15.319999999977634, 0.0012088683072182752 
15.32999999997761, -0.000065284577319773 
15.339999999977588, -0.0010028604594810218 
15.349999999977564, -0.0018712253064880914 
15.359999999977541, -0.002564735327030683 
15.369999999977518, -0.0030285481653700595 
15.379999999977494, -0.003249306097471729 
15.389999999977471, -0.003233359900432265 
15.399999999977448, -0.002988055636300125 
15.409999999977424, -0.0025126340076776915 
15.419999999977401, -0.001799638306771541 
15.429999999977378, -0.0008467300995464251 
15.439999999977355, 0.00020890233117786 
15.449999999977331, 0.0010910621173469018 
15.459999999977308, 0.0020053039958114745 
15.469999999977285, 0.0028117103788398564 
15.479999999977261, 0.0033854917054370604 
15.489999999977238, 0.003642741213679304 
15.499999999977215, 0.003541796114358145 
15.509999999977191, 0.0030728572409083653 
15.519999999977168, 0.0022539728880405984 
15.529999999977145, 0.0011391560122640883 
15.539999999977121, -0.00011941072705830586 
15.549999999977098, -0.0010566178412918389 
15.559999999977075, -0.0019175195949726431 
15.569999999977052, -0.0025991294394974397 
15.579999999977028, -0.003049379098753656 
15.589999999977005, -0.0032566181872475597 
15.599999999976982, -0.0032276715636268077 
15.609999999976958, -0.0029695727853723468 
15.619999999976935, -0.0024810516539332888 
15.629999999976912, -0.001754529305004985 
15.639999999976888, -0.0007884996252613115 
15.649999999976865, 0.0002559595458735225 
15.659999999976842, 0.0011433936567776786 
15.669999999976818, 0.0020553475466831904 
15.679999999976795, 0.002851726314636453 
15.689999999976772, 0.0034095769998789436 
15.699999999976749, 0.0036475232683348445 
15.709999999976725, 0.0035259741817152647 
15.719999999976702, 0.00303667945228943 
15.729999999976679, 0.0021994004881663093 
15.739999999976655, 0.001070520925109235 
15.749999999976632, -0.00016910902454865578 
15.759999999976609, -0.0011054963127452278 
15.769999999976585, -0.001958603595868515 
15.779999999976562, -0.00262815230712102 
15.789999999976539, -0.0030648093914744574 
15.799999999976515, -0.003258557843877047 
15.809999999976492, -0.0032166375177676474 
15.819999999976469, -0.002945742851023231 
15.829999999976446, -0.002444099590488534 
15.839999999976422, -0.0017040469904582487 
15.849999999976399, -0.000724979868887363 
15.859999999976376, 0.00030370724351730713 
15.869999999976352, 0.0011960159853276829 
15.879999999976329, 0.0021052082407187573 
15.889999999976306, 0.002891143649106763 
15.899999999976282, 0.003432786962725652 
15.90999999997626, 0.0036512889252152715 
15.919999999976236, 0.0035090917260875987 
15.929999999976213, 0.0029994809171157506 
15.93999999997619, 0.00214396038877161 
15.949999999976166, 0.0010013171676636987 
15.959999999976143, -0.00022332105169145123 
15.96999999997612, -0.0011584686066031923 
15.979999999976096, -0.0020034782200788665 
15.989999999976073, -0.002660825235510616 
15.99999999997605, -0.0030838713147523893 
16.009999999976028, -0.0032641607422119858 
16.019999999976005, -0.00320929225169968 
16.02999999997598, -0.002925596907494741 
16.039999999975958, -0.0024108046743809845 
16.049999999975935, -0.0016572137133535013 
16.05999999997591, -0.0006651872920344218 
16.069999999975888, 0.0003504067514471446 
16.079999999975865, 0.001247210080719234 
16.08999999997584, 0.0021531976380878997 
16.099999999975818, 0.0029283124887298567 
16.109999999975795, 0.0034535113184115175 
16.11999999997577, 0.0036524642119744543 
16.129999999975748, 0.003489608803960779 
16.139999999975725, 0.002959757769676698 
16.1499999999757, 0.002086190252415728 
16.15999999997568, 0.000930128026883357 
16.169999999975655, -0.0002747004521263682 
16.17999999997563, -0.0012081576125209943 
16.18999999997561, -0.0020447492866356967 
16.199999999975585, -0.0026897449673329308 
16.20999999997556, -0.0030991552997803157 
16.21999999997554, -0.0032660115245161125 
16.229999999975515, -0.003198215008064823 
16.239999999975492, -0.002901710014589186 
16.24999999997547, -0.0023737405390982435 
16.259999999975445, -0.0016066066881817837 
16.269999999975422, -0.0006017097700136934 
16.2799999999754, 0.00039909288653977175 
16.289999999975375, 0.0012999923073755348 
16.299999999975352, 0.0022023177275748594 
16.30999999997533, 0.0029662248349484445 
16.319999999975305, 0.0034747327841231426 
16.329999999975282, 0.003654020213480372 
16.33999999997526, 0.003470482367838737 
16.349999999975235, 0.0029204516898543847 
16.359999999975212, 0.002029015646156607 
16.36999999997519, 0.0008598595954898878 
16.379999999975166, -0.00032618122405396 
16.389999999975142, -0.0012575293881587578 
16.39999999997512, -0.0020854143864136 
16.409999999975096, -0.002717934104732243 
16.419999999975072, -0.0031137000993075024 
16.42999999997505, -0.003267157847922913 
16.439999999975026, -0.0031864582478853 
16.449999999975002, -0.0028771383864571046 
16.45999999997498, -0.00233596881257014 
16.469999999974956, -0.0015552969821423538 
16.479999999974932, -0.0005376328403565298 
16.48999999997491, 0.0004466630841310165 
16.499999999974886, 0.0013512464768409727 
16.509999999974863, 0.0022494473369036663 
16.51999999997484, 0.00300176271963112 
16.529999999974816, 0.00349333994281403 
16.539999999974793, 0.0036528517885655496 
16.54999999997477, 0.003448613559697062 
16.559999999974746, 0.00287847275120015 
16.569999999974723, 0.0019693599732184927 
16.5799999999747, 0.0007874510335631315 
16.589999999974676, -0.00038081125008518845 
16.599999999974653, -0.0013096250764461025 
16.60999999997463, -0.0021285125622057303 
16.619999999974606, -0.002748429790855469 
16.629999999974583, -0.0031305385157187637 
16.63999999997456, -0.0032706257143103232 
16.649999999974536, -0.0031770396990363193 
16.659999999974513, -0.0028548908380993426 
16.66999999997449, -0.00230048927673152 
16.679999999974466, -0.0015062753816741854 
16.689999999974443, -0.0004759373211008991 
16.69999999997442, 0.0004959638457187082 
16.709999999974396, 0.00140383947415424 
16.719999999974373, 0.002297481560645299 
16.72999999997435, 0.003037853429685811 
16.739999999974327, 0.0035122899913911827 
16.749999999974303, 0.003651940733551064 
16.75999999997428, 0.0034270051422703035 
16.769999999974257, 0.002836844699691422 
16.779999999974233, 0.0019102697549008962 
16.78999999997421, 0.0007159706375492677 
16.799999999974187, -0.0004311477337062399 
16.809999999974163, -0.0013569997399888703 
16.81999999997414, -0.0021666058733330407 
16.829999999974117, -0.0027738033399902183 
16.839999999974093, -0.00314224903698422 
16.84999999997407, -0.0032689981407368596 
16.859999999974047, -0.003162545814686438 
16.869999999974024, -0.002827558582929892 
16.879999999974, -0.0022599023640621566 
16.889999999973977, -0.0014521597774465789 
16.899999999973954, -0.0004092699028951568 
16.90999999997393, 0.0005455894003054752 
16.919999999973907, 0.001456324918091087 
16.929999999973884, 0.002344938933259002 
16.93999999997386, 0.0030729873587280526 
16.949999999973837, 0.0035300490235577985 
16.959999999973814, 0.0036497297472766295 
16.96999999997379, 0.003404076800871264 
16.979999999973767, 0.002793965393361008 
16.989999999973744, 0.0018501221040792143 
16.99999999997372, 0.0006437733131774673 
17.009999999973697, -0.00048612907661518085 
17.019999999973674, -0.0014086193225437014 
17.02999999997365, -0.0022086839092733484 
17.039999999973627, -0.0028030599324280433 
17.049999999973604, -0.0031578437977450823 
17.05999999997358, -0.0032712878466240733 
17.069999999973557, -0.003151986243904886 
17.079999999973534, -0.0028041464526446227 
17.08999999997351, -0.0022232073435397943 
17.099999999973488, -0.0014019431292514512 
17.109999999973464, -0.0003466145541166026 
17.11999999997344, 0.0005923852716185387 
17.129999999973418, 0.0015055751432205215 
17.139999999973394, 0.0023887305272558565 
17.14999999997337, 0.00310412122573834 
17.159999999973348, 0.0035436191404225126 
17.169999999973324, 0.0036432630746078857 
17.1799999999733, 0.0033769142876289328 
17.189999999973278, 0.0027469664640776504 
17.199999999973254, 0.0017861017129218947 
17.20999999997323, 0.0005681009997031183 
17.219999999973208, -0.000539740428920863 
17.229999999973185, -0.0014584303382514318 
17.23999999997316, -0.0022486682848973333 
17.249999999973138, -0.0028301044609370806 
17.259999999973115, -0.0031712145864770266 
17.26999999997309, -0.0032713750843377082 
17.279999999973068, -0.003139230724992776 
17.289999999973045, -0.0027785148346846957 
17.29999999997302, -0.002184257162039853 
17.309999999972998, -0.0013494740839707904 
17.319999999972975, -0.00028181939157106647 
17.32999999997295, 0.0006425017938253944 
17.339999999972928, 0.0015577406050626664 
17.349999999972905, 0.002435010706561415 
17.35999999997288, 0.003137414482178442 
17.36999999997286, 0.0035591616297552205 
17.379999999972835, 0.0036386987097114442 
17.38999999997281, 0.0033516683611224452 
17.39999999997279, 0.0027019892571073173 
17.409999999972765, 0.0017243379006910374 
17.41999999997274, 0.0004950646946176987 
17.42999999997272, -0.0005909856989367927 
17.439999999972695, -0.0015054712059143585 
17.449999999972672, -0.0022856313369767826 
17.45999999997265, -0.0028540362815764352 
17.469999999972625, -0.0031814791119692772 
17.479999999972602, -0.0032683893402102723 
17.48999999997258, -0.003123417415135919 
17.499999999972555, -0.0027498110427324344 
17.509999999972532, -0.0021422124511003915 
17.51999999997251, -0.0012939343196571253 
17.529999999972485, -0.000214096736833068 
17.539999999972462, 0.0006923294730886108 
17.54999999997244, 0.0016091764116004403 
17.559999999972415, 0.0024801069783494316 
17.569999999972392, 0.0031691748197243187 
17.57999999997237, 0.0035729683306490916 
17.589999999972346, 0.0036323139314355483 
17.599999999972322, 0.003324603210282738 
17.6099999999723, 0.002655287794128343 
17.619999999972276, 0.0016610775510702256 
17.629999999972252, 0.00042090426143412787 
17.63999999997223, -0.0006458155889104075 
17.649999999972206, -0.001555706118245796 
17.659999999972182, -0.002325549747177682 
17.66999999997216, -0.002880839497419023 
17.679999999972136, -0.003194622990857861 
17.689999999972112, -0.0032683134231903067 
17.69999999997209, -0.003110523949025885 
17.709999999972066, -0.002724006554237604 
17.719999999972043, -0.002103038341922523 
17.72999999997202, -0.0012412824394551008 
17.739999999971996, -0.00014939661719769483 
17.749999999971973, 0.0007431990861291396 
17.75999999997195, 0.0016612352874963662 
17.769999999971926, 0.0025254022558863385 
17.779999999971903, 0.003200818493950585 
17.78999999997188, 0.0035864860133549927 
17.799999999971856, 0.0036255814553970873 
17.809999999971833, 0.0032972155862823747 
17.81999999997181, 0.0026083846941843294 
17.829999999971786, 0.001597871914717922 
17.839999999971763, 0.00034719833842927186 
17.84999999997174, -0.0006960925598446245 
17.859999999971716, -0.0016009919132864829 
17.869999999971693, -0.0023602833939047776 
17.87999999997167, -0.002902379089680194 
17.889999999971646, -0.003202514870241918 
17.899999999971623, -0.0032630180428118495 
17.9099999999716, -0.003092423004866186 
17.919999999971576, -0.002692978245181593 
17.929999999971553, -0.002058621281704591 
17.93999999997153, -0.0011834235012241306 
17.949999999971507, -0.00007965415227716163 
17.959999999971483, 0.0007944172555394544 
17.96999999997146, 0.00171318646193614 
17.979999999971437, 0.0025701346152232447 
17.989999999971413, 0.0032315582817748606 
17.99999999997139, 0.003598904475558233 
18.009999999971367, 0.0036176681709700945 
18.019999999971343, 0.0032686496373066608 
18.02999999997132, 0.0025604023013242063 
18.039999999971297, 0.001533821685665044 
18.049999999971273, 0.0002730229544925305 
18.05999999997125, -0.0007493100464804857 
18.069999999971227, -0.0016488516302751257 
18.079999999971204, -0.0023973798346384437 
18.08999999997118, -0.002926218374894705 
18.099999999971157, -0.0032127253780147454 
18.109999999971134, -0.0032600753809113696 
18.11999999997111, -0.003076685349846032 
18.129999999971087, -0.0026642945216228267 
18.139999999971064, -0.0020165276522519414 
18.14999999997104, -0.001127922439782467 
18.159999999971017, -0.000012431323199636388 
18.169999999970994, 0.0008442440420566918 
18.17999999997097, 0.0017633078745854195 
18.189999999970947, 0.002612609619276976 
18.199999999970924, 0.0032597318390445254 
18.2099999999709, 0.003608592025518819 
18.219999999970877, 0.003606970149105627 
18.229999999970854, 0.0032373292657428853 
18.23999999997083, 0.002509796356994315 
18.249999999970807, 0.0014674193258634835 
18.259999999970784, 0.0001969077982099264 
18.26999999997076, -0.0008025481815714956 
18.279999999970737, -0.0016963466804863938 
18.289999999970714, -0.0024338897879156154 
18.29999999997069, -0.0029494002794195396 
18.309999999970668, -0.0032222897841392576 
18.319999999970644, -0.0032565127303913304 
18.32999999997062, -0.003060330436013419 
18.339999999970598, -0.002634967878620249 
18.349999999970574, -0.0019737649326433742 
18.35999999997055, -0.0010717846910070102 
18.369999999970528, 0.0000370992392393514 
18.379999999970504, 0.0008956735234982935 
18.38999999997048, 0.0018145985824151462 
18.399999999970458, 0.002655837114368816 
18.409999999970434, 0.003288361496298972 
18.41999999997041, 0.0036185805576812564 
18.429999999970388, 0.0035965248799852225 
18.439999999970365, 0.0032062956704827844 
18.44999999997034, 0.0024596121010745367 
18.459999999970318, 0.0014017137909933402 
18.469999999970295, 0.0001219008892918465 
18.47999999997027, -0.0008542218915872193 
18.489999999970248, -0.0017419084252431652 
18.499999999970225, -0.0024682619769541693 
18.5099999999702, -0.0029703866702857924 
18.519999999970178, -0.003229677698534256 
18.529999999970155, -0.003250803676986719 
18.53999999997013, -0.003041834534770226 
18.549999999970108, -0.0026034785772648394 
18.559999999970085, -0.0019288214443334035 
18.56999999997006, -0.0010135131888573692 
18.57999999997004, 0.00008058642914187811 
18.589999999970015, 0.000945797778397581 
18.59999999996999, 0.001864132671329925 
18.60999999996997, 0.0026968817696136544 
18.619999999969945, 0.003314508310306123 
18.62999999996992, 0.0036259289523137223 
18.6399999999699, 0.0035833889796352894 
18.649999999969875, 0.0031726046341082155 
18.659999999969852, 0.002406907946081387 
18.66999999996983, 0.0013337691468799488 
18.679999999969805, 0.00004507093214231031 
18.689999999969782, -0.000908716163255124 
18.69999999996976, -0.0017899264976116332 
18.709999999969735, -0.002504890773345714 
18.719999999969712, -0.0029935731141872792 
18.72999999996969, -0.0032392817741526752 
18.739999999969665, -0.0032473351168680028 
18.749999999969642, -0.0030255773174226144 
18.75999999996962, -0.002574198509745317 
18.769999999969595, -0.001886061236179394 
18.779999999969572, -0.0009574637381475987 
18.78999999996955, 0.00012603885298815385 
18.799999999969526, 0.0009975552579835102 
18.809999999969502, 0.0019148725764538937 
18.81999999996948, 0.0027387361530274473 
18.829999999969456, 0.0033411952969735446 
18.839999999969432, 0.003633686105697103 
18.84999999996941, 0.003570632445517191 
18.859999999969386, 0.0031393456786835113 
18.869999999969362, 0.002354794333613693 
18.87999999996934, 0.001266717441890802 
18.889999999969316, -0.00002098619765566027 
18.899999999969292, -0.0009585155705458583 
18.90999999996927, -0.0018328906879543348 
18.919999999969246, -0.0025362762179539766 
18.929999999969223, -0.0030114689726370154 
18.9399999999692, -0.0032436176954763517 
18.949999999969176, -0.003238626978032831 
18.959999999969153, -0.0030040830685308375 
18.96999999996913, -0.002539659321296018 
18.979999999969106, -0.001838029974901 
18.989999999969083, -0.000896206471774075 
18.99999999996906, 0.00017212990330460904 
19.009999999969036, 0.001049576713066408 
19.019999999969013, 0.001965409127187545 
19.02999999996899, 0.0027799581230230413 
19.039999999968966, 0.003366952832804173 
19.049999999968943, 0.0036403569629874454 
19.05999999996892, 0.0035567352210166435 
19.069999999968896, 0.003104974548662939 
19.079999999968873, 0.002301704065265836 
19.08999999996885, 0.00119896829544562 
19.099999999968826, -0.00007352776785233669 
19.109999999968803, -0.0010110812271844514 
19.11999999996878, -0.0018782913362284212 
19.129999999968756, -0.002569931359223467 
19.139999999968733, -0.0030316008597282246 
19.14999999996871, -0.0032502177438060074 
19.159999999968687, -0.003232212229627774 
19.169999999968663, -0.0029848830964611618 
19.17999999996864, -0.0025073901491363872 
19.189999999968617, -0.001792255215802489 
19.199999999968593, -0.0008372677470458525 
19.20999999996857, 0.00021715034012359698 
19.219999999968547, 0.0011001631727656127 
19.229999999968523, 0.002014063467756783 
19.2399999999685, 0.0028188975897229665 
19.249999999968477, 0.003390162175071426 
19.259999999968453, 0.003644351778146985 
19.26999999996843, 0.0035401342025185023 
19.279999999968407, 0.003067956032284583 
19.289999999968384, 0.0022461344835188637 
19.29999999996836, 0.0011290556891175537 
19.309999999968337, -0.00012633803037982199 
19.319999999968314, -0.0010634579857865245 
19.32999999996829, -0.0019231582440112506 
19.339999999968267, -0.0026028773061446122 
19.349999999968244, -0.0030509828575626817 
19.35999999996822, -0.0032560886777080835 
19.369999999968197, -0.0032250899819956857 
19.379999999968174, -0.0029649691519934777 
19.38999999996815, -0.002474376557280916 
19.399999999968127, -0.0017457186930079926 
19.409999999968104, -0.0007776287017890742 
19.41999999996808, 0.00026411747757779634 
19.429999999968057, 0.001152331999552611 
19.439999999968034, 0.002063858612102583 
19.44999999996801, 0.002858588208168152 
19.459999999967987, 0.0034138678637195196 
19.469999999967964, 0.003648722416504735 
19.47999999996794, 0.003523885040135942 
19.489999999967917, 0.0030313484188673676 
19.499999999967894, 0.0021911469797547 
19.50999999996787, 0.0010600427757013586 
19.519999999967848, -0.00017708497513144457 
19.529999999967824, -0.0011133272709791505 
19.5399999999678, -0.0019651919290436894 
19.549999999967778, -0.0026328328083301627 
19.559999999967754, -0.003067346820352583 
19.56999999996773, -0.0032589701477422654 
19.579999999967708, -0.0032150044931287813 
19.589999999967684, -0.0029420896093233654 
19.59999999996766, -0.002438373419470185 
19.609999999967638, -0.001696187263198356 
19.619999999967614, -0.0007150761473369726 
19.62999999996759, 0.0003108570838675349 
19.639999999967568, 0.0012038804468284714 
19.649999999967545, 0.0021125692045445895 
19.65999999996752, 0.0028967898180528406 
19.669999999967498, 0.0034358194282046264 
19.679999999967475, 0.0036512089026402407 
19.68999999996745, 0.0035057183148873503 
19.699999999967428, 0.002992874414552575 
19.709999999967405, 0.0021344591207330572 
19.71999999996738, 0.0009896430899862794 
19.729999999967358, -0.00023169556843779458 
19.739999999967335, -0.0011666273521543198 
19.74999999996731, -0.0020103432146975227 
19.759999999967288, -0.0026657578827945466 
19.769999999967265, -0.003086656197081478 
19.77999999996724, -0.0032648240021289853 
19.78999999996722, -0.0032079129042551224 
19.799999999967195, -0.0029221954006217006 
19.80999999996717, -0.0024053249373186957 
19.81999999996715, -0.001649598246975683 
19.829999999967125, -0.0006555394629245792 
19.8399999999671, 0.0003587187348192314 
19.84999999996708, 0.0012561772339089213 
19.859999999967055, 0.0021615919379872643 
19.869999999967032, 0.0029349329395096124 
19.87999999996701, 0.0034574806176153744 
19.889999999966985, 0.0036533036721402385 
19.899999999966962, 0.0034871516629813104 
19.90999999996694, 0.002954077188455764 
19.919999999966915, 0.0020776425763759676 
19.929999999966892, 0.0009194579393125868 
19.93999999996687, -0.000282003923570758 
19.949999999966845, -0.0012151802030871408 
19.959999999966822, -0.0020504335215114325 
19.9699999999668, -0.002693478326963157 
19.979999999966775, -0.003100740911217857 
19.989999999966752, -0.00326548254377007 
19.99999999996673, -0.003195649056234393 
20.009999999966706, -0.0028971230160544227 
20.019999999966682, -0.002367074092206638 
20.02999999996666, -0.001597808474353982 
20.039999999966636, -0.0005908999513011574 
20.049999999966612, 0.000407065969858358 
20.05999999996659, 0.00130854779851994 
20.069999999966566, 0.00221021865957681 
20.079999999966542, 0.0029722824651327953 
20.08999999996652, 0.0034780932229206652 
20.099999999966496, 0.0036542261012982775 
20.109999999966472, 0.003467381937882245 
20.11999999996645, 0.0029141317473989794 
20.129999999966426, 0.0020198513311640493 
20.139999999966403, 0.0008486188703027267 
20.14999999996638, -0.000335445814142332 
20.159999999966356, -0.0012664514305164105 
20.169999999966333, -0.0020929556763500867 
20.17999999996631, -0.0027235066638457085 
20.189999999966286, -0.00311712419354857 
20.199999999966263, -0.0032684726671728366 
20.20999999996624, -0.0031857393881095735 
20.219999999966216, -0.0028743966875586064 
20.229999999966193, -0.0023311427482178354 
20.23999999996617, -0.0015483380765753704 
20.249999999966146, -0.0005286757910079035 
20.259999999966123, 0.0004541998366399744 
20.2699999999661, 0.0013593066808474108 
20.279999999966076, 0.0022567876410811514 
20.289999999966053, 0.0030072076067528012 
20.29999999996603, 0.003496058159321906 
20.309999999966006, 0.0036524058795794805 
20.319999999965983, 0.003444866013743334 
20.32999999996596, 0.0028715245734373634 
20.339999999965936, 0.001959606551273709 
20.349999999965913, 0.0007756847152852244 
20.35999999996589, -0.0003890683822287419 
20.369999999965867, -0.0013174647789199983 
20.379999999965843, -0.0021349201812746786 
20.38999999996582, -0.00275284512297528 
20.399999999965797, -0.003132800942726594 
20.409999999965773, -0.0032707815812079858 
20.41999999996575, -0.003175163267746763 
20.429999999965727, -0.002850988446084031 
20.439999999965703, -0.0022944970432326405 
20.44999999996568, -0.0014981499189632643 
20.459999999965657, -0.00046582969174078007 
20.469999999965633, 0.0005031565479671755 
20.47999999996561, 0.0014114920126612077 
20.489999999965587, 0.0023043449555311996 
20.499999999965564, 0.0030427662344901353 
20.50999999996554, 0.003514443907593539 
20.519999999965517, 0.0036509181130312584 
20.529999999965494, 0.003422682625053223 
20.53999999996547, 0.0028293375668124255 
20.549999999965447, 0.0018999936978173996 
20.559999999965424, 0.0007037419829878779 
20.5699999999654, -0.0004397916815501787 
20.579999999965377, -0.0013651558989495687 
20.589999999965354, -0.0021732825865303737 
20.59999999996533, -0.002778466905222972 
20.609999999965307, -0.003144756539350141 
20.619999999965284, -0.0032694020132461137 
20.62999999996526, -0.003160918356926953 
20.639999999965237, -0.002823901319437743 
20.649999999965214, -0.002254148924278588 
20.65999999996519, -0.001444271746987814 
20.669999999965167, -0.0003994143190888781 
20.679999999965144, 0.0005524911713850918 
20.68999999996512, 0.0014636266664287954 
20.699999999965097, 0.0023513875310386535 
20.709999999965074, 0.003077436189089379 
20.71999999996505, 0.0035317124667171005 
20.729999999965028, 0.003648209259175891 
20.739999999965004, 0.0033992628343419407 
20.74999999996498, 0.0027859878378945335 
20.759999999964958, 0.0018394176052265016 
20.769999999964934, 0.0006311823218066396 
20.77999999996491, -0.0004950549795798484 
20.789999999964888, -0.001416983843781032 
20.799999999964864, -0.0022155197386816007 
20.80999999996484, -0.0028078604222723453 
20.819999999964818, -0.0031604837505316273 
20.829999999964794, -0.0032718256592622202 
20.83999999996477, -0.0031504921703227238 
20.849999999964748, -0.0028006171885872895 
20.859999999964725, -0.0022175740900586783 
20.8699999999647, -0.0013941725790400628 
20.879999999964678, -0.000336889774336895 
20.889999999964655, 0.0006020253074355052 
20.89999999996463, 0.0015155559225101512 
20.909999999964608, 0.0023977940872595325 
20.919999999964585, 0.003111134696211633 
20.92999999996456, 0.003547818013661004 
20.939999999964538, 0.0036442662058098164 
20.949999999964515, 0.003374624341908041 
20.95999999996449, 0.0027415262883738697 
20.969999999964468, 0.0017779668025775745 
20.979999999964445, 0.0005581331388402336 
20.98999999996442, -0.0005459783457188924 
20.9999999999644, -0.0014640505114890253 
21.009999999964375, -0.0022527271519454935 
21.01999999996435, -0.002832119942997635 
21.02999999996433, -0.00317107623902421 
21.039999999964305, -0.0032691450374821946 
21.04999999996428, -0.0031349762959096256 
21.05999999996426, -0.0027722286301355018 
21.069999999964235, -0.0021758706119792393 
21.079999999964212, -0.0013389638039611258 
21.08999999996419, -0.00026939118901282016 
21.099999999964165, 0.0006518714984860173 
21.109999999964142, 0.0015673599422631513 
21.11999999996412, 0.0024436179798023525 
21.129999999964095, 0.003143893912746211 
21.139999999964072, 0.003562773570930604 
21.14999999996405, 0.003639082393393231 
21.159999999964025, 0.0033487405864189106 
21.169999999964002, 0.002695906932098354 
21.17999999996398, 0.0017155760655330134 
21.189999999963955, 0.00048450714980450107 
21.199999999963932, -0.0005984901907029768 
21.20999999996391, -0.0015123141705682464 
21.219999999963886, -0.002290889539187116 
21.229999999963862, -0.002857248632635084 
21.23999999996384, -0.003182547042485339 
21.249999999963816, -0.0032673768499969147 
21.259999999963792, -0.003120387823262447 
21.26999999996377, -0.0027447522115063147 
21.279999999963746, -0.0021350553956388184 
21.289999999963722, -0.0012846645154610359 
21.2999999999637, -0.00020294068294923203 
21.309999999963676, 0.0007003677643335733 
21.319999999963652, 0.001617384198567039 
21.32999999996363, 0.0024872215981565143 
21.339999999963606, 0.0031740988083921303 
21.349999999963583, 0.003574986554150994 
21.35999999996356, 0.003631085233734909 
21.369999999963536, 0.0033200585703377673 
21.379999999963513, 0.0026475995076967102 
21.38999999996349, 0.0016507422707779424 
21.399999999963466, 0.00040882927413001576 
21.409999999963443, -0.0006540428444572953 
21.41999999996342, -0.0015632127028688554 
21.429999999963396, -0.0023314361475880946 
21.439999999963373, -0.0028846684508798577 
21.44999999996335, -0.0031963098146900793 
21.459999999963326, -0.003267925260308193 
21.469999999963303, -0.003108120757458009 
21.47999999996328, -0.0027195715205687336 
21.489999999963256, -0.002096501627582276 
21.499999999963233, -0.001232637466350079 
21.50999999996321, -0.00013888913469633571 
21.519999999963186, 0.000750539489978056 
21.529999999963163, 0.0016686772579267556 
21.53999999996314, 0.0025316837114027772 
21.549999999963116, 0.0032048602609531436 
21.559999999963093, 0.003587596148798252 
21.56999999996307, 0.0036234369468790507 
21.579999999963047, 0.003291760950474619 
21.589999999963023, 0.002599807977388735 
21.599999999963, 0.0015866920795140442 
21.609999999962977, 0.00033434604805681044 
21.619999999962953, -0.0007050193658758232 
21.62999999996293, -0.0016091312575404449 
21.639999999962907, -0.0023667614223660273 
21.649999999962883, -0.0029067836260388493 
21.65999999996286, -0.0032047758196544576 
21.669999999962837, -0.0032632060726074897 
21.679999999962813, -0.0030905948691796158 
21.68999999996279, -0.0026891123984837174 
21.699999999962767, -0.002052646767138784 
21.709999999962744, -0.0011753411879019489 
21.71999999996272, -0.00006972815215844326 
21.729999999962697, 0.0008011333096165209 
21.739999999962674, 0.0017199445522697644 
21.74999999996265, 0.0025756747855857323 
21.759999999962627, 0.0032348199365611363 
21.769999999962604, 0.003599218054850263 
21.77999999996258, 0.0036147278799298667 
21.789999999962557, 0.0032624133286332873 
21.799999999962534, 0.002551074433812886 
21.80999999996251, 0.0015219444198275413 
21.819999999962487, 0.00025955038342721657 
21.829999999962464, -0.0007587708220115032 
21.83999999996244, -0.0016574517163878148 
21.849999999962417, -0.002404272870551057 
21.859999999962394, -0.002931018338666035 
21.86999999996237, -0.0032153772688330714 
21.879999999962347, -0.0032606536210847666 
21.889999999962324, -0.0030752435597077936 
21.8999999999623, -0.0026608063556294776 
21.909999999962277, -0.0020109208478619437 
21.919999999962254, -0.001120204992327305 
21.92999999996223, -0.0000028850990287401653 
21.939999999962208, 0.0008519954421847737 
21.949999999962184, 0.001771047056682205 
21.95999999996216, 0.002619079011606059 
21.969999999962138, 0.0032638887710159797 
21.979999999962114, 0.0036097879614384585 
21.98999999996209, 0.0036049151588820596 
21.999999999962068, 0.003231993656325203 
22.009999999962044, 0.0025014004762622674 
22.01999999996202, 0.0014565277831226514 
22.029999999961998, 0.00018449654419478155 
22.039999999961974, -0.0008108651273763309 
22.04999999996195, -0.0017037352698216432 
22.059999999961928, -0.00243953152168451 
22.069999999961905, -0.0029529344422019456 
22.07999999996188, -0.0032236752658719283 
22.089999999961858, -0.003255826837286326 
22.099999999961835, -0.0030576234263283426 
22.10999999996181, -0.002630209178104923 
22.119999999961788, -0.00196688251228698 
22.129999999961765, -0.0010627962654176436 
22.13999999996174, 0.00004353072860054317 
22.149999999961718, 0.0009031655010983814 
22.159999999961695, 0.001822010867349437 
22.16999999996167, 0.0026619158976437856 
22.179999999961648, 0.003292083803422391 
22.189999999961625, 0.0036193202783589276 
22.1999999999616, 0.0035940089205185695 
22.20999999996158, 0.0032005075629706267 
22.219999999961555, 0.002450788773311158 
22.22999999996153, 0.0013904427780771938 
22.23999999996151, 0.00010918003685985808 
22.249999999961485, -0.0008627718674911272 
22.25999999996146, -0.0017494680630793674 
22.26999999996144, -0.0024740394922122782 
22.279999999961415, -0.0029740449960869554 
22.289999999961392, -0.003231188123217489 
22.29999999996137, -0.003250245399577038 
22.309999999961345, -0.0030392539340932884 
22.319999999961322, -0.0025988406625965894 
22.3299999999613, -0.001922054425815532 
22.339999999961275, -0.0010046444993863034 
22.349999999961252, 0.00008759986194907224 
22.35999999996123, 0.0009538217753185796 
22.369999999961205, 0.0018720117329795946 
22.379999999961182, 0.0027033665592547202 
22.38999999996116, 0.003318595484803728 
22.399999999961135, 0.0036270140716068563 
22.409999999961112, 0.003581214973271363 
22.41999999996109, 0.0031671678429706926 
22.429999999961066, 0.0023984617953833457 
22.439999999961042, 0.0013229238237630323 
22.44999999996102, 0.00003284514670935148 
22.459999999960996, -0.0009166966452542043 
22.469999999960972, -0.001796858086416595 
22.47999999996095, -0.0025100085791866598 
22.489999999960926, -0.002996562999081505 
22.499999999960902, -0.003240126510708682 
22.50999999996088, -0.003246115180909234 
22.519999999960856, -0.003022335066742694 
22.529999999960832, -0.0025688949403629884 
22.53999999996081, -0.001878625827596733 
22.549999999960786, -0.0009479352845772867 
22.559999999960763, 0.0001329542267610561 
22.56999999996074, 0.001005424182896866 
22.579999999960716, 0.0019225248452488784 
22.589999999960693, 0.0027449282519804454 
22.59999999996067, 0.0033449446500568103 
22.609999999960646, 0.0036344105099069164 
22.619999999960623, 0.0035680911531053953 
22.6299999999606, 0.0031335482375773166 
22.639999999960576, 0.00234601121610394 
22.649999999960553, 0.0012555818620088432 
22.65999999996053, -0.000029074878695424575 
22.669999999960506, -0.0009666472262065817 
22.679999999960483, -0.001839917935999249 
22.68999999996046, -0.0025414605709140133 
22.699999999960436, -0.0030145181889915692 
22.709999999960413, -0.003244525046665894 
22.71999999996039, -0.0032374735797004333 
22.729999999960366, -0.003000906973720972 
22.739999999960343, -0.002534417503644249 
22.74999999996032, -0.0018306533780981168 
22.759999999960296, -0.0008867454931671785 
22.769999999960273, 0.00017894672586065614 
22.77999999996025, 0.0010572908844345235 
22.789999999960227, 0.0019728370138071233 
22.799999999960203, 0.0027858632169310915 
22.80999999996018, 0.0033703736494778208 
22.819999999960157, 0.0036407331248382627 
22.829999999960133, 0.003553841858404765 
22.83999999996011, 0.003098834454849062 
22.849999999960087, 0.002292605241810269 
22.859999999960063, 0.0011875673315967297 
22.86999999996004, -0.00008326466799194852 
22.879999999960017, -0.0010207869963306765 
22.889999999959993, -0.001886835342697115 
22.89999999995997, -0.0025766016339572547 
22.909999999959947, -0.0030361267969671625 
22.919999999959924, -0.003252602797691671 
22.9299999999599, -0.0032325379103234583 
22.939999999959877, -0.00298318289278418 
22.949999999959854, -0.0025036165957858124 
22.95999999995983, -0.001786340005656597 
22.969999999959807, -0.0008292716720005626 
22.979999999959784, 0.00022538493258871024 
22.98999999995976, 0.001109247628379324 
22.999999999959737, 0.0020228019222728716 
23.009999999959714, 0.0028260608080617955 
23.01999999995969, 0.0033948087432594835 
23.029999999959667, 0.003645941446928819 
23.039999999959644, 0.0035384565538912026 
23.04999999995962, 0.0030630464165354596 
23.059999999959597, 0.0022382982303120204 
23.069999999959574, 0.0011189722628933748 
23.07999999995955, -0.00013323044363604958 
23.089999999959527, -0.0010702453614600557 
23.099999999959504, -0.0019287300713217632 
23.10999999995948, -0.002606549687809683 
23.119999999959457, -0.0030525068433040125 
23.129999999959434, -0.0032554773669289357 
23.13999999995941, -0.0032224250039165326 
23.149999999959388, -0.0029602799349553234 
23.159999999959364, -0.002467612911499101 
23.16999999995934, -0.0017368164345623453 
23.179999999959318, -0.0007666642816542572 
23.189999999959294, 0.00027236804684064117 
23.19999999995927, 0.0011613591711057529 
23.209999999959248, 0.0020724535114878817 
23.219999999959224, 0.002865530468531664 
23.2299999999592, 0.0034182387112449385 
23.239999999959178, 0.0036500040272995763 
23.249999999959154, 0.0035218829284563795 
23.25999999995913, 0.0030261111085375307 
23.269999999959108, 0.002182997067221109 
23.279999999959085, 0.0010496821661887697 
23.28999999995906, -0.00018492640347573757 
23.299999999959038, -0.0011210070354141627 
23.309999999959015, -0.001971616273996558 
23.31999999995899, -0.0026373417546160694 
23.329999999958968, -0.0030697092332914963 
23.339999999958945, -0.0032592059931935537 
23.34999999995892, -0.0032131938586193267 
23.359999999958898, -0.002938256990516487 
23.369999999958875, -0.0024324654279240065 
23.37999999995885, -0.001688143377402977 
23.389999999958828, -0.0007049875312806986 
23.399999999958805, 0.0003181894641415289 
23.40999999995878, 0.0012119218798042864 
23.41999999995876, 0.0021201003251428096 
23.429999999958735, 0.0029026009330958137 
23.43999999995871, 0.0034390148014819657 
23.44999999995869, 0.0036512926545293283 
23.459999999958665, 0.003502511631951831 
23.46999999995864, 0.0029864396758610212 
23.47999999995862, 0.002125137725093688 
23.489999999958595, 0.0009781608726750755 
23.499999999958572, -0.0002398634437861784 
23.50999999995855, -0.0011745651382300776 
23.519999999958525, -0.0020169766874238285 
23.529999999958502, -0.0026704532948207864 
23.53999999995848, -0.0030892017710448675 
23.549999999958455, -0.003265247517642096 
23.559999999958432, -0.003206293448707312 
23.56999999995841, -0.002918552765694698 
23.579999999958385, -0.0023996025179378266 
23.589999999958362, -0.0016417389796217912 
23.59999999995834, -0.0006456488062102851 
23.609999999958315, 0.00036581568428301206 
23.619999999958292, 0.0012639219334227606 
23.62999999995827, 0.002168755977348056 
23.639999999958246, 0.0029403179306480023 
23.649999999958222, 0.0034602132873532815 
23.6599999999582, 0.0036529089069120223 
23.669999999958176, 0.0034834654425381717 
23.679999999958152, 0.002947175597316947 
23.68999999995813, 0.0020678861247570486 
23.699999999958106, 0.0009075963531770329 
23.709999999958082, -0.00029047796249134376 
23.71999999995806, -0.0012233526370041535 
23.729999999958036, -0.0020572509964826976 
23.739999999958012, -0.0026983339134724563 
23.74999999995799, -0.003103442188601543 
23.759999999957966, -0.0032660649408695125 
23.769999999957943, -0.0031941905519523124 
23.77999999995792, -0.002893638680659766 
23.789999999957896, -0.0023615041772422174 
23.799999999957873, -0.00159009953482524 
23.80999999995785, -0.0005811718638262066 
23.819999999957826, 0.00041396426708830943 
23.829999999957803, 0.001316034941042242 
23.83999999995778, 0.002217058616724231 
23.849999999957756, 0.0029772890950973663 
23.859999999957733, 0.0034804156682599918 
23.86999999995771, 0.003653409411693366 
23.879999999957686, 0.0034632764965139102 
23.889999999957663, 0.0029068275566702818 
23.89999999995764, 0.0020097285951174797 
23.909999999957616, 0.0008364514265099424 
23.919999999957593, -0.00034414854133507595 
23.92999999995757, -0.0012747785578561938 
23.939999999957546, -0.0020998759977499623 
23.949999999957523, -0.002728440544814751 
23.9599999999575, -0.003119898470304561 
23.969999999957476, -0.003269130183287798 
23.979999999957453, -0.0031843568653894616 
23.98999999995743, -0.0028709844482877785 
23.999999999957407, -0.0023256380010941613 
24.009999999957383, -0.0015406912231216792 
24.01999999995736, -0.000519021351543164 
24.029999999957337, 0.00046098923173434013 
24.039999999957313, 0.0013666276870567518 
24.04999999995729, 0.002263397875138938 
24.059999999957267, 0.0030119339914020907 
24.069999999957243, 0.0034980721691381007 
24.07999999995722, 0.003651272171506083 
24.089999999957197, 0.003440449050090816 
24.099999999957173, 0.0028639284983662536 
24.10999999995715, 0.0019492317599043713 
24.119999999957127, 0.0007633292108497112 
24.129999999957104, -0.00039787936837996387 
24.13999999995708, -0.0013258250499201911 
24.149999999957057, -0.0021418217886365275 
24.159999999957034, -0.002757735952623782 
24.16999999995701, -0.0031355267555802056 
24.179999999956987, -0.0032713922354619092 
24.189999999956964, -0.003173733989228185 
24.19999999995694, -0.0028475247679230517 
24.209999999956917, -0.002288933296357437 
24.219999999956894, -0.001490440724783377 
24.22999999995687, -0.0004561246515971089 
24.239999999956847, 0.0005099610278705066 
24.249999999956824, 0.0014187712377803144 
24.2599999999568, 0.0023108512945030062 
24.269999999956777, 0.003047340419054434 
24.279999999956754, 0.003516279691706571 
24.28999999995673, 0.003649599296544562 
24.299999999956707, 0.0034180874931529362 
24.309999999956684, 0.0028215846072697647 
24.31999999995666, 0.0018895038664670286 
24.329999999956637, 0.0006913373250928133 
24.339999999956614, -0.00044929777870677455 
24.34999999995659, -0.0013741363087987509 
24.359999999956568, -0.0021807531533015174 
24.369999999956544, -0.0027839027988404664 
24.37999999995652, -0.003148021828343295 
24.389999999956498, -0.0032705530163012557 
24.399999999956474, -0.0031600284594144753 
24.40999999995645, -0.002820971091143488 
24.419999999956428, -0.002249109753258754 
24.429999999956404, -0.0014370824478214996 
24.43999999995638, -0.00039023938091523394 
24.449999999956358, 0.0005587323382329854 
24.459999999956334, 0.0014702895546531247 
24.46999999995631, 0.0023572210577774287 
24.479999999956288, 0.003081295969837688 
24.489999999956265, 0.003532814549803849 
24.49999999995624, 0.0036461561744362487 
24.509999999956218, 0.003393946695364762 
24.519999999956195, 0.0027775422564179004 
24.52999999995617, 0.0018282852896959543 
24.539999999956148, 0.0006182100357323084 
24.549999999956125, -0.0005043130601174072 
24.5599999999561, -0.0014256353192399912 
24.569999999956078, -0.0022226064793765222 
24.579999999956055, -0.002812886174812144 
24.58999999995603, -0.003163331413659197 
24.599999999956008, -0.0032725581909049555 
24.609999999955985, -0.003149181206183785 
24.61999999995596, -0.0027972584494289597 
24.62999999995594, -0.0022120962521244873 
24.639999999955915, -0.0013865390788848897 
24.64999999995589, -0.00032728054142790815 
24.65999999995587, 0.000608667516769512 
24.669999999955845, 0.0015225669745300215 
24.67999999995582, 0.0024039199421934526 
24.6899999999558, 0.0031152459638591865 
24.699999999955775, 0.003549152506507268 
24.709999999955752, 0.0036424444116637056 
24.71999999995573, 0.0033695516495743107 
24.729999999955705, 0.0027333511589665736 
24.739999999955682, 0.0017671533189804057 
24.74999999995566, 0.0005455517574480842 
24.759999999955635, -0.0005547610140455675 
24.769999999955612, -0.001472151291466973 
24.77999999995559, -0.0022592139518735764 
24.789999999955565, -0.002836524009388693 
24.799999999955542, -0.003173297878246168 
24.80999999995552, -0.0032692527317452437 
24.819999999955495, -0.0031330393692982107 
24.829999999955472, -0.002768237974939317 
24.83999999995545, -0.0021697528139800965 
24.849999999955426, -0.0013306881397607071 
24.859999999955402, -0.0002591545993349602 
24.86999999995538, 0.00065910165952945 
24.879999999955356, 0.0015748996077112574 
24.889999999955332, 0.0024502107511696542 
24.89999999995531, 0.0031484261275314617 
24.909999999955286, 0.0035645051218179875 
24.919999999955262, 0.003637651711452205 
24.92999999995524, 0.003344066280520127 
24.939999999955216, 0.0026881522907386793 
24.949999999955192, 0.0017052263274693561 
24.95999999995517, 0.0004724557192767209 
24.969999999955146, -0.0006081185747000403 
24.979999999955123, -0.001521192172569421 
24.9899999999551, -0.0022981100732438866 
24.999999999955076, -0.002862368698529298 
