t, s[1].omega / s[0].omega 
0, -1.269997254124506 
0.009999999999999995, -1.2695599887490254 
0.019999999999999934, -1.2690829204293237 
0.029999999999999874, -1.268743455117694 
0.04000000000000012, -1.2666691546705593 
0.050000000000000405, -1.2634168742086513 
0.06000000000000069, -1.2632520552888824 
0.07000000000000098, -1.2597372179215276 
0.08000000000000126, -1.2742739319325784 
0.09000000000000155, -1.2759216975900922 
0.10000000000000184, -1.2757050713642555 
0.11000000000000212, -1.2770284783253358 
0.12000000000000241, -1.2773559305880544 
0.130000000000002, -1.27706146400132 
0.1400000000000009, -1.2768997855128048 
0.1499999999999998, -1.276571700925683 
0.1599999999999987, -1.275801619476385 
0.1699999999999976, -1.275246667672594 
0.1799999999999965, -1.2746838307862358 
0.1899999999999954, -1.2669595903641817 
0.1999999999999943, -1.262329302706853 
0.2099999999999932, -1.2621337911473798 
0.2199999999999921, -1.263875511250618 
0.229999999999991, -1.2750645319585163 
0.2399999999999899, -1.275382622390899 
0.2499999999999888, -1.2753038139843682 
0.2599999999999877, -1.2756673001221406 
0.2699999999999866, -1.2755423840993418 
0.2799999999999855, -1.2751659649504752 
0.2899999999999844, -1.2749266546525322 
0.2999999999999833, -1.274281139630433 
0.3099999999999822, -1.2726993978484609 
0.3199999999999811, -1.2722016840172972 
0.32999999999998, -1.2710244005809417 
0.3399999999999789, -1.2511751563972244 
0.3499999999999778, -1.2531289245448425 
0.35999999999997667, -1.2528166464983381 
0.36999999999997557, -1.2555148994282959 
0.37999999999997447, -1.2587602539853966 
0.38999999999997337, -1.2587015297281885 
0.39999999999997227, -1.2586314273041561 
0.40999999999997117, -1.2586855136022514 
0.41999999999997006, -1.2584020611911642 
0.42999999999996896, -1.2579664700825144 
0.43999999999996786, -1.2577034734921086 
0.44999999999996676, -1.256743871284095 
0.45999999999996566, -1.2545003065054778 
0.46999999999996456, -1.254133092081188 
0.47999999999996346, -1.2524487154127875 
0.48999999999996235, -1.2359314268571904 
0.49999999999996125, -1.2395755060727962 
0.5099999999999602, -1.2392324948158697 
0.519999999999959, -1.2420136366441787 
0.529999999999958, -1.2446091274671165 
0.5399999999999568, -1.2445064375195467 
0.5499999999999557, -1.24446110474479 
0.5599999999999546, -1.2445177923677608 
0.5699999999999535, -1.244240693549464 
0.5799999999999524, -1.24382817230778 
0.5899999999999513, -1.2435770047797738 
0.5999999999999502, -1.2427163195033688 
0.6099999999999491, -1.2408682475856163 
0.619999999999948, -1.2404925058707739 
0.6299999999999469, -1.2389643554929841 
0.6399999999999458, -1.2186600693431495 
0.6499999999999447, -1.2199450512274017 
0.6599999999999436, -1.2195840657985422 
0.6699999999999425, -1.2236663345152532 
0.6799999999999414, -1.2291474759239762 
0.6899999999999403, -1.2291578995099868 
0.6999999999999392, -1.2291946735557044 
0.7099999999999381, -1.2295629674719646 
0.719999999999937, -1.2294447442337384 
0.7299999999999359, -1.2291199838165359 
0.7399999999999348, -1.2289331463084776 
0.7499999999999337, -1.2284526026388076 
0.7599999999999326, -1.2275125209639934 
0.7699999999999315, -1.2270836580936122 
0.7799999999999304, -1.226300172724846 
0.7899999999999293, -1.2187949777048441 
0.7999999999999282, -1.2160549365968538 
0.8099999999999271, -1.2157503233834972 
0.819999999999926, -1.2155810549850947 
0.8299999999999249, -1.2344004763810368 
0.8399999999999238, -1.2347946619593346 
0.8499999999999227, -1.2348470330372512 
0.8599999999999216, -1.2363139480865055 
0.8699999999999205, -1.2365416561384026 
0.8799999999999194, -1.2362749449913604 
0.8899999999999183, -1.2361993914317186 
0.8999999999999172, -1.235941842421482 
0.9099999999999161, -1.2353888367539267 
0.919999999999915, -1.2349949632358845 
0.9299999999999139, -1.2345037026666004 
0.9399999999999128, -1.2317725075565336 
0.9499999999999117, -1.229652342772112 
0.9599999999999106, -1.2293763115344594 
0.9699999999999095, -1.2214283630941238 
0.9799999999999084, -1.2248332470169525 
0.9899999999999073, -1.225536862290076 
0.9999999999999062, -1.2254026090611332 
1.0099999999999052, -1.2291577424960884 
1.019999999999904, -1.2300444712676286 
1.029999999999903, -1.22980457632771 
1.039999999999902, -1.2299081041043214 
1.0499999999999008, -1.2298590772819915 
1.0599999999998997, -1.2294972038434853 
1.0699999999998986, -1.2291733217501613 
1.0799999999998975, -1.2288532133830217 
1.0899999999998964, -1.2277459894232066 
1.0999999999998953, -1.2264620803370665 
1.1099999999998942, -1.2261948135655847 
1.119999999999893, -1.2219677946468528 
1.129999999999892, -1.2069064232861917 
1.1399999999998909, -1.2074304427089118 
1.1499999999998898, -1.2066497483016365 
1.1599999999998887, -1.218085395380345 
1.1699999999998876, -1.2224416071958264 
1.1799999999998865, -1.2222300834422666 
1.1899999999998854, -1.2227716684668148 
1.1999999999998843, -1.223341200687522 
1.2099999999998832, -1.2231762909800294 
1.219999999999882, -1.2229520448319506 
1.229999999999881, -1.2228070297616553 
1.2399999999998799, -1.222362340648823 
1.2499999999998788, -1.2217098919108242 
1.2599999999998777, -1.2214270014633846 
1.2699999999998766, -1.2203298924089818 
1.2799999999998755, -1.216175897482024 
1.2899999999998744, -1.2154525120992103 
1.2999999999998733, -1.2146782546357018 
1.3099999999998722, -1.2033374801733836 
1.319999999999871, -1.211521664202213 
1.32999999999987, -1.2114301983053757 
1.3399999999998689, -1.2125720959342075 
1.3499999999998678, -1.216523179494917 
1.3599999999998666, -1.216801591601224 
1.3699999999998655, -1.2166392966716546 
1.3799999999998644, -1.2168617851189105 
1.3899999999998633, -1.2167782790564334 
1.3999999999998622, -1.216420847358944 
1.4099999999998611, -1.2161921621333154 
1.41999999999986, -1.215802043470379 
1.429999999999859, -1.214820755689786 
1.4399999999998578, -1.2141025914679378 
1.4499999999998567, -1.2137071141342068 
1.4599999999998556, -1.2085612625935702 
1.4699999999998545, -1.2017606836520722 
1.4799999999998534, -1.2017583719429599 
1.4899999999998523, -1.1996948014068802 
1.4999999999998512, -1.2182289565998687 
1.5099999999998501, -1.2208105951261596 
1.519999999999849, -1.2205311907297867 
1.529999999999848, -1.2221186234276813 
1.5399999999998468, -1.2229832382928676 
1.5499999999998457, -1.222776175033691 
1.5599999999998446, -1.2226901052809358 
1.5699999999998435, -1.2226020970455418 
1.5799999999998424, -1.2222245462653503 
1.5899999999998413, -1.2217694735017897 
1.5999999999998402, -1.2215039398603493 
1.6099999999998391, -1.2204115621546834 
1.619999999999838, -1.2182320688591266 
1.629999999999837, -1.2179166201789988 
1.6399999999998358, -1.2162002822629863 
1.6499999999998347, -1.195556622150152 
1.6599999999998336, -1.1967538247602636 
1.6699999999998325, -1.196386100046041 
1.6799999999998314, -1.2010379012091792 
1.6899999999998303, -1.2086455502067752 
1.6999999999998292, -1.2087330752600436 
1.709999999999828, -1.208813926063227 
1.719999999999827, -1.2095176905584382 
1.729999999999826, -1.2095412052987382 
1.7399999999998248, -1.2092620695816996 
1.7499999999998237, -1.209147099648715 
1.7599999999998226, -1.208844240159515 
1.7699999999998215, -1.2082448251811067 
1.7799999999998204, -1.2078448560694959 
1.7899999999998193, -1.2073765979846496 
1.7999999999998182, -1.204878237409129 
1.809999999999817, -1.2027600927133804 
1.819999999999816, -1.2025201391427882 
1.8299999999998149, -1.1956889336771745 
1.8399999999998138, -1.1838077431683136 
1.8499999999998127, -1.1847754934144388 
1.8599999999998116, -1.1842466921346377 
1.8699999999998105, -1.1921963255508155 
1.8799999999998094, -1.1952906515801716 
1.8899999999998083, -1.1950952609302183 
1.8999999999998072, -1.1955204908080674 
1.909999999999806, -1.1960494480963113 
1.919999999999805, -1.1959146319646994 
1.9299999999998039, -1.1956909173749246 
1.9399999999998028, -1.1955850338614165 
1.9499999999998017, -1.1952282191770585 
1.9599999999998006, -1.1946641623555152 
1.9699999999997995, -1.1943800481651101 
1.9799999999997984, -1.1937120621365342 
1.9899999999997973, -1.1914235565408493 
1.9999999999997962, -1.1904040213603009 
2.0099999999998173, -1.189954051993458 
2.0199999999998384, -1.1784125324669301 
2.0299999999998595, -1.1685598527974168 
2.0399999999998806, -1.1687181254786096 
2.0499999999999017, -1.1678177461382557 
2.059999999999923, -1.1844052507773513 
2.069999999999944, -1.1870004831544563 
2.079999999999965, -1.186740573469842 
2.089999999999986, -1.1880252629096117 
2.100000000000007, -1.1889964776075943 
2.1100000000000283, -1.1888478685505557 
2.1200000000000494, -1.1887586192346526 
2.1300000000000705, -1.188768880779657 
2.1400000000000916, -1.1885093107766522 
2.1500000000001127, -1.188112751812185 
2.160000000000134, -1.1878960082629002 
2.170000000000155, -1.1873293356472086 
2.180000000000176, -1.1861430755372624 
2.190000000000197, -1.185629345198184 
2.2000000000002182, -1.1850241988142316 
2.2100000000002393, -1.1786720276227542 
2.2200000000002604, -1.1745449809385573 
2.2300000000002815, -1.1743910967304487 
2.2400000000003026, -1.169954173372506 
2.2500000000003237, -1.1815880032142856 
2.260000000000345, -1.1831355235375223 
2.270000000000366, -1.1827906946130058 
2.280000000000387, -1.1868364388755368 
2.290000000000408, -1.1887906523113687 
2.3000000000004293, -1.1886135702385823 
2.3100000000004504, -1.188786807456006 
2.3200000000004715, -1.189056109061508 
2.3300000000004926, -1.1888841070596234 
2.3400000000005137, -1.1886081581903913 
2.3500000000005348, -1.188457869824441 
2.360000000000556, -1.1880382428191696 
2.370000000000577, -1.1873511209425425 
2.380000000000598, -1.1870234651714917 
2.390000000000619, -1.1863640146916075 
2.4000000000006403, -1.183386532535525 
2.4100000000006614, -1.181877605775431 
2.4200000000006825, -1.1815344558296668 
2.4300000000007036, -1.1714028688954539 
2.4400000000007247, -1.1595009758246992 
2.450000000000746, -1.1599409570817052 
2.460000000000767, -1.1591691589323911 
2.470000000000788, -1.1728080925840836 
2.480000000000809, -1.1765237312699781 
2.49000000000083, -1.176293825791128 
2.5000000000008513, -1.1772723207727125 
2.5100000000008724, -1.1784107227445486 
2.5200000000008935, -1.178346415429407 
2.5300000000009146, -1.1782123846584178 
2.5400000000009357, -1.1782666555415555 
2.550000000000957, -1.1780729587182048 
2.560000000000978, -1.1776902078162492 
2.570000000000999, -1.1774732100850687 
2.58000000000102, -1.177054781818779 
2.5900000000010412, -1.1761017630794623 
2.6000000000010624, -1.1754680216199882 
2.6100000000010835, -1.1750919847870764 
2.6200000000011046, -1.1717319799681003 
2.6300000000011257, -1.167177956496884 
2.6400000000011468, -1.1670807207930327 
2.650000000001168, -1.1643110180243048 
2.660000000001189, -1.152165808474043 
2.67000000000121, -1.155152133233622 
2.680000000001231, -1.1547680995385967 
2.6900000000012523, -1.1598207719889608 
2.7000000000012734, -1.1671834796101692 
2.7100000000012945, -1.1672938786409401 
2.7200000000013156, -1.1674173103469585 
2.7300000000013367, -1.168585302662453 
2.740000000001358, -1.1688175606886817 
2.750000000001379, -1.1685793818924815 
2.7600000000014, -1.1685984985285687 
2.770000000001421, -1.1685032538054965 
2.780000000001442, -1.1681502971743203 
2.7900000000014633, -1.1678416672596665 
2.8000000000014844, -1.1675954031163904 
2.8100000000015055, -1.166861392298218 
2.8200000000015266, -1.1659074603050992 
2.8300000000015477, -1.1656429564737005 
2.840000000001569, -1.164389085172994 
2.85000000000159, -1.1591352887600332 
2.860000000001611, -1.1581699644018835 
2.870000000001632, -1.1576273136418795 
2.8800000000016532, -1.1422042653222002 
2.8900000000016743, -1.1385017239761628 
2.9000000000016954, -1.1386761061194082 
2.9100000000017165, -1.138100264780262 
2.9200000000017377, -1.1535609497417825 
2.9300000000017588, -1.1562119906340205 
2.94000000000178, -1.1559549420366442 
2.950000000001801, -1.1574176494443449 
2.960000000001822, -1.1588302957720793 
2.970000000001843, -1.1587616519376127 
2.9800000000018643, -1.158705703487487 
2.9900000000018854, -1.158899729953094 
3.0000000000019065, -1.158793289459048 
3.0100000000019276, -1.1584802448149893 
3.0200000000019487, -1.1583262403125212 
3.03000000000197, -1.158028040109982 
3.040000000001991, -1.157426176071489 
3.050000000002012, -1.156964256956714 
3.060000000002033, -1.1566509268575371 
3.070000000002054, -1.1551780086652825 
3.0800000000020753, -1.1531597225002979 
3.0900000000020964, -1.1529276135233617 
3.1000000000021175, -1.1510889925216372 
3.1100000000021386, -1.136986399315068 
3.1200000000021597, -1.136028490043393 
3.130000000002181, -1.1356136833990391 
3.140000000002202, -1.131458522460333 
3.150000000002223, -1.1470045460174416 
3.160000000002244, -1.1474229338064101 
3.1700000000022652, -1.1472977572885301 
3.1800000000022863, -1.1540292965880632 
3.1900000000023074, -1.15582549044451 
3.2000000000023285, -1.1556087001245385 
3.2100000000023496, -1.1562066418947228 
3.2200000000023707, -1.1568406269980713 
3.230000000002392, -1.1567293716828468 
3.240000000002413, -1.1565683173534667 
3.250000000002434, -1.1565680748375347 
3.260000000002455, -1.1563504539606784 
3.2700000000024763, -1.1559540161583044 
3.2800000000024974, -1.155731127435853 
3.2900000000025185, -1.1553473696387466 
3.3000000000025396, -1.1544598489845 
3.3100000000025607, -1.153793763986539 
3.3200000000025818, -1.1534867768421193 
3.330000000002603, -1.1512345371757673 
3.340000000002624, -1.1473601811114673 
3.350000000002645, -1.147167415824503 
3.360000000002666, -1.1455099500909411 
3.3700000000026873, -1.1240287642755156 
3.3800000000027084, -1.123955860902925 
3.3900000000027295, -1.1236912924557176 
3.4000000000027506, -1.1243427364705016 
3.4100000000027717, -1.1448036199908802 
3.420000000002793, -1.1456046361473313 
3.430000000002814, -1.1454072119809011 
3.440000000002835, -1.1491980492310656 
3.450000000002856, -1.150781174881624 
3.460000000002877, -1.150596087235632 
3.4700000000028983, -1.1508806256268844 
3.4800000000029194, -1.1513174851486465 
3.4900000000029405, -1.1512179235736009 
3.5000000000029616, -1.1509970871034414 
3.5100000000029827, -1.1509457963866132 
3.520000000003004, -1.150706462937095 
3.530000000003025, -1.1502665645225725 
3.540000000003046, -1.1499939870703202 
3.550000000003067, -1.149639339275941 
3.5600000000030882, -1.1486627586238696 
3.5700000000031094, -1.1477780592439972 
3.5800000000031305, -1.1475222217477083 
3.5900000000031516, -1.1455338010097165 
3.6000000000031727, -1.1404042400687966 
3.6100000000031938, -1.1400457846763066 
3.620000000003215, -1.1390893804476696 
3.630000000003236, -1.1191223792180967 
3.640000000003257, -1.116873408250277 
3.650000000003278, -1.1168000755270053 
3.6600000000032993, -1.1157512130772305 
3.6700000000033204, -1.1368946963695001 
3.6800000000033415, -1.1388386669753827 
3.6900000000033626, -1.1385230277807248 
3.7000000000033837, -1.141779083928804 
3.710000000003405, -1.1442474867280858 
3.720000000003426, -1.1441697481437079 
3.730000000003447, -1.1443106645584735 
3.740000000003468, -1.144908211066848 
3.750000000003489, -1.1449425684439754 
3.7600000000035103, -1.1447006530265345 
3.7700000000035314, -1.1446763011799674 
3.7800000000035525, -1.1445282954644116 
3.7900000000035736, -1.1441500853259785 
3.8000000000035947, -1.1438465669404958 
3.810000000003616, -1.1436018668546015 
3.820000000003637, -1.1428950125675603 
3.830000000003658, -1.1420147612720097 
3.840000000003679, -1.1417577731533501 
3.8500000000037002, -1.140744792317207 
3.8600000000037213, -1.137141333886469 
3.8700000000037424, -1.1361246106345748 
3.8800000000037635, -1.135677527125753 
3.8900000000037847, -1.125238362901979 
3.9000000000038058, -1.1143751044367198 
3.910000000003827, -1.1145483830125547 
3.920000000003848, -1.1128198894740773 
3.930000000003869, -1.1238387768874125 
3.94000000000389, -1.1295638392729743 
3.9500000000039113, -1.1293019508863886 
3.9600000000039324, -1.132164036359205 
3.9700000000039535, -1.1388023733641433 
3.9800000000039746, -1.1391399236588955 
3.9900000000039957, -1.1390841640785976 
4.000000000004016, -1.1403103255754516 
4.010000000003993, -1.1407825303755426 
4.02000000000397, -1.1405656867949003 
4.030000000003946, -1.140608973050591 
4.040000000003923, -1.1406635582538946 
4.0500000000039, -1.140432909954424 
4.0600000000038765, -1.1401441801481937 
4.070000000003853, -1.1399967191128642 
4.08000000000383, -1.1396055249415316 
4.090000000003807, -1.138982092283358 
4.100000000003783, -1.138656024974389 
4.11000000000376, -1.1382102179625397 
4.120000000003737, -1.1366312624733979 
4.130000000003713, -1.1353373944288883 
4.14000000000369, -1.1350985026939155 
4.150000000003667, -1.1323040417422903 
4.1600000000036434, -1.123479804023144 
4.17000000000362, -1.1232239217436346 
4.180000000003597, -1.1223982100414989 
4.1900000000035735, -1.1052871569446334 
4.20000000000355, -1.1066039016976124 
4.210000000003527, -1.1066301343041218 
4.220000000003504, -1.1059889355642014 
4.23000000000348, -1.1252679169870845 
4.240000000003457, -1.1277915704459922 
4.250000000003434, -1.1274975320124114 
4.26000000000341, -1.1300929535858717 
4.270000000003387, -1.1327519114885696 
4.280000000003364, -1.132756189913564 
4.2900000000033405, -1.1328095422654538 
4.300000000003317, -1.1334724260628497 
4.310000000003294, -1.1336000691209729 
4.320000000003271, -1.1333589292421238 
4.330000000003247, -1.133350151215372 
4.340000000003224, -1.1332716332966184 
4.350000000003201, -1.132952632041503 
4.360000000003177, -1.1326490890681904 
4.370000000003154, -1.1324607964737081 
4.380000000003131, -1.1319382572267997 
4.390000000003107, -1.1311960465299709 
4.400000000003084, -1.1309026345805644 
4.410000000003061, -1.130298246244364 
4.4200000000030375, -1.1281761185530927 
4.430000000003014, -1.126936196445917 
4.440000000002991, -1.1266568628189042 
4.450000000002968, -1.1225038646313623 
4.460000000002944, -1.112919726899055 
4.470000000002921, -1.1129089875504048 
4.480000000002898, -1.1117920115246203 
4.490000000002874, -1.0949009812670387 
4.500000000002851, -1.097909358192076 
4.510000000002828, -1.0978349908097875 
4.520000000002804, -1.097511190413707 
4.530000000002781, -1.1178232042442988 
4.540000000002758, -1.1197652089543728 
4.5500000000027345, -1.1194529701881932 
4.560000000002711, -1.1227759172392304 
4.570000000002688, -1.1256679608291271 
4.580000000002665, -1.125639908325563 
4.590000000002641, -1.1257843533534866 
4.600000000002618, -1.1266417500208914 
4.610000000002595, -1.1268139581615106 
4.620000000002571, -1.126588058612202 
4.630000000002548, -1.1266471282245372 
4.640000000002525, -1.1266287915689384 
4.6500000000025015, -1.1263493421768678 
4.660000000002478, -1.126092305728248 
4.670000000002455, -1.1259350011616347 
4.6800000000024315, -1.1255088177354187 
4.690000000002408, -1.1249173467319513 
4.700000000002385, -1.1246520916637226 
4.710000000002362, -1.1241408723020512 
4.720000000002338, -1.122712449786645 
4.730000000002315, -1.1217815858709554 
4.740000000002292, -1.1215018620700394 
4.750000000002268, -1.1187991071030015 
4.760000000002245, -1.1132327858725248 
4.770000000002222, -1.113011935691998 
4.7800000000021985, -1.1119021582958968 
4.790000000002175, -1.0920874932185374 
4.800000000002152, -1.0889230977807478 
4.810000000002129, -1.0888229081804985 
4.820000000002105, -1.08562457237688 
4.830000000002082, -1.0994284075586689 
4.840000000002059, -1.101685215324711 
4.850000000002035, -1.101252121204105 
4.860000000002012, -1.1079615054436427 
4.870000000001989, -1.1159658944619035 
4.880000000001965, -1.1160706203454542 
4.890000000001942, -1.116309116743127 
4.900000000001919, -1.1188614948989666 
4.9100000000018955, -1.119568207767094 
4.920000000001872, -1.1193608479862924 
4.930000000001849, -1.1197282436230884 
4.940000000001826, -1.120090761190433 
4.950000000001802, -1.1199516027161098 
4.960000000001779, -1.1197835899472146 
4.970000000001756, -1.1197837806582802 
4.980000000001732, -1.1195967859161655 
4.990000000001709, -1.1192336694886864 
5.000000000001686, -1.1190300734748224 
5.0100000000016625, -1.1187548193646666 
5.020000000001639, -1.1181427498948084 
5.030000000001616, -1.1175745083042394 
5.0400000000015925, -1.1173419830171991 
5.050000000001569, -1.1163885254919779 
5.060000000001546, -1.1145947917889987 
5.070000000001523, -1.114140384486741 
5.080000000001499, -1.1135123712326422 
5.090000000001476, -1.1081932789561948 
5.100000000001453, -1.1045653371563182 
5.110000000001429, -1.1044332194018165 
5.120000000001406, -1.1006097321928991 
5.130000000001383, -1.0796953478275504 
5.1400000000013595, -1.0802615509777584 
5.150000000001336, -1.0797827213676283 
5.160000000001313, -1.075116366813343 
5.17000000000129, -1.0879823465096579 
5.180000000001266, -1.0884111671770325 
5.190000000001243, -1.0878131130819269 
5.20000000000122, -1.1018717190305367 
5.210000000001196, -1.106628634335728 
5.220000000001173, -1.1064402764626073 
5.23000000000115, -1.1078534611642301 
5.240000000001126, -1.1113055461104382 
5.250000000001103, -1.1116553940098595 
5.26000000000108, -1.1115245568706078 
5.2700000000010565, -1.1123379356105825 
5.280000000001033, -1.112781944141707 
5.29000000000101, -1.1125923554133395 
5.300000000000987, -1.1125775946674292 
5.310000000000963, -1.1126741347600575 
5.32000000000094, -1.112513665882595 
5.330000000000917, -1.1122252317263235 
5.340000000000893, -1.1121114389189957 
5.35000000000087, -1.1118584496229342 
5.360000000000847, -1.111385609175595 
5.3700000000008234, -1.1110341399964785 
5.3800000000008, -1.1107835624561797 
5.390000000000777, -1.1100046588205061 
5.4000000000007535, -1.1090219682661002 
5.41000000000073, -1.1087561065139842 
5.420000000000707, -1.1079577298007919 
5.430000000000684, -1.1050596446779741 
5.44000000000066, -1.1037936584085146 
5.450000000000637, -1.1034970950758702 
5.460000000000614, -1.0987886496599983 
5.47000000000059, -1.0891604518657112 
5.480000000000567, -1.0891500388633506 
5.490000000000544, -1.0880457463709468 
5.5000000000005205, -1.0673862556510825 
5.510000000000497, -1.0660209048596851 
5.520000000000474, -1.065978753374554 
5.5300000000004506, -1.063343337843559 
5.540000000000427, -1.0771576046283313 
5.550000000000404, -1.0801208937084847 
5.560000000000381, -1.0797344852238269 
5.570000000000357, -1.0856128966633642 
5.580000000000334, -1.0978234188306395 
5.590000000000311, -1.0981605181349692 
5.600000000000287, -1.0981569748905 
5.610000000000264, -1.1022218416439304 
5.620000000000241, -1.10376136777139 
5.6300000000002175, -1.103576574772238 
5.640000000000194, -1.1041085963453727 
5.650000000000171, -1.1050243992315643 
5.660000000000148, -1.105069565580402 
5.670000000000124, -1.1049100517742658 
5.680000000000101, -1.1051132579797056 
5.690000000000078, -1.1051487075631363 
5.700000000000054, -1.1048907984271614 
5.710000000000031, -1.1047451799232255 
5.720000000000008, -1.1046445056520162 
5.729999999999984, -1.1043285290587797 
5.739999999999961, -1.1039290746449737 
5.749999999999938, -1.1037433839380788 
5.7599999999999145, -1.1033409854119414 
5.769999999999891, -1.1025925634771438 
5.779999999999868, -1.1021074014048804 
5.789999999999845, -1.1018180897629748 
5.799999999999821, -1.100550543929606 
5.809999999999798, -1.0988454860347467 
5.819999999999775, -1.0985727016766338 
5.829999999999751, -1.0975984684217008 
5.839999999999728, -1.092092262441978 
5.849999999999705, -1.090033135599748 
5.8599999999996815, -1.0897922321275437 
5.869999999999658, -1.0840418185600558 
5.879999999999635, -1.0681259324621972 
5.8899999999996115, -1.068359017973269 
5.899999999999588, -1.0675737644154812 
5.909999999999565, -1.051758822203226 
5.919999999999542, -1.0520061393022617 
5.929999999999518, -1.05213653013899 
5.939999999999495, -1.0503657203690593 
5.949999999999472, -1.0641835577622538 
5.959999999999448, -1.069293951017941 
5.969999999999425, -1.0690345142839843 
5.979999999999402, -1.0720588179919066 
5.9899999999993785, -1.0876053388203046 
5.999999999999355, -1.088448626310129 
6.009999999999332, -1.0882015066285737 
6.019999999999309, -1.0924907641996702 
6.029999999999285, -1.0951394896559719 
6.039999999999262, -1.0950449617604023 
6.049999999999239, -1.0954272630078532 
6.059999999999215, -1.096802567352839 
6.069999999999192, -1.0970913810647616 
6.079999999999169, -1.096896949397689 
6.089999999999145, -1.097193441091386 
6.099999999999122, -1.097415585642747 
6.109999999999099, -1.0972360098104494 
6.1199999999990755, -1.0970875330471475 
6.129999999999052, -1.0970864540390532 
6.139999999999029, -1.0969017826275695 
6.149999999999006, -1.0965599630297507 
6.159999999998982, -1.0963863227721702 
6.169999999998959, -1.096147953364131 
6.179999999998936, -1.0956441193111461 
6.189999999998912, -1.0951743167199497 
6.199999999998889, -1.0949664597030335 
6.209999999998866, -1.0942985059646622 
6.2199999999988425, -1.0931898022786721 
6.229999999998819, -1.0927659899557909 
6.239999999998796, -1.0923180657000873 
6.2499999999987725, -1.0901027924169218 
6.259999999998749, -1.0880659191256745 
6.269999999998726, -1.0878780505285455 
6.279999999998703, -1.0860698579025012 
6.289999999998679, -1.0775015914367958 
6.299999999998656, -1.0762936884439154 
6.309999999998633, -1.0759159840952723 
6.319999999998609, -1.066023902391311 
6.329999999998586, -1.0518503467048108 
6.339999999998563, -1.0521411500574611 
6.3499999999985395, -1.0509587899982236 
6.359999999998516, -1.033421808654149 
6.369999999998493, -1.0347219327037707 
6.37999999999847, -1.0347080979235508 
6.389999999998446, -1.0319541535412056 
6.399999999998423, -1.0375196452465871 
6.4099999999984, -1.0407756618979997 
6.419999999998376, -1.0404390386495785 
6.429999999998353, -1.042140359761693 
6.43999999999833, -1.0632929983784163 
6.449999999998306, -1.0641403188712792 
6.459999999998283, -1.0636470040888955 
6.46999999999826, -1.0740065096228109 
6.4799999999982365, -1.0805259373103342 
6.489999999998213, -1.0804736237776595 
6.49999999999819, -1.0812094634840261 
6.509999999998167, -1.085769833555942 
6.519999999998143, -1.0866822898502533 
6.52999999999812, -1.0864752669931232 
6.539999999998097, -1.0874983933904416 
6.549999999998073, -1.088557944643967 
6.55999999999805, -1.0885219756549565 
6.569999999998027, -1.0884805758266842 
6.5799999999980034, -1.0888874785475335 
6.58999999999798, -1.0889961085111957 
6.599999999997957, -1.0887623428848425 
6.6099999999979335, -1.0887400604434825 
6.61999999999791, -1.088736551178664 
6.629999999997887, -1.0885079054268045 
6.639999999997864, -1.0882262454875469 
6.64999999999784, -1.0881142299835627 
6.659999999997817, -1.0878370105508548 
6.669999999997794, -1.0873718062891176 
6.67999999999777, -1.0870675353263533 
6.689999999997747, -1.0868205013704713 
6.699999999997724, -1.0861432758345957 
6.7099999999977005, -1.085369850001062 
6.719999999997677, -1.0851303738865024 
6.729999999997654, -1.0844782338464538 
6.7399999999976306, -1.082760221832247 
6.749999999997607, -1.081867932272481 
6.759999999997584, -1.08158974686572 
6.769999999997561, -1.079259649084868 
6.779999999997537, -1.075076006662408 
6.789999999997514, -1.07476496131212 
6.799999999997491, -1.0739095555969786 
6.809999999997467, -1.0637726400191474 
6.819999999997444, -1.0589626111769614 
6.829999999997421, -1.0588780672275395 
6.8399999999973975, -1.0553197903690685 
6.849999999997374, -1.033407432020081 
6.859999999997351, -1.0335175478799727 
6.869999999997328, -1.0331567648217825 
6.879999999997304, -1.0226734869495824 
6.889999999997281, -1.0110333059541683 
6.899999999997258, -1.0116521366828048 
6.909999999997234, -1.0107674050102888 
6.919999999997211, -0.9949234173008693 
6.929999999997188, -0.9940511655291306 
6.939999999997164, -0.9941954195133876 
6.949999999997141, -0.992079065214707 
6.959999999997118, -0.9719760310831596 
6.9699999999970945, -0.9725459336251893 
6.979999999997071, -0.9724266629808938 
6.989999999997048, -0.9676034937694843 
6.999999999997025, -0.9448425280981441 
7.009999999997001, -0.9447044236968207 
7.019999999996978, -0.9444117573120829 
7.029999999996955, -0.9384218110122404 
7.039999999996931, -0.9267714664541257 
7.049999999996908, -0.9263933596555278 
7.059999999996885, -0.925986025903564 
7.0699999999968615, -0.9225585212022421 
7.079999999996838, -0.9189383745137997 
7.089999999996815, -0.9186235586764032 
7.0999999999967915, -0.9182059097065848 
7.109999999996768, -0.9166711781685578 
7.119999999996745, -0.915414643872896 
7.129999999996722, -0.9151845336301199 
7.139999999996698, -0.9148455884547027 
7.149999999996675, -0.914138568225802 
7.159999999996652, -0.9135845945888663 
7.169999999996628, -0.9134310647633742 
7.179999999996605, -0.9132117729045167 
7.189999999996582, -0.9128548048900201 
7.1999999999965585, -0.912563472918479 
7.209999999996535, -0.9125135012447043 
7.219999999996512, -0.9124512237462223 
7.229999999996489, -0.9122623427717739 
7.239999999996465, -0.9121115347957683 
7.249999999996442, -0.9122718939510245 
7.259999999996419, -0.9124661547067684 
7.269999999996395, -0.912370730962073 
7.279999999996372, -0.9123545590690798 
7.289999999996349, -0.9130813678384992 
7.299999999996325, -0.913795171977592 
7.309999999996302, -0.9137429321667314 
7.319999999996279, -0.913955656371062 
7.3299999999962555, -0.9166107142045378 
7.339999999996232, -0.9184084853402805 
7.349999999996209, -0.9183370634024445 
7.359999999996186, -0.9190170336086637 
7.369999999996162, -0.928890401373924 
7.379999999996139, -0.9321608803886595 
7.389999999996116, -0.9319943499353983 
7.399999999996092, -0.9330501522794667 
7.409999999996069, -0.9560692402399021 
7.419999999996046, -0.9587886864878971 
7.4299999999960225, -0.9584408535392012 
7.439999999995999, -0.9574679308578159 
7.449999999995976, -0.973464124900398 
7.4599999999959525, -0.9745312677922536 
7.469999999995929, -0.9738378309007126 
7.479999999995906, -0.9651225327690023 
7.489999999995883, -0.9681462427063895 
7.499999999995859, -0.9684562637564792 
7.509999999995836, -0.9669832772226866 
7.519999999995813, -0.9452158510041647 
7.529999999995789, -0.9425447815668513 
7.539999999995766, -0.942547965851607 
7.549999999995743, -0.9399720322137329 
7.5599999999957195, -0.9230317817254006 
7.569999999995696, -0.9206938983916279 
7.579999999995673, -0.9205523018947634 
7.58999999999565, -0.9183417947369392 
7.599999999995626, -0.91300466992471 
7.609999999995603, -0.9119500359541127 
7.61999999999558, -0.9117466944850843 
7.629999999995556, -0.9105344344463374 
7.639999999995533, -0.9089055980051866 
7.64999999999551, -0.9084063144534602 
7.659999999995486, -0.9082072175705859 
7.669999999995463, -0.9075968387922326 
7.67999999999544, -0.9069544671593928 
7.6899999999954165, -0.9066908032153246 
7.699999999995393, -0.9065530955998709 
7.70999999999537, -0.9062551242249446 
7.719999999995347, -0.9059282280250952 
7.729999999995323, -0.9058207096182319 
7.7399999999953, -0.9058211149276972 
7.749999999995277, -0.9057248911758295 
7.759999999995253, -0.9055209023477159 
7.76999999999523, -0.9056276375272417 
7.779999999995207, -0.9059588574205508 
7.789999999995183, -0.9060585774621412 
7.79999999999516, -0.9059029301561884 
7.809999999995137, -0.9065361549050052 
7.8199999999951135, -0.9078428935995904 
7.82999999999509, -0.9081768249885392 
7.839999999995067, -0.9080076472334426 
7.849999999995044, -0.9104652616981904 
7.85999999999502, -0.9150306277554542 
7.869999999994997, -0.9155419899012046 
7.879999999994974, -0.9152165903969748 
7.88999999999495, -0.9242943587593487 
7.899999999994927, -0.9367012601303856 
7.909999999994904, -0.9370798126965306 
7.9199999999948805, -0.9362318548367351 
7.929999999994857, -0.9477815548825669 
7.939999999994834, -0.9581830481916115 
7.9499999999948106, -0.9582591945048448 
7.959999999994787, -0.9559935568953536 
7.969999999994764, -0.9443108771177587 
7.979999999994741, -0.9463405058040326 
7.989999999994717, -0.9462065283144213 
7.999999999994694, -0.9412534352782452 
8.00999999999467, -0.9193283854652172 
8.019999999994647, -0.9187801997146102 
8.029999999994624, -0.9185204193603862 
8.0399999999946, -0.9145255376349345 
8.049999999994577, -0.907350972103481 
8.059999999994554, -0.9067284368895934 
8.06999999999453, -0.9064260925257308 
8.079999999994508, -0.9046717584305728 
8.089999999994484, -0.9027712041735475 
8.099999999994461, -0.9023912104701902 
8.109999999994438, -0.9021273375033202 
8.119999999994414, -0.901383617009141 
8.129999999994391, -0.9007038418449851 
8.139999999994368, -0.900481897828136 
8.149999999994344, -0.9003099303172324 
8.159999999994321, -0.8999752511471444 
8.169999999994298, -0.8996502224210081 
8.179999999994275, -0.8995678324111342 
8.189999999994251, -0.8995547105971211 
8.199999999994228, -0.8994346864965995 
8.209999999994205, -0.8992446749549609 
8.219999999994181, -0.8994021271868745 
8.229999999994158, -0.899748629315385 
8.239999999994135, -0.8998094417379211 
8.249999999994111, -0.8996785844634798 
8.259999999994088, -0.9005209914273128 
8.269999999994065, -0.9019632866959195 
8.279999999994041, -0.9022195702634772 
8.289999999994018, -0.9020748600047499 
8.299999999993995, -0.9056478255583162 
8.309999999993972, -0.910883512473817 
8.319999999993948, -0.911251252303128 
8.329999999993925, -0.9108521839916432 
8.339999999993902, -0.9240225935669851 
8.349999999993878, -0.9365956881198227 
8.359999999993855, -0.9368080519955713 
8.369999999993832, -0.9355129016160261 
8.379999999993808, -0.9389590176852944 
8.389999999993785, -0.9446407410389996 
8.399999999993762, -0.944616919494837 
8.409999999993738, -0.9411964218398967 
8.419999999993715, -0.9173190509818202 
8.429999999993692, -0.9167219800604075 
8.439999999993669, -0.9165519484948168 
8.449999999993645, -0.9127976648480286 
8.459999999993622, -0.9026256462666179 
8.469999999993599, -0.9016118410798322 
8.479999999993575, -0.9013777573889189 
8.489999999993552, -0.8995969514654504 
8.499999999993529, -0.8971981642849853 
8.509999999993505, -0.8966634140957276 
8.519999999993482, -0.8964410707738072 
8.529999999993459, -0.8956906354441985 
8.539999999993436, -0.8949277325703406 
8.549999999993412, -0.8946460869095724 
8.559999999993389, -0.8944950719825527 
8.569999999993366, -0.8941691490674442 
8.579999999993342, -0.8938281348965729 
8.589999999993319, -0.8937136970349827 
8.599999999993296, -0.8937142575112924 
8.609999999993272, -0.8936272753600428 
8.619999999993249, -0.8934276494775515 
8.629999999993226, -0.8935469893969146 
8.639999999993202, -0.8939455988306173 
8.64999999999318, -0.8941098307737977 
8.659999999993156, -0.893952001846927 
8.669999999993133, -0.8946957399526043 
8.67999999999311, -0.8965366530586402 
8.689999999993086, -0.89708121431158 
8.699999999993063, -0.8968735096124234 
8.70999999999304, -0.8999806709373213 
8.719999999993016, -0.9080747731007134 
8.729999999992993, -0.908977579235563 
8.73999999999297, -0.908549412600976 
8.749999999992946, -0.9164803957409179 
8.759999999992923, -0.9356583878737883 
8.7699999999929, -0.9362802411414622 
8.779999999992876, -0.9353471767791606 
8.789999999992853, -0.9234201249463387 
8.79999999999283, -0.923317394154384 
8.809999999992806, -0.923494627467197 
8.819999999992783, -0.9218589231633134 
8.82999999999276, -0.9046416077338403 
8.839999999992736, -0.9001002290514618 
8.849999999992713, -0.9000473989839916 
8.85999999999269, -0.8986797919453523 
8.869999999992666, -0.8943102862476487 
8.879999999992643, -0.8927855290230415 
8.88999999999262, -0.8926417583135139 
8.899999999992596, -0.8919130557584379 
8.909999999992573, -0.8907474545061916 
8.91999999999255, -0.8901749128419324 
8.929999999992527, -0.8900383888788593 
8.939999999992503, -0.8896880355997488 
8.94999999999248, -0.8892510788741311 
8.959999999992457, -0.888995454836636 
8.969999999992433, -0.8889531365334902 
8.97999999999241, -0.8888534998064854 
8.989999999992387, -0.8886410501313796 
8.999999999992363, -0.8885693833963504 
9.00999999999234, -0.888813646716913 
9.019999999992317, -0.8890438463365474 
9.029999999992294, -0.8889236426886491 
9.03999999999227, -0.889094974709583 
9.049999999992247, -0.8904342123874712 
9.059999999992224, -0.8914405358237333 
9.0699999999922, -0.8913485971876757 
9.079999999992177, -0.8920178699634114 
9.089999999992154, -0.899117361059579 
9.09999999999213, -0.9020169095394542 
9.109999999992107, -0.9018797906118518 
9.119999999992084, -0.9023672787581708 
9.12999999999206, -0.9260938124715291 
9.139999999992037, -0.9296021359697384 
9.149999999992014, -0.9293330158286722 
9.15999999999199, -0.9231667355911091 
9.169999999991967, -0.9123033620753949 
9.179999999991944, -0.9131686001682638 
9.18999999999192, -0.9127504524691593 
9.199999999991897, -0.9045418385210059 
9.209999999991874, -0.893308345519153 
9.21999999999185, -0.8930813256081959 
9.229999999991827, -0.8926442338899842 
9.239999999991804, -0.8899599278272944 
9.24999999999178, -0.8875687895685126 
9.259999999991757, -0.8872688201942162 
9.269999999991734, -0.8869433994589808 
9.27999999999171, -0.8860789763278186 
9.289999999991688, -0.885372020363121 
9.299999999991664, -0.8851735996791554 
9.309999999991641, -0.8849912734598863 
9.319999999991618, -0.8846618018204353 
9.329999999991594, -0.8843587520047953 
9.339999999991571, -0.8843053949765814 
9.349999999991548, -0.8843289598340361 
9.359999999991524, -0.8842427625048674 
9.369999999991501, -0.8840746392003224 
9.379999999991478, -0.8843448836096609 
9.389999999991455, -0.8849049636564132 
9.399999999991431, -0.8850524347473989 
9.409999999991408, -0.88491773415266 
9.419999999991385, -0.8863607600520372 
9.429999999991361, -0.8891183674363969 
9.439999999991338, -0.889576915294791 
9.449999999991315, -0.8893137210959962 
9.459999999991291, -0.8962208966197569 
9.469999999991268, -0.9084506208536881 
9.479999999991245, -0.9090271040633289 
9.489999999991221, -0.9082768516397444 
9.499999999991198, -0.9102200378093664 
9.509999999991175, -0.9187683258269764 
9.519999999991152, -0.9190245561985461 
9.529999999991128, -0.9174808769166012 
9.539999999991105, -0.8966117319906538 
9.549999999991082, -0.8912626017203941 
9.559999999991058, -0.8912507893054864 
9.569999999991035, -0.8898780720405878 
9.579999999991012, -0.8847210186460291 
9.589999999990988, -0.8828807927299881 
9.599999999990965, -0.8827465945962201 
9.609999999990942, -0.8820499413181053 
9.619999999990918, -0.8808580304352159 
9.629999999990895, -0.880242296544007 
9.639999999990872, -0.8801095547645758 
9.649999999990849, -0.8797955706257158 
9.659999999990825, -0.8793873631419872 
9.669999999990802, -0.8791307943333175 
9.679999999990779, -0.87910668285178 
9.689999999990755, -0.8790583458316881 
9.699999999990732, -0.8788825954618484 
9.709999999990709, -0.8788074860671676 
9.719999999990685, -0.8791519739891506 
9.729999999990662, -0.8795538697967498 
9.739999999990639, -0.8794949350583166 
9.749999999990616, -0.8796080167657871 
9.759999999990592, -0.8816386460014535 
9.769999999990569, -0.8834917993375935 
9.779999999990546, -0.8835043389067757 
9.789999999990522, -0.8836914130145093 
9.799999999990499, -0.8961036265718805 
9.809999999990476, -0.9023489416362704 
9.819999999990452, -0.9023347736276958 
9.829999999990429, -0.900693525085585 
9.839999999990406, -0.905806583504112 
9.849999999990382, -0.9092537036809174 
9.85999999999036, -0.9091267333479193 
9.869999999990336, -0.9045729887668206 
9.879999999990313, -0.8851667277330586 
9.88999999999029, -0.8840042142075204 
9.899999999990266, -0.8838065808193634 
9.909999999990243, -0.8816260112896565 
9.91999999999022, -0.8780490537924545 
9.929999999990196, -0.877313900355399 
9.939999999990173, -0.8771205041407473 
9.94999999999015, -0.8763542098647739 
9.959999999990126, -0.8755149919373049 
9.969999999990103, -0.8751768183959033 
9.97999999999008, -0.87505267279706 
9.989999999990056, -0.8747724689199908 
9.999999999990033, -0.8744549646765265 
10.00999999999001, -0.8743321860652212 
10.019999999989986, -0.8743944141333617 
10.029999999989963, -0.8744112571124673 
10.03999999998994, -0.8742415246808293 
10.049999999989916, -0.8743775517016428 
10.059999999989893, -0.8751243218168568 
10.06999999998987, -0.8756584137876245 
10.079999999989846, -0.8755282763146468 
10.089999999989823, -0.8762894443574558 
10.0999999999898, -0.8810132857159179 
10.109999999989776, -0.8829666699187453 
10.119999999989753, -0.8827996839596778 
10.12999999998973, -0.8840529874166873 
10.139999999989707, -0.90753091580716 
10.149999999989683, -0.910699536604646 
10.15999999998966, -0.9104170486398487 
10.169999999989637, -0.9033281617114468 
10.179999999989613, -0.8869521028733997 
10.18999999998959, -0.8874744565417964 
10.199999999989567, -0.8871048360007772 
10.209999999989543, -0.8817922307728556 
10.21999999998952, -0.8747590074105561 
10.229999999989497, -0.8743123226670226 
10.239999999989474, -0.8739955902748152 
10.24999999998945, -0.8725773883448414 
10.259999999989427, -0.8712596167614671 
10.269999999989404, -0.8709415965969802 
10.27999999998938, -0.870740441310107 
10.289999999989357, -0.8702877260518839 
10.299999999989334, -0.8698715061209761 
10.30999999998931, -0.8697275891056543 
10.319999999989287, -0.8696938541189259 
10.329999999989264, -0.8695826167939705 
10.33999999998924, -0.8693806618863757 
10.349999999989217, -0.8694874659556169 
10.359999999989194, -0.8699193809516171 
10.36999999998917, -0.8701550407293327 
10.379999999989147, -0.8700002270304709 
10.389999999989124, -0.8708341471924186 
10.3999999999891, -0.8736949605301019 
10.409999999989077, -0.8747044912417706 
10.419999999989054, -0.8744826825707414 
10.42999999998903, -0.8776169480533139 
10.439999999989007, -0.8959109102583367 
10.449999999988984, -0.897844165850337 
10.45999999998896, -0.897451978704009 
10.469999999988937, -0.8904269226020041 
10.479999999988914, -0.883265513053067 
10.48999999998889, -0.8839023298609543 
10.499999999988868, -0.8833932752730667 
10.509999999988844, -0.8763342484880435 
10.519999999988821, -0.8692003573898208 
10.529999999988798, -0.8689282332501085 
10.539999999988774, -0.8685347962108217 
10.549999999988751, -0.8669564814515927 
10.559999999988728, -0.865669824985373 
10.569999999988704, -0.8654035735840815 
10.579999999988681, -0.8651807186249292 
10.589999999988658, -0.8647238065218609 
10.599999999988635, -0.8643278018363301 
10.609999999988611, -0.8642099587223536 
10.619999999988588, -0.8641843310712771 
10.629999999988565, -0.8640796879544892 
10.639999999988541, -0.8638893682215059 
10.649999999988518, -0.8640567127473215 
10.659999999988495, -0.8645764218145325 
10.669999999988471, -0.8648265492265891 
10.679999999988448, -0.8646693224274473 
10.689999999988425, -0.8658181804267916 
10.699999999988401, -0.8694972283623003 
10.709999999988378, -0.8705359463822612 
10.719999999988355, -0.8702736995855735 
10.729999999988332, -0.8742534202604494 
10.739999999988308, -0.8961776825013384 
10.749999999988285, -0.8978108800600252 
10.759999999988262, -0.8973423162541563 
10.769999999988238, -0.8858002806016909 
10.779999999988215, -0.8710864101667666 
10.789999999988192, -0.8713941085058983 
10.799999999988168, -0.8708720740155718 
10.809999999988145, -0.8659898869424569 
10.819999999988122, -0.8617032208294724 
10.829999999988098, -0.8614037346779326 
10.839999999988075, -0.8610611750078297 
10.849999999988052, -0.8600136265256616 
10.859999999988029, -0.8591743663458428 
10.869999999988005, -0.8589497574585054 
10.879999999987982, -0.858787491454061 
10.889999999987959, -0.8584848973598377 
10.899999999987935, -0.8581947418006753 
10.909999999987912, -0.8581519724134188 
10.919999999987889, -0.8582571340907806 
10.929999999987865, -0.8582765828265243 
10.939999999987842, -0.858114869988081 
10.949999999987819, -0.8585122789014628 
10.959999999987796, -0.859715501678122 
10.969999999987772, -0.8602792170087318 
10.979999999987749, -0.8600997964267441 
10.989999999987726, -0.8621835341645164 
10.999999999987702, -0.8719775868845685 
11.009999999987679, -0.8738072933597778 
11.019999999987656, -0.8734965190917746 
11.029999999987632, -0.871535261873478 
11.039999999987609, -0.8779586940874887 
11.049999999987586, -0.8790978280273535 
11.059999999987562, -0.8786806652174652 
11.06999999998754, -0.8711668309189096 
11.079999999987516, -0.8612624499364119 
11.089999999987493, -0.8609028372083379 
11.09999999998747, -0.8605648231608981 
11.109999999987446, -0.8589296627524058 
11.119999999987423, -0.8574459973253106 
11.1299999999874, -0.8571168231544997 
11.139999999987376, -0.8569206001912405 
11.149999999987353, -0.8564762000664459 
11.15999999998733, -0.8560706552737647 
11.169999999987306, -0.8559313988789377 
11.179999999987283, -0.8559248216663458 
11.18999999998726, -0.8558565357258674 
11.199999999987236, -0.8556701049707119 
11.209999999987213, -0.855816173202084 
11.21999999998719, -0.8564470190716073 
11.229999999987166, -0.856863452594264 
11.239999999987143, -0.8567188339208233 
11.24999999998712, -0.8576883474507637 
11.259999999987096, -0.8629245343899549 
11.269999999987073, -0.8648369189750911 
11.27999999998705, -0.8646444217406151 
11.289999999987026, -0.8652845152882666 
11.299999999987003, -0.8877178010242073 
11.30999999998698, -0.8904028845620235 
11.319999999986956, -0.8901182718782898 
11.329999999986933, -0.8823218689021088 
11.33999999998691, -0.8633251499100877 
11.349999999986887, -0.8629466046456292 
11.359999999986863, -0.8626582091203012 
11.36999999998684, -0.8603135230073483 
11.379999999986817, -0.8575680314008707 
11.389999999986793, -0.8570658151671209 
11.39999999998677, -0.8568618269662068 
11.409999999986747, -0.8562438078540128 
11.419999999986723, -0.8556544362703029 
11.4299999999867, -0.8554199090908129 
11.439999999986677, -0.8553474595224156 
11.449999999986654, -0.8551915973169061 
11.45999999998663, -0.8549655383174622 
11.469999999986607, -0.8549618178753419 
11.479999999986584, -0.8552743481701487 
11.48999999998656, -0.8555379597785225 
11.499999999986537, -0.8554094163097091 
11.509999999986514, -0.8558425647277127 
11.51999999998649, -0.8584925743064064 
11.529999999986467, -0.8600919684716093 
11.539999999986444, -0.8599818907559211 
11.54999999998642, -0.8607777722320874 
11.559999999986397, -0.8818876993745352 
11.569999999986374, -0.8865946567766114 
11.57999999998635, -0.8864348498094777 
11.589999999986327, -0.8814592187050466 
11.599999999986304, -0.8587016352298061 
11.60999999998628, -0.8584244996443411 
11.619999999986257, -0.8582290267536824 
11.629999999986234, -0.8556444664759287 
11.63999999998621, -0.8512393152208443 
11.649999999986187, -0.8504142139999633 
11.659999999986164, -0.8502425760477242 
11.66999999998614, -0.8495624443350211 
11.679999999986117, -0.8488205382232444 
11.689999999986094, -0.8484930432640347 
11.69999999998607, -0.8484093804729751 
11.709999999986048, -0.8482346361743158 
11.719999999986024, -0.8479955491543818 
11.729999999986001, -0.8479168761285802 
11.739999999985978, -0.8481580020816792 
11.749999999985954, -0.8484389542605462 
11.759999999985931, -0.8483537600025288 
11.769999999985908, -0.848525851859149 
11.779999999985884, -0.8508096435697696 
11.789999999985861, -0.8529178697226182 
11.799999999985838, -0.8529463369679383 
11.809999999985815, -0.8528556687976906 
11.819999999985791, -0.8716848933043398 
11.829999999985768, -0.8806029123827538 
11.839999999985745, -0.8806409297027689 
11.849999999985721, -0.8780254889488941 
11.859999999985698, -0.8536749221872678 
11.869999999985675, -0.8509692214340354 
11.879999999985651, -0.850905956340141 
11.889999999985628, -0.8494326423855935 
11.899999999985605, -0.8458621244115584 
11.909999999985581, -0.8446733886630939 
11.919999999985558, -0.8445395529882278 
11.929999999985535, -0.8440731987480489 
11.939999999985512, -0.8434544440060708 
11.949999999985488, -0.8430967734108323 
11.959999999985465, -0.8430333579472243 
11.969999999985442, -0.8429481296126754 
11.979999999985418, -0.8427747896735381 
11.989999999985395, -0.8426590718847068 
11.999999999985372, -0.8429942464849189 
12.009999999985348, -0.8435478924834191 
12.019999999985325, -0.8436155085225722 
12.029999999985302, -0.843554894727129 
12.039999999985278, -0.846548951612766 
12.049999999985255, -0.8512601941416676 
12.059999999985232, -0.851679227271451 
12.069999999985209, -0.8511183687142593 
12.079999999985185, -0.8583542398569425 
12.089999999985162, -0.8702864001197197 
12.099999999985139, -0.8706700476072153 
12.109999999985115, -0.8695991675206584 
12.119999999985092, -0.8568546323144448 
12.129999999985069, -0.8506906438165626 
12.139999999985045, -0.8506165944926662 
12.149999999985022, -0.8500029684566972 
12.159999999984999, -0.8481994113521562 
12.169999999984976, -0.8471049515263104 
12.179999999984952, -0.8469250046423739 
12.189999999984929, -0.8466742349589522 
12.199999999984906, -0.846264320156214 
12.209999999984882, -0.8459449056494508 
12.219999999984859, -0.8458981499361651 
12.229999999984836, -0.8459392025186611 
12.239999999984812, -0.8458866418087265 
12.249999999984789, -0.8457352039938077 
12.259999999984766, -0.8461717024029295 
12.269999999984742, -0.8472283637938496 
12.27999999998472, -0.847622971040096 
12.289999999984696, -0.8474352953085589 
12.299999999984673, -0.8503312691608607 
12.30999999998465, -0.8602884159664911 
12.319999999984626, -0.8616536435223895 
12.329999999984603, -0.8612508658009681 
12.33999999998458, -0.856218315039655 
12.349999999984556, -0.8523399100573147 
12.359999999984533, -0.8529690531843414 
12.36999999998451, -0.8525145276144208 
12.379999999984486, -0.8474156952692186 
12.389999999984463, -0.8422667694845168 
12.39999999998444, -0.8418719119847611 
12.409999999984416, -0.8415936239651701 
12.419999999984393, -0.8406829293362229 
12.42999999998437, -0.8399058829213711 
12.439999999984346, -0.8396589974480945 
12.449999999984323, -0.8395514749191275 
12.4599999999843, -0.8393400057871626 
12.469999999984276, -0.8390948629533451 
12.479999999984253, -0.8390847658029202 
12.48999999998423, -0.8393559771161926 
12.499999999984206, -0.8395840966575566 
12.509999999984183, -0.8394528468590465 
12.51999999998416, -0.8399340850039791 
12.529999999984136, -0.842883197723561 
12.539999999984113, -0.8446561284374567 
12.54999999998409, -0.8445522222317866 
12.559999999984067, -0.8448893216428307 
12.569999999984043, -0.8682083155417514 
12.57999999998402, -0.8731408599264742 
12.589999999983997, -0.8730095316417008 
12.599999999983973, -0.8683410876811699 
12.60999999998395, -0.8477676338908141 
12.619999999983927, -0.8463840649542842 
12.629999999983903, -0.8462275278741166 
12.63999999998388, -0.8447156348428344 
12.649999999983857, -0.8424101844773332 
12.659999999983834, -0.841711836768275 
12.66999999998381, -0.8415735712839173 
12.679999999983787, -0.8411625532067228 
12.689999999983764, -0.8407046242512646 
12.69999999998374, -0.840464039791467 
12.709999999983717, -0.8404585738595236 
12.719999999983694, -0.840447814800507 
12.72999999998367, -0.8403040495014984 
12.739999999983647, -0.8402821205932208 
12.749999999983624, -0.8409467563580819 
12.7599999999836, -0.8418114471073859 
12.769999999983577, -0.841851888627122 
12.779999999983554, -0.8418924566172601 
12.78999999998353, -0.8484509014386946 
12.799999999983507, -0.8551644223977413 
12.809999999983484, -0.8553924337636019 
12.81999999998346, -0.8542811250345098 
12.829999999983437, -0.8443116650675954 
12.839999999983414, -0.8434702803075277 
12.84999999998339, -0.8435814117080315 
12.859999999983367, -0.8423635830898482 
12.869999999983344, -0.8365980516163551 
12.87999999998332, -0.8342159550895026 
12.889999999983297, -0.8340773250774308 
12.899999999983274, -0.8336351393848954 
12.90999999998325, -0.8328490097933662 
12.919999999983228, -0.8323478301191533 
12.929999999983204, -0.8322371155934538 
12.939999999983181, -0.8321408117416944 
12.949999999983158, -0.8319709111027812 
12.959999999983134, -0.831794208204469 
12.969999999983111, -0.8320052373664069 
12.979999999983088, -0.8325406868645681 
12.989999999983064, -0.832754159954113 
12.999999999983041, -0.8325998397728943 
13.009999999983018, -0.8345327643897288 
13.019999999982995, -0.8406197092721038 
13.029999999982971, -0.8418267365683533 
13.039999999982948, -0.8414797633355385 
13.049999999982925, -0.8399522056301445 
13.059999999982901, -0.8444296602398039 
13.069999999982878, -0.8453233509218002 
13.079999999982855, -0.8449258057247674 
13.089999999982831, -0.8398611847027021 
13.099999999982808, -0.8340187165898577 
13.109999999982785, -0.8335311310577093 
13.119999999982761, -0.8332868793334937 
13.129999999982738, -0.8324285432835535 
13.139999999982715, -0.8316596523574349 
13.149999999982692, -0.8313925873029733 
13.159999999982668, -0.8313049720145854 
13.169999999982645, -0.8311287013404404 
13.179999999982622, -0.8309007798479581 
13.189999999982598, -0.8308899748895824 
13.199999999982575, -0.8312387376225089 
13.209999999982552, -0.8315950585068924 
13.219999999982528, -0.8314983351523547 
13.229999999982505, -0.8318845690174502 
13.239999999982482, -0.836034654685783 
13.249999999982458, -0.8389865740840555 
13.259999999982435, -0.8389771635449981 
13.269999999982412, -0.8380945917122313 
13.279999999982389, -0.8485204643957701 
13.289999999982365, -0.8528295891939806 
13.299999999982342, -0.852813974122168 
13.309999999982319, -0.8504131343444054 
13.319999999982295, -0.840221838249702 
13.329999999982272, -0.8380354435047709 
13.339999999982249, -0.8379231246228561 
13.349999999982225, -0.8371838658819876 
13.359999999982202, -0.8360265227438008 
13.369999999982179, -0.8354584332198965 
13.379999999982156, -0.8353481108702647 
13.389999999982132, -0.8351445812957872 
13.399999999982109, -0.8348738689966889 
13.409999999982086, -0.8346930145008675 
13.419999999982062, -0.8348187303165799 
13.429999999982039, -0.8350745304959134 
13.439999999982016, -0.835080331422677 
13.449999999981992, -0.8350080815867733 
13.459999999981969, -0.8365592766861092 
13.469999999981946, -0.8393359788136822 
13.479999999981922, -0.8397550313841873 
13.4899999999819, -0.8393895889711332 
13.499999999981876, -0.8490240751107022 
13.509999999981853, -0.8678099457208877 
13.51999999998183, -0.8684521162010765 
13.529999999981806, -0.8675977351863454 
13.539999999981783, -0.8520069445841106 
13.54999999998176, -0.8421940981738881 
13.559999999981736, -0.842169384658174 
13.569999999981713, -0.8416046204027563 
13.57999999998169, -0.8394351757268029 
13.589999999981666, -0.8380032546050795 
13.599999999981643, -0.8377807094948103 
13.60999999998162, -0.837544002119836 
13.619999999981596, -0.8371084726695128 
13.629999999981573, -0.8367558679745022 
13.63999999998155, -0.8366787412804374 
13.649999999981526, -0.8367202218434896 
13.659999999981503, -0.8366950027832515 
13.66999999998148, -0.8365325730866072 
13.679999999981456, -0.8368940312279405 
13.689999999981433, -0.8380616068265222 
13.69999999998141, -0.8386758112432771 
13.709999999981386, -0.8385032379117936 
13.719999999981363, -0.8405289094718402 
13.72999999998134, -0.8539736715221221 
13.739999999981316, -0.8565526313733948 
13.749999999981293, -0.8562929227775845 
13.75999999998127, -0.8501859406515858 
13.769999999981247, -0.8308685445280372 
13.779999999981223, -0.8309590390208256 
13.7899999999812, -0.8307212579317007 
13.799999999981177, -0.8283170177550401 
13.809999999981153, -0.8251383322254343 
13.81999999998113, -0.8244913716775502 
13.829999999981107, -0.8243366309147939 
13.839999999981083, -0.8238584896588668 
13.84999999998106, -0.8233764116494651 
13.859999999981037, -0.8231528066616001 
13.869999999981014, -0.823156053176813 
13.87999999998099, -0.8231570159752204 
13.889999999980967, -0.823019457443071 
13.899999999980944, -0.8230403267144882 
13.90999999998092, -0.8239325214129387 
13.919999999980897, -0.8250753571409039 
13.929999999980874, -0.8251414870813116 
13.93999999998085, -0.8251021090415029 
13.949999999980827, -0.8362892381663414 
13.959999999980804, -0.8468258088681191 
13.96999999998078, -0.8470872249404003 
13.979999999980757, -0.8456742421773688 
13.989999999980734, -0.8239049745052841 
13.99999999998071, -0.8170272954837089 
14.009999999980687, -0.8170427076268771 
14.019999999980664, -0.8163031915823075 
14.02999999998064, -0.8141510986630439 
14.039999999980617, -0.8129966197572281 
14.049999999980594, -0.8128251740230203 
14.05999999998057, -0.8126108167930637 
14.069999999980547, -0.8122777452767187 
14.079999999980524, -0.8120114738056191 
14.0899999999805, -0.8120261475278852 
14.099999999980477, -0.8122335764441797 
14.109999999980454, -0.8123470577780421 
14.11999999998043, -0.8122019072108173 
14.129999999980408, -0.8130790126333352 
14.139999999980384, -0.8166370444448035 
14.149999999980361, -0.8180862662972389 
14.159999999980338, -0.8178862573511837 
14.169999999980314, -0.817496048423239 
14.179999999980291, -0.8288945327724638 
14.189999999980268, -0.8307605898432471 
14.199999999980244, -0.8305648564629754 
14.209999999980221, -0.827162646330028 
14.219999999980198, -0.8206580970909342 
14.229999999980175, -0.8196613550859569 
14.239999999980151, -0.8195099604500673 
14.249999999980128, -0.8188710159205507 
14.259999999980105, -0.8181707194648504 
14.269999999980081, -0.8178450816311246 
14.279999999980058, -0.8177936929195896 
14.289999999980035, -0.8177107767819248 
14.299999999980011, -0.8175432391351445 
14.309999999979988, -0.8174838403105074 
14.319999999979965, -0.8180074264758882 
14.329999999979941, -0.8188159116110111 
14.339999999979918, -0.8189083951435061 
14.349999999979895, -0.8188359858553212 
14.359999999979872, -0.825418578831156 
14.369999999979848, -0.83492606246873 
14.379999999979825, -0.8353962291247143 
14.389999999979802, -0.8344759415211778 
14.399999999979778, -0.8158109200825644 
14.409999999979755, -0.805471387207043 
14.419999999979732, -0.8055431888722814 
14.429999999979708, -0.8049815020339498 
14.439999999979685, -0.8028790681388955 
14.449999999979662, -0.801544665490894 
14.459999999979638, -0.8013134525777578 
14.469999999979615, -0.8011466032208625 
14.479999999979592, -0.8008523953829648 
14.489999999979569, -0.8005878723936831 
14.499999999979545, -0.8005860829644894 
14.509999999979522, -0.8008643506099219 
14.519999999979499, -0.8011207980492789 
14.529999999979475, -0.8009988614923493 
14.539999999979452, -0.8016309309740421 
14.549999999979429, -0.8070308497446239 
14.559999999979405, -0.8101874546564088 
14.569999999979382, -0.8101408429195223 
14.579999999979359, -0.8079427336934284 
14.589999999979335, -0.78830050731983 
14.599999999979312, -0.786410930799659 
14.609999999979289, -0.7863806844165709 
14.619999999979266, -0.785332647379206 
14.629999999979242, -0.7832319701020695 
14.639999999979219, -0.7823570902712033 
14.649999999979196, -0.7822342448995754 
14.659999999979172, -0.7820526686663116 
14.669999999979149, -0.7818135183266263 
14.679999999979126, -0.7816250294906338 
14.689999999979102, -0.7818069401681945 
14.69999999997908, -0.7823770045960227 
14.709999999979056, -0.7826982183394836 
14.719999999979033, -0.7825329958887829 
14.72999999997901, -0.784782551627708 
14.739999999978986, -0.7994429984120008 
14.749999999978963, -0.802278060112835 
14.75999999997894, -0.8020606651918708 
14.769999999978916, -0.7962868102356653 
14.779999999978893, -0.7796754322652335 
14.78999999997887, -0.7783846442996963 
14.799999999978846, -0.7782530480061196 
14.809999999978823, -0.7775063424011799 
14.8199999999788, -0.7766653140066293 
14.829999999978776, -0.7762910220912731 
14.839999999978753, -0.7762476317498311 
14.84999999997873, -0.776220709575442 
14.859999999978706, -0.7761194308783378 
14.869999999978683, -0.7760350275441066 
14.87999999997866, -0.7768868051086597 
14.889999999978636, -0.778844610863506 
14.899999999978613, -0.7793847897966707 
14.90999999997859, -0.7790627569859848 
14.919999999978566, -0.781927485183853 
14.929999999978543, -0.7945702214924681 
14.93999999997852, -0.7954987041815584 
14.949999999978496, -0.7951607299641895 
14.959999999978473, -0.791897198006957 
14.96999999997845, -0.7884405166877365 
14.979999999978427, -0.7878890835525789 
14.989999999978403, -0.7877417989701259 
14.99999999997838, -0.7873416276286225 
15.009999999978357, -0.7869668922178489 
15.019999999978333, -0.7868131131603084 
15.02999999997831, -0.7869296718573151 
15.039999999978287, -0.7871353384782411 
15.049999999978263, -0.7870885298835172 
15.05999999997824, -0.7871376515242687 
15.069999999978217, -0.7900350868983553 
15.079999999978194, -0.7944463855709606 
15.08999999997817, -0.7948280198289283 
15.099999999978147, -0.7940725475067216 
15.109999999978124, -0.7798801718079921 
15.1199999999781, -0.7693870874139624 
15.129999999978077, -0.7694942408780332 
15.139999999978054, -0.7690529064737255 
15.14999999997803, -0.7674220857095069 
15.159999999978007, -0.7663278682803945 
15.169999999977984, -0.7660762031807066 
15.17999999997796, -0.7659942817455565 
15.189999999977937, -0.7658553269065242 
15.199999999977914, -0.765671029959166 
15.20999999997789, -0.7657505528348283 
15.219999999977867, -0.7666238811909143 
15.229999999977844, -0.7677330342918164 
15.23999999997782, -0.7677741278929869 
15.249999999977797, -0.7675412541273252 
15.259999999977774, -0.7839651323554299 
15.26999999997775, -0.7951254572594467 
15.279999999977727, -0.7953704301085399 
15.289999999977704, -0.7943305937692149 
15.29999999997768, -0.7885109487683525 
15.309999999977657, -0.7857792975535582 
15.319999999977634, -0.785592228549883 
15.32999999997761, -0.785316656620454 
15.339999999977588, -0.7848175823905598 
15.349999999977564, -0.7844573309201176 
15.359999999977541, -0.7843925312006242 
15.369999999977518, -0.7845102484537613 
15.379999999977494, -0.7846115621023658 
15.389999999977471, -0.7844765770176885 
15.399999999977448, -0.7850200278380817 
15.409999999977424, -0.7885805354021767 
15.419999999977401, -0.7909296519002605 
15.429999999977378, -0.7908739802674097 
15.439999999977355, -0.7890640738478961 
15.449999999977331, -0.7732640131930831 
15.459999999977308, -0.7715820393837864 
15.469999999977285, -0.7715671754534437 
15.479999999977261, -0.7706101068362537 
15.489999999977238, -0.7687071080460308 
15.499999999977215, -0.7678803305883699 
15.509999999977191, -0.7677577114956432 
15.519999999977168, -0.7676232855209814 
15.529999999977145, -0.7674417222148268 
15.539999999977121, -0.7672701620624153 
15.549999999977098, -0.7675383111608918 
15.559999999977075, -0.768463765314892 
15.569999999977052, -0.7690644134984239 
15.579999999977028, -0.7689037646066863 
15.589999999977005, -0.7704907918323194 
15.599999999976982, -0.7946038259189796 
15.609999999976958, -0.798578168027932 
15.619999999976935, -0.798457509721012 
15.629999999976912, -0.7953797679978374 
15.639999999976888, -0.78758129264122 
15.649999999976865, -0.7861516860147661 
15.659999999976842, -0.7860365809547478 
15.669999999976818, -0.7855624995721306 
15.679999999976795, -0.7849998179982106 
15.689999999976772, -0.7846960063234635 
15.699999999976749, -0.7846906158143575 
15.709999999976725, -0.7847661048214489 
15.719999999976702, -0.7847375797176414 
15.729999999976679, -0.7846343747453436 
15.739999999976655, -0.7857683748182274 
15.749999999976632, -0.7887623000839444 
15.759999999976609, -0.7895823847420357 
15.769999999976585, -0.7892586628955869 
15.779999999976562, -0.7878704445309993 
15.789999999976539, -0.7870175205541681 
15.799999999976515, -0.7876457667569797 
15.809999999976492, -0.7873807426661168 
15.819999999976469, -0.78511167129036 
15.829999999976446, -0.7826236351447855 
15.839999999976422, -0.7820675234454185 
15.849999999976399, -0.7819497284298608 
15.859999999976376, -0.7816596587574056 
15.869999999976352, -0.7813651268419013 
15.879999999976329, -0.7812408606453535 
15.889999999976306, -0.7814613180994004 
15.899999999976282, -0.7818681548542363 
15.90999999997626, -0.7819080941241323 
15.919999999976236, -0.781859831093066 
15.929999999976213, -0.7865100373240892 
15.93999999997619, -0.7952738869695267 
15.949999999976166, -0.795951009695499 
15.959999999976143, -0.7952589090281696 
15.96999999997612, -0.7804238629330474 
15.979999999976096, -0.7676525448287802 
15.989999999976073, -0.767484143391498 
15.99999999997605, -0.767185466411744 
16.009999999976028, -0.7661928984169267 
16.019999999976005, -0.7654505137122251 
16.02999999997598, -0.7652211029708006 
16.039999999975958, -0.7652011913520952 
16.049999999975935, -0.765175576913579 
16.05999999997591, -0.7650406589287552 
16.069999999975888, -0.7651407691370977 
16.079999999975865, -0.7666701980727229 
16.08999999997584, -0.7687979632004625 
16.099999999975818, -0.768981011949399 
16.109999999975795, -0.768324034107683 
16.11999999997577, -0.7649320634013528 
16.129999999975748, -0.7622757396760803 
16.139999999975725, -0.7624739021887593 
16.1499999999757, -0.761934635358101 
16.15999999997568, -0.7599081782265948 
16.169999999975655, -0.7586619936150907 
16.17999999997563, -0.758418144723273 
16.18999999997561, -0.7583211634633076 
16.199999999975585, -0.758160282912531 
16.20999999997556, -0.7579696629498746 
16.21999999997554, -0.7580575914906424 
16.229999999975515, -0.7589155679115439 
16.239999999975492, -0.7599897094348484 
16.24999999997547, -0.760019161493185 
16.259999999975445, -0.7597651675174814 
16.269999999975422, -0.7756914590707644 
16.2799999999754, -0.785348042976742 
16.289999999975375, -0.7855707420985242 
16.299999999975352, -0.7845956433887464 
16.30999999997533, -0.779916901619605 
16.319999999975305, -0.777677305747917 
16.329999999975282, -0.7774804865530017 
16.33999999997526, -0.7772476581329688 
16.349999999975235, -0.7768479908396382 
16.359999999975212, -0.776544745797928 
16.36999999997519, -0.7765212939278066 
16.379999999975166, -0.7767448460093197 
16.389999999975142, -0.7769658256090171 
16.39999999997512, -0.7768463144134914 
16.409999999975096, -0.7774957458832275 
16.419999999975072, -0.783923362445515 
16.42999999997505, -0.7878504305547578 
16.439999999975026, -0.7878471471300326 
16.449999999975002, -0.7853663890701629 
16.45999999997498, -0.761868226838769 
16.469999999974956, -0.7578357944090267 
16.479999999974932, -0.7577938157720379 
16.48999999997491, -0.7572042997122403 
16.499999999974886, -0.7562008015071732 
16.509999999974863, -0.7556720560273887 
16.51999999997484, -0.7555797090182221 
16.529999999974816, -0.7555808570306927 
16.539999999974793, -0.7555556508637806 
16.54999999997477, -0.7554130602149801 
16.559999999974746, -0.7559901700378696 
16.569999999974723, -0.7588012841073428 
16.5799999999747, -0.7605553727532266 
16.589999999974676, -0.7604525567474578 
16.599999999974653, -0.7580679123573116 
16.60999999997463, -0.7362339105430368 
16.619999999974606, -0.7337427881080704 
16.629999999974583, -0.7337073669575807 
16.63999999997456, -0.733032196712755 
16.649999999974536, -0.7319994062264898 
16.659999999974513, -0.7315021849161877 
16.66999999997449, -0.7314317429502362 
16.679999999974466, -0.7314756431851681 
16.689999999974443, -0.7315046181944356 
16.69999999997442, -0.731371004067033 
16.709999999974396, -0.7321969516257009 
16.719999999974373, -0.737582771089457 
16.72999999997435, -0.7405785008948699 
16.739999999974327, -0.7405238598154454 
16.749999999974303, -0.7375074538679655 
16.75999999997428, -0.7205387412008487 
16.769999999974257, -0.7175395296317676 
16.779999999974233, -0.7174571155535255 
16.78999999997421, -0.7171059194699002 
16.799999999974187, -0.7166371016490833 
16.809999999974163, -0.7163588522453097 
16.81999999997414, -0.7164060414192387 
16.829999999974117, -0.7167971770894639 
16.839999999974093, -0.7171981817098788 
16.84999999997407, -0.7170894277394428 
16.859999999974047, -0.7178355799348484 
16.869999999974024, -0.739943654575514 
16.879999999974, -0.7468398187982631 
16.889999999973977, -0.7468975749195842 
16.899999999973954, -0.745574376322543 
16.90999999997393, -0.7418095104395845 
16.919999999973907, -0.740425259078059 
16.929999999973884, -0.7402810458346052 
16.93999999997386, -0.740113987317853 
16.949999999973837, -0.7398905775107526 
16.959999999973814, -0.7396980003583687 
16.96999999997379, -0.7398846355808473 
16.979999999973767, -0.7407697531910212 
16.989999999973744, -0.7415736686497606 
16.99999999997372, -0.7414827590279052 
17.009999999973697, -0.7415234098503684 
17.019999999973674, -0.7579880218003276 
17.02999999997365, -0.7618233900125959 
17.039999999973627, -0.7618582530004154 
17.049999999973604, -0.7606724619272347 
17.05999999997358, -0.7576847685835679 
17.069999999973557, -0.756513027122678 
17.079999999973534, -0.7563744643135207 
17.08999999997351, -0.7562039715467505 
17.099999999973488, -0.7559754975776798 
17.109999999973464, -0.7557815474259557 
17.11999999997344, -0.7559632777772441 
17.129999999973418, -0.7567138853426526 
17.139999999973394, -0.7573090419036522 
17.14999999997337, -0.7571792472330593 
17.159999999973348, -0.7581859919083636 
17.169999999973324, -0.78158096596895 
17.1799999999733, -0.7868804935654292 
17.189999999973278, -0.7868381082102134 
17.199999999973254, -0.7845777695613272 
17.20999999997323, -0.7779057965286803 
17.219999999973208, -0.776250924558025 
17.229999999973185, -0.7761383375109336 
17.23999999997316, -0.7757727008976065 
17.249999999973138, -0.7753031182886371 
17.259999999973115, -0.7750187916605442 
17.26999999997309, -0.7750367579666092 
17.279999999973068, -0.7752133177967017 
17.289999999973045, -0.7752911610181437 
17.29999999997302, -0.7751558355438275 
17.309999999972998, -0.7764931543305684 
17.319999999972975, -0.782023889602064 
17.32999999997295, -0.7837728088116299 
17.339999999972928, -0.783542019025979 
17.349999999972905, -0.7779554353764977 
17.35999999997288, -0.7543726828219149 
17.36999999997286, -0.7533116102845737 
17.379999999972835, -0.7531923091171889 
17.38999999997281, -0.7523206417946134 
17.39999999997279, -0.7513096222910589 
17.409999999972765, -0.7508873184837223 
17.41999999997274, -0.750840556009213 
17.42999999997272, -0.750831300439538 
17.439999999972695, -0.7507643289599598 
17.449999999972672, -0.7506611311568397 
17.45999999997265, -0.7516699794340758 
17.469999999972625, -0.7547646165366083 
17.479999999972602, -0.7558014901100459 
17.48999999997258, -0.7555207016308543 
17.499999999972555, -0.7499270869504011 
17.509999999972532, -0.7281370508038914 
17.51999999997251, -0.7274075717090273 
17.529999999972485, -0.7272818929036344 
17.539999999972462, -0.72648674343 
17.54999999997244, -0.7256628104176013 
17.559999999972415, -0.7253184854882007 
17.569999999972392, -0.7253152698256659 
17.57999999997237, -0.7254206682107426 
17.589999999972346, -0.7254486487558693 
17.599999999972322, -0.7253319285274628 
17.6099999999723, -0.7272487495062826 
17.619999999972276, -0.7358670689127041 
17.629999999972252, -0.7379821947979402 
17.63999999997223, -0.7377597083942756 
17.649999999972206, -0.7328107578807209 
17.659999999972182, -0.7221515520486925 
17.66999999997216, -0.72084741557341 
17.679999999972136, -0.7207488772478264 
17.689999999972112, -0.7203994025091013 
17.69999999997209, -0.7200408458882819 
17.709999999972066, -0.7198491759245017 
17.719999999972043, -0.7200305031327926 
17.72999999997202, -0.7206300817106979 
17.739999999971996, -0.7209953298739791 
17.749999999971973, -0.7208125295325408 
17.75999999997195, -0.723131033838974 
17.769999999971926, -0.7465034310676238 
17.779999999971903, -0.7490636079230472 
17.78999999997188, -0.7489463646190151 
17.799999999971856, -0.747116442413905 
17.809999999971833, -0.7442180981871399 
17.81999999997181, -0.7433834765935377 
17.829999999971786, -0.7432856232558425 
17.839999999971763, -0.7431095266644406 
17.84999999997174, -0.7429070455816987 
17.859999999971716, -0.7427622975445122 
17.869999999971693, -0.743133035385964 
17.87999999997167, -0.7442532796649214 
17.889999999971646, -0.7448462652058195 
17.899999999971623, -0.7446403929050858 
17.9099999999716, -0.7459175316898513 
17.919999999971576, -0.7611896397151902 
17.929999999971553, -0.7628045177078857 
17.93999999997153, -0.7626702946828334 
17.949999999971507, -0.7608967922491218 
17.959999999971483, -0.7582604760156924 
17.96999999997146, -0.7574938629492985 
17.979999999971437, -0.7573950851601671 
17.989999999971413, -0.7571974280773601 
17.99999999997139, -0.756971333904084 
18.009999999971367, -0.7568269988307588 
18.019999999971343, -0.7571469623248891 
18.02999999997132, -0.7579941983893852 
18.039999999971297, -0.7583747963984829 
18.049999999971273, -0.7581642113618365 
18.05999999997125, -0.7619146718251437 
18.069999999971227, -0.7858275925427476 
18.079999999971204, -0.7879779530493918 
18.08999999997118, -0.7877287843169112 
18.099999999971157, -0.7838623042663635 
18.109999999971134, -0.7778823038578834 
18.11999999997111, -0.777005601136147 
18.129999999971087, -0.7768746181340372 
18.139999999971064, -0.7764286526924726 
18.14999999997104, -0.7759803017597761 
18.159999999971017, -0.7757628402007078 
18.169999999970994, -0.7758286099503574 
18.17999999997097, -0.7760051824398183 
18.189999999970947, -0.7759994127895269 
18.199999999970924, -0.7759383292451563 
18.2099999999709, -0.7781641110203695 
18.219999999970877, -0.7832680407199166 
18.229999999970854, -0.7840518463244736 
18.23999999997083, -0.7835645095439779 
18.249999999970807, -0.772133093060459 
18.259999999970784, -0.7543042019077869 
18.26999999997076, -0.7541695762951545 
18.279999999970737, -0.7539200563472578 
18.289999999970714, -0.7528133373119 
18.29999999997069, -0.75189307538181 
18.309999999970668, -0.7515904544911727 
18.319999999970644, -0.7515616135064439 
18.32999999997062, -0.7515370635043227 
18.339999999970598, -0.751424298322504 
18.349999999970574, -0.7514297561436737 
18.35999999997055, -0.7528600438050972 
18.369999999970528, -0.7556097063982735 
18.379999999970504, -0.7560578933513796 
18.38999999997048, -0.7555249692409837 
18.399999999970458, -0.7452445951010793 
18.409999999970434, -0.7304626107269917 
18.41999999997041, -0.730446681651587 
18.429999999970388, -0.7301843744182692 
18.439999999970365, -0.7291624032067437 
18.44999999997034, -0.7283841715413594 
18.459999999970318, -0.7281306166939505 
18.469999999970295, -0.7281461989484691 
18.47999999997027, -0.7282217021137073 
18.489999999970248, -0.7281653505772424 
18.499999999970225, -0.7281703241875876 
18.5099999999702, -0.731052029200204 
18.519999999970178, -0.7375362261212687 
18.529999999970155, -0.7383333983101245 
18.53999999997013, -0.737793842471099 
18.549999999970108, -0.7279473114036182 
18.559999999970085, -0.7180825903735568 
18.56999999997006, -0.7175491741710973 
18.57999999997004, -0.7173975562496419 
18.589999999970015, -0.7169593827733947 
18.59999999996999, -0.7165996570715535 
18.60999999996997, -0.716470934588348 
18.619999999969945, -0.7167185627304592 
18.62999999996992, -0.7172918704754352 
18.6399999999699, -0.7174565939362764 
18.649999999969875, -0.7172442622206582 
18.659999999969852, -0.7243422819948341 
18.66999999996983, -0.7456086688737958 
18.679999999969805, -0.7466972462453528 
18.689999999969782, -0.7463786705295493 
18.69999999996976, -0.7437475575126784 
18.709999999969735, -0.7412523122248172 
18.719999999969712, -0.7407356424290874 
18.72999999996969, -0.7406427865493068 
18.739999999969665, -0.7404481569796628 
18.749999999969642, -0.7402431319828338 
18.75999999996962, -0.7401735033619473 
18.769999999969595, -0.7407372424179349 
18.779999999969572, -0.7419518896921539 
18.78999999996955, -0.7422820097647993 
18.799999999969526, -0.7419620835796586 
18.809999999969502, -0.7459599248828978 
18.81999999996948, -0.7559713866078426 
18.829999999969456, -0.756657191239121 
18.839999999969432, -0.7563544698542107 
18.84999999996941, -0.7542570265322187 
18.859999999969386, -0.752340834248461 
18.869999999969362, -0.7518862395263344 
18.87999999996934, -0.7517981616934606 
18.889999999969316, -0.7516233154766763 
18.899999999969292, -0.7514267650163973 
18.90999999996927, -0.7513720830341061 
18.919999999969246, -0.7519677420927159 
18.929999999969223, -0.7531402256127164 
18.9399999999692, -0.753404485939167 
18.949999999969176, -0.7530910957275452 
18.959999999969153, -0.7602355321687267 
18.96999999996913, -0.776238499563474 
18.979999999969106, -0.7769867170254449 
18.989999999969083, -0.776566933606315 
18.99999999996906, -0.773279998273587 
19.009999999969036, -0.7704612872633128 
19.019999999969013, -0.7700186025242719 
19.02999999996899, -0.7698807352071518 
19.039999999968966, -0.7695601268224953 
19.049999999968943, -0.7692642543875244 
19.05999999996892, -0.7691746778565393 
19.069999999968896, -0.7694352723024768 
19.079999999968873, -0.7698673060511628 
19.08999999996885, -0.7698791874890075 
19.099999999968826, -0.7698929830225738 
19.109999999968803, -0.77671447459631 
19.11999999996878, -0.7868874350479232 
19.129999999968756, -0.7874029309492743 
19.139999999968733, -0.786533683846005 
19.14999999996871, -0.7732709812379612 
19.159999999968687, -0.7650126795906266 
19.169999999968663, -0.7648172748256835 
19.17999999996864, -0.7645236757499732 
19.189999999968617, -0.7637566813475802 
19.199999999968593, -0.7632072274704574 
19.20999999996857, -0.7630432009739773 
19.219999999968547, -0.7630775074422861 
19.229999999968523, -0.7631318439310658 
19.2399999999685, -0.7630157152875208 
19.249999999968477, -0.7632212225384974 
19.259999999968453, -0.7658297594552391 
19.26999999996843, -0.7689158165814244 
19.279999999968407, -0.7690848159019804 
19.289999999968384, -0.7680228438772662 
19.29999999996836, -0.7491584880781138 
19.309999999968337, -0.740640941102531 
19.319999999968314, -0.7406705356450515 
19.32999999996829, -0.7402333660956656 
19.339999999968267, -0.7391199980635409 
19.349999999968244, -0.7384460638307057 
19.35999999996822, -0.7382822706924804 
19.369999999968197, -0.7382944984616254 
19.379999999968174, -0.7383225473837489 
19.38999999996815, -0.7382017844659275 
19.399999999968127, -0.7384664732647758 
19.409999999968104, -0.7416587112744658 
19.41999999996808, -0.7453762720759795 
19.429999999968057, -0.7455664777474268 
19.439999999968034, -0.7443147304916812 
19.44999999996801, -0.7253746532564576 
19.459999999967987, -0.7175544247680973 
19.469999999967964, -0.717444322272752 
19.47999999996794, -0.7171526938805093 
19.489999999967917, -0.7165509307328851 
19.499999999967894, -0.7161579676486065 
19.50999999996787, -0.7160802801826337 
19.519999999967848, -0.7162977903268525 
19.529999999967824, -0.7166566808625261 
19.5399999999678, -0.7166295184233719 
19.549999999967778, -0.7167250498230155 
19.559999999967754, -0.7295435588957659 
19.56999999996773, -0.7434230287023104 
19.579999999967708, -0.7438346653455444 
19.589999999967684, -0.7430652274345417 
19.59999999996766, -0.7384959500246193 
19.609999999967638, -0.7359716467457168 
19.619999999967614, -0.7356890100966966 
19.62999999996759, -0.7355464207590889 
19.639999999967568, -0.7352889244359712 
19.649999999967545, -0.7350596789699827 
19.65999999996752, -0.7350814265710319 
19.669999999967498, -0.7356949022046753 
19.679999999967475, -0.736615851806597 
19.68999999996745, -0.7366836231616453 
19.699999999967428, -0.7363880336275502 
19.709999999967405, -0.7488209025722451 
19.71999999996738, -0.7586124054066368 
19.729999999967358, -0.7589389553938621 
19.739999999967335, -0.7583092026294398 
19.74999999996731, -0.7554123472331465 
19.759999999967288, -0.7536917376976808 
19.769999999967265, -0.7534244580361369 
19.77999999996724, -0.7532990063123556 
19.78999999996722, -0.75308016391862 
19.799999999967195, -0.7528642621235238 
19.80999999996717, -0.7529073684947408 
19.81999999996715, -0.7535510174075535 
19.829999999967125, -0.7544110049514225 
19.8399999999671, -0.7544330864443649 
19.84999999996708, -0.7543044897183113 
19.859999999967055, -0.7710767596940906 
19.869999999967032, -0.7833610766897078 
19.87999999996701, -0.7836359089024895 
19.889999999966985, -0.7826648160240798 
19.899999999966962, -0.7772357485227708 
19.90999999996694, -0.7745810321781166 
19.919999999966915, -0.7743738693113611 
19.929999999966892, -0.7741358854489653 
19.93999999996687, -0.7737062443811025 
19.949999999966845, -0.7733833992098093 
19.959999999966822, -0.7733404364769889 
19.9699999999668, -0.7735382821454121 
19.979999999966775, -0.7737499243627864 
19.989999999966752, -0.7736365826543293 
19.99999999996673, -0.7741846202628209 
20.009999999966706, -0.7802015852733287 
20.019999999966682, -0.7843656195604177 
20.02999999996666, -0.7844009844201176 
20.039999999966636, -0.7822389774072812 
20.049999999966612, -0.7593238985066275 
20.05999999996659, -0.7545895344312988 
20.069999999966566, -0.7545515594303597 
20.079999999966542, -0.7540169483857724 
20.08999999996652, -0.753057787662214 
20.099999999966496, -0.7525314232040798 
20.109999999966472, -0.7524336005013571 
20.11999999996645, -0.7524516787456509 
20.129999999966426, -0.7524530380370242 
20.139999999966403, -0.752312431831797 
20.14999999996638, -0.7528632736980494 
20.159999999966356, -0.7560711062481514 
20.169999999966333, -0.7582719244832428 
20.17999999996631, -0.7582171131784633 
20.189999999966286, -0.755857362093229 
20.199999999966263, -0.7317108022693466 
20.20999999996624, -0.7279436632693892 
20.219999999966216, -0.7279126242199888 
20.229999999966193, -0.7273732485140808 
20.23999999996617, -0.7265192200029584 
20.249999999966146, -0.7260719253339889 
20.259999999966123, -0.7260105332964362 
20.2699999999661, -0.726115072947772 
20.279999999966076, -0.7262259250468963 
20.289999999966053, -0.7261006031750084 
20.29999999996603, -0.7268993005185738 
20.309999999966006, -0.7351032105432853 
20.319999999965983, -0.7399314833578705 
20.32999999996596, -0.7399639168689699 
20.339999999965936, -0.7378136517447859 
20.349999999965913, -0.7268691777795085 
20.35999999996589, -0.7240455856425708 
20.369999999965867, -0.7239277251228536 
20.379999999965843, -0.7236578254821311 
20.38999999996582, -0.7232761732829655 
20.399999999965797, -0.723021145552173 
20.409999999965773, -0.72308467330593 
20.41999999996575, -0.7235714776389871 
20.429999999965727, -0.7241029209271902 
20.439999999965703, -0.7240202904715903 
20.44999999996568, -0.7243796472234513 
20.459999999965657, -0.7455935423705117 
20.469999999965633, -0.7529761128547708 
20.47999999996561, -0.7530744749230386 
20.489999999965587, -0.7519282756364907 
20.499999999965564, -0.7483740294941299 
20.50999999996554, -0.7469343104344458 
20.519999999965517, -0.7467744857720707 
20.529999999965494, -0.7466100230798273 
20.53999999996547, -0.7463785488546651 
20.549999999965447, -0.7461763354083886 
20.559999999965424, -0.7463247931340923 
20.5699999999654, -0.7470965390050042 
20.579999999965377, -0.747836401609263 
20.589999999965354, -0.7477528967799854 
20.59999999996533, -0.7480065189759945 
20.609999999965307, -0.7690470328363264 
20.619999999965284, -0.7752646657137506 
20.62999999996526, -0.775316970017608 
20.639999999965237, -0.7738990142577521 
20.649999999965214, -0.7694402192473343 
20.65999999996519, -0.767845695696689 
20.669999999965167, -0.7677066614651883 
20.679999999965144, -0.7674614192787831 
20.68999999996512, -0.7671194216604478 
20.699999999965097, -0.7668735639219227 
20.709999999965074, -0.7669374856474219 
20.71999999996505, -0.7673011690105681 
20.729999999965028, -0.7675838000784603 
20.739999999965004, -0.7674450496925952 
20.74999999996498, -0.7687410920390251 
20.759999999964958, -0.7807423168125008 
20.769999999964934, -0.7848236946274583 
20.77999999996491, -0.7847315246350524 
20.789999999964888, -0.7810864073713023 
20.799999999964864, -0.764987135268523 
20.80999999996484, -0.7626972666473965 
20.819999999964818, -0.7626079308798832 
20.829999999964794, -0.7620737799701809 
20.83999999996477, -0.7613715312394013 
20.849999999964748, -0.761000645042332 
20.859999999964725, -0.760968202314609 
20.8699999999647, -0.7610401719268957 
20.879999999964678, -0.7610514880121729 
20.889999999964655, -0.7609218197401726 
20.89999999996463, -0.7619614426296583 
20.909999999964608, -0.7661446410963896 
20.919999999964585, -0.7677604597965333 
20.92999999996456, -0.7675552033876161 
20.939999999964538, -0.7627706958817597 
20.949999999964515, -0.738776341658774 
20.95999999996449, -0.7373779679972042 
20.969999999964468, -0.7372834231018219 
20.979999999964445, -0.7365474544788501 
20.98999999996442, -0.7356743265194794 
20.9999999999644, -0.7352827978819354 
21.009999999964375, -0.7352544928377293 
21.01999999996435, -0.7353238661209242 
21.02999999996433, -0.7353383404743724 
21.039999999964305, -0.7352149244952814 
21.04999999996428, -0.7365573216609186 
21.05999999996426, -0.7426972446242275 
21.069999999964235, -0.744777656514395 
21.079999999964212, -0.7445883853039409 
21.08999999996419, -0.7395114494117011 
21.099999999964165, -0.722979575321067 
21.109999999964142, -0.7212438317856107 
21.11999999996412, -0.7211531243221806 
21.129999999964095, -0.7207267519721242 
21.139999999964072, -0.720258642719588 
21.14999999996405, -0.7200124164581837 
21.159999999964025, -0.720100853660195 
21.169999999964002, -0.7204871430009474 
21.17999999996398, -0.7207597531430968 
21.189999999963955, -0.7206035917462665 
21.199999999963932, -0.722690471106574 
21.20999999996391, -0.7452925458953575 
21.219999999963886, -0.7492632353903488 
21.229999999963862, -0.749171435325503 
21.23999999996384, -0.7469863582416787 
21.249999999963816, -0.742557991726568 
21.259999999963792, -0.7414170555878992 
21.26999999996377, -0.7413108407725747 
21.279999999963746, -0.7410852135710326 
21.289999999963722, -0.740824861714687 
21.2999999999637, -0.7406480072802678 
21.309999999963676, -0.7408824627569153 
21.319999999963652, -0.7416648168835867 
21.32999999996363, -0.7421634813500854 
21.339999999963606, -0.7419903422876033 
21.349999999963583, -0.743716161448811 
21.35999999996356, -0.7673093898755198 
21.369999999963536, -0.7704161523606571 
21.379999999963513, -0.7703073745534389 
21.38999999996349, -0.7681676406067839 
21.399999999963466, -0.7641020125257566 
21.409999999963443, -0.7630518801390033 
21.41999999996342, -0.7629430383065797 
21.429999999963396, -0.7626721176339509 
21.439999999963373, -0.762361410503333 
21.44999999996335, -0.7621694529991881 
21.459999999963326, -0.7623293285372224 
21.469999999963303, -0.7628053952413509 
21.47999999996328, -0.763041842653272 
21.489999999963256, -0.7628757416914008 
21.499999999963233, -0.7657343231024486 
21.50999999996321, -0.7816851328957212 
21.519999999963186, -0.7841569323361454 
21.529999999963163, -0.7839106497800917 
21.53999999996314, -0.7784722456159294 
21.549999999963116, -0.767087170616784 
21.559999999963093, -0.7659628802885879 
21.56999999996307, -0.7658341856677303 
21.579999999963047, -0.7652753110813789 
21.589999999963023, -0.764696754401046 
21.599999999963, -0.764421674007758 
21.609999999962977, -0.7644409179954523 
21.619999999962953, -0.7645520739287444 
21.62999999996293, -0.7645380413795992 
21.639999999962907, -0.7644543846215504 
21.649999999962883, -0.766197736975147 
21.65999999996286, -0.7709316872027419 
21.669999999962837, -0.7719164400102253 
21.679999999962813, -0.7715293541945963 
21.68999999996279, -0.7621764914469249 
21.699999999962767, -0.7417473624809627 
21.709999999962744, -0.7413148782801449 
21.71999999996272, -0.7411337774510786 
21.729999999962697, -0.7402564665206856 
21.739999999962674, -0.7394591334380659 
21.74999999996265, -0.7391544995684959 
21.759999999962627, -0.739153700200868 
21.769999999962604, -0.7392157526331891 
21.77999999996258, -0.7391738991514961 
21.789999999962557, -0.7391155398787065 
21.799999999962534, -0.7410944608655315 
21.80999999996251, -0.7465011434643541 
21.819999999962487, -0.7475215666689171 
21.829999999962464, -0.7471162585929003 
21.83999999996244, -0.7374826280063964 
21.849999999962417, -0.72175370388946 
21.859999999962394, -0.7210283322744871 
21.86999999996237, -0.7208858756348432 
21.879999999962347, -0.7203463643578021 
21.889999999962324, -0.7198729235274913 
21.8999999999623, -0.7196737963361703 
21.909999999962277, -0.7197989257712403 
21.919999999962254, -0.7201574950081764 
21.92999999996223, -0.7202885710756866 
21.939999999962208, -0.7201315471044456 
21.949999999962184, -0.7247696513017594 
21.95999999996216, -0.7448838522697855 
21.969999999962138, -0.7467115895256214 
21.979999999962114, -0.7464367451907888 
21.98999999996209, -0.7429750094344428 
21.999999999962068, -0.7386842411358198 
22.009999999962044, -0.7379405411662223 
22.01999999996202, -0.7378371582771857 
22.029999999961998, -0.7375727891615124 
22.039999999961974, -0.7373101434648542 
22.04999999996195, -0.7371843986687697 
22.059999999961928, -0.7375201205224302 
22.069999999961905, -0.7383483093830066 
22.07999999996188, -0.7386641128560937 
22.089999999961858, -0.7384274145083541 
22.099999999961835, -0.7431165848385124 
22.10999999996181, -0.7649870190223022 
22.119999999961788, -0.7664250150007323 
22.129999999961765, -0.766162972541928 
22.13999999996174, -0.76340436618921 
22.149999999961718, -0.760164410478521 
22.159999999961695, -0.7595115433763491 
22.16999999996167, -0.759402444335114 
22.179999999961648, -0.7591291452408646 
22.189999999961625, -0.7588525108714128 
22.1999999999616, -0.7587263433262141 
22.20999999996158, -0.7590046268901176 
22.219999999961555, -0.7596065645222574 
22.22999999996153, -0.7597724587973124 
22.23999999996151, -0.7595994639639896 
22.249999999961485, -0.7655620691595376 
22.25999999996146, -0.7836731355494042 
22.26999999996144, -0.7849322071457621 
22.279999999961415, -0.7844900975557136 
22.289999999961392, -0.7778187891212578 
22.29999999996137, -0.7704777538490986 
22.309999999961345, -0.7699144166500435 
22.319999999961322, -0.7697379215056539 
22.3299999999613, -0.7691810542166007 
22.339999999961275, -0.7686962133329038 
22.349999999961252, -0.7685028004818228 
22.35999999996123, -0.7685667685422466 
22.369999999961205, -0.7687047149026386 
22.379999999961182, -0.7686492885469247 
22.38999999996116, -0.7686791567617993 
22.399999999961135, -0.7713137086115376 
22.409999999961112, -0.7758972817429006 
22.41999999996109, -0.7763822436150223 
22.429999999961066, -0.7756975476061322 
22.439999999961042, -0.7601996259518666 
22.44999999996102, -0.7459556752722719 
22.459999999960996, -0.7458914584342405 
22.469999999960972, -0.7455892633017539 
22.47999999996095, -0.7445676988846843 
22.489999999960926, -0.743828353603156 
22.499999999960902, -0.7436020692891556 
22.50999999996088, -0.7436068791185162 
22.519999999960856, -0.743639168786902 
22.529999999960832, -0.7435398029470087 
22.53999999996081, -0.7436277783464854 
22.549999999960786, -0.7460270505252222 
22.559999999960763, -0.7499839631451396 
22.56999999996074, -0.7503869704042201 
22.579999999960716, -0.7496224231528184 
22.589999999960693, -0.73324266301149 
22.59999999996067, -0.7206648241220508 
22.609999999960646, -0.720479728053608 
22.619999999960623, -0.7202355584598064 
22.6299999999606, -0.719558262537533 
22.639999999960576, -0.7190745126891221 
22.649999999960553, -0.718925378835941 
22.65999999996053, -0.7190599035953527 
22.669999999960506, -0.7193448639027871 
22.679999999960483, -0.719350660157869 
22.68999999996046, -0.7193288290352022 
22.699999999960436, -0.7267950954942296 
22.709999999960413, -0.7413577547583163 
22.71999999996039, -0.7421384767692343 
22.729999999960366, -0.7415821189946995 
22.739999999960343, -0.7364088635337568 
22.74999999996032, -0.7325366183566693 
22.759999999960296, -0.7321043253604469 
22.769999999960273, -0.7319727712567701 
22.77999999996025, -0.7316800127548301 
22.789999999960227, -0.7314216431914794 
22.799999999960203, -0.7313654969825684 
22.80999999996018, -0.731812258449236 
22.819999999960157, -0.7326624836505505 
22.829999999960133, -0.7328236334611811 
22.83999999996011, -0.7325466065500376 
22.849999999960087, -0.7417151133991619 
22.859999999960063, -0.7574778634450595 
22.86999999996004, -0.7581168646092886 
22.879999999960017, -0.7576831324171102 
22.889999999959993, -0.7548633089159462 
22.89999999995997, -0.7526809268955879 
22.909999999959947, -0.7522873745740088 
22.919999999959924, -0.7521769710154388 
22.9299999999599, -0.7519519223982751 
22.939999999959877, -0.7517262609210081 
22.949999999959854, -0.7516935399923625 
22.95999999995983, -0.752216540955246 
22.969999999959807, -0.7531089086038969 
22.979999999959784, -0.7532352756978348 
22.98999999995976, -0.752999923868213 
22.999999999959737, -0.7646269308789643 
23.009999999959714, -0.7820219840376438 
23.01999999995969, -0.7826066422479832 
23.029999999959667, -0.7819815455242438 
23.039999999959644, -0.7770486700777904 
23.04999999995962, -0.77362979869324 
23.059999999959597, -0.7732942213192694 
23.069999999959574, -0.7731042874502062 
23.07999999995955, -0.7726813291216218 
23.089999999959527, -0.7723340666052476 
23.099999999959504, -0.7722410411619939 
23.10999999995948, -0.7724163382352713 
23.119999999959457, -0.7726667128143155 
23.129999999959434, -0.772596838070581 
23.13999999995941, -0.7728175460634115 
23.149999999959388, -0.7779561107812654 
23.159999999959364, -0.7835737717987714 
23.16999999995934, -0.7838123090225336 
23.179999999959318, -0.782557690751366 
23.189999999959294, -0.7626336133418026 
23.19999999995927, -0.754517197805012 
23.209999999959248, -0.7544659860002183 
23.219999999959224, -0.7540643289437995 
23.2299999999592, -0.7531263533954998 
23.239999999959178, -0.7525377681869463 
23.249999999959154, -0.7523925252686443 
23.25999999995913, -0.7524127761104155 
23.269999999959108, -0.7524396089282809 
23.279999999959085, -0.7523100737157423 
23.28999999995906, -0.7526211977946387 
23.299999999959038, -0.7555234447811026 
23.309999999959015, -0.7584573216357552 
23.31999999995899, -0.7585532772015373 
23.329999999958968, -0.7571413273606671 
23.339999999958945, -0.7351029891322886 
23.34999999995892, -0.7279468105338271 
23.359999999958898, -0.7279288248566419 
23.369999999958875, -0.7275153557385564 
23.37999999995885, -0.7266636347930191 
23.389999999958828, -0.726160519764189 
23.399999999958805, -0.7260530701048317 
23.40999999995878, -0.7261488060919616 
23.41999999995876, -0.7262941484272661 
23.429999999958735, -0.7261970714564587 
23.43999999995871, -0.7265783499525533 
23.44999999995869, -0.7336429853521426 
23.459999999958665, -0.7404779011540193 
23.46999999995864, -0.7407041052777117 
23.47999999995862, -0.7394153212839439 
23.489999999958595, -0.7293642878534795 
23.499999999958572, -0.7253425216667476 
23.50999999995855, -0.7251521790653672 
23.519999999958525, -0.7249322849550953 
23.529999999958502, -0.7245461103997837 
23.53999999995848, -0.7242651297183629 
23.549999999958455, -0.7242647883352978 
23.559999999958432, -0.7246856610900361 
23.56999999995841, -0.7252860852651164 
23.579999999958385, -0.7252775175737859 
23.589999999958362, -0.7252429546906535 
23.59999999995834, -0.7422113573456233 
23.609999999958315, -0.7542096242494557 
23.619999999958292, -0.7544941722698046 
23.62999999995827, -0.7536977085716376 
23.639999999958246, -0.7501038198507818 
23.649999999958222, -0.7482293178340378 
23.6599999999582, -0.7479929674560314 
23.669999999958176, -0.7478478452363725 
23.679999999958152, -0.7476057234020371 
23.68999999995813, -0.7473840508477488 
23.699999999958106, -0.7474411816130987 
23.709999999958082, -0.7480733406627734 
23.71999999995806, -0.7488736811319179 
23.729999999958036, -0.7488684304571241 
23.739999999958012, -0.7488000727405921 
23.74999999995799, -0.766745848255747 
23.759999999957966, -0.777599670804144 
23.769999999957943, -0.7778204487712019 
23.77999999995792, -0.7767948465814934 
23.789999999957896, -0.771855237985995 
23.799999999957873, -0.7695767703019728 
23.80999999995785, -0.7693826659144362 
23.819999999957826, -0.7691570849094703 
23.829999999957803, -0.7687764467175574 
23.83999999995778, -0.7684867747838725 
23.849999999957756, -0.7684779284579971 
23.859999999957733, -0.7687502388410854 
23.86999999995771, -0.769034292027932 
23.879999999957686, -0.7689254249862734 
23.889999999957663, -0.7695726627950457 
23.89999999995764, -0.7782541008000666 
23.909999999957616, -0.7834625046631453 
23.919999999957593, -0.7835000884052816 
23.92999999995757, -0.7811768402540042 
23.939999999957546, -0.7625153429634854 
23.949999999957523, -0.7584774946951421 
23.9599999999575, -0.7584096807701032 
23.969999999957476, -0.7579346251800848 
23.979999999957453, -0.7571485199307633 
23.98999999995743, -0.7567000198532784 
23.999999999957407, -0.7566252281923022 
24.009999999957383, -0.7566804532071995 
24.01999999995736, -0.7567143355825257 
24.029999999957337, -0.7565762204011097 
24.039999999957313, -0.7572450598245627 
24.04999999995729, -0.7611341608443046 
24.059999999957267, -0.7634770769571088 
24.069999999957243, -0.7634015560095379 
24.07999999995722, -0.7605940872985268 
24.089999999957197, -0.7360676958300002 
24.099999999957173, -0.7327783598746705 
24.10999999995715, -0.7327341117463322 
24.119999999957127, -0.7321722369911389 
24.129999999957104, -0.7313323529344036 
24.13999999995708, -0.7308996461402117 
24.149999999957057, -0.7308465343948053 
24.159999999957034, -0.7309442758474749 
24.16999999995701, -0.7310320185396286 
24.179999999956987, -0.7309009727134599 
24.189999999956964, -0.7318121433010234 
24.19999999995694, -0.7392673298101405 
24.209999999956917, -0.7431764730020631 
24.219999999956894, -0.743152216489226 
24.22999999995687, -0.740480514964915 
24.239999999956847, -0.7273724337727512 
24.249999999956824, -0.7246288781644268 
24.2599999999568, -0.7245312825382675 
24.269999999956777, -0.724215460147535 
24.279999999956754, -0.7237901441097588 
24.28999999995673, -0.7235249885544447 
24.299999999956707, -0.7235825561627667 
24.309999999956684, -0.724001629678095 
24.31999999995666, -0.7244211183570971 
24.329999999956637, -0.7243116451289277 
24.339999999956614, -0.7250815650171548 
24.34999999995659, -0.7470142237851684 
24.359999999956568, -0.7539447518808631 
24.369999999956544, -0.7539934468329819 
24.37999999995652, -0.7525401432941207 
24.389999999956498, -0.7481933146168135 
24.399999999956474, -0.7466783199687406 
24.40999999995645, -0.7465386961822145 
24.419999999956428, -0.7463397238764408 
24.429999999956404, -0.746071860772895 
24.43999999995638, -0.7458624835830359 
24.449999999956358, -0.7460030703319581 
24.459999999956334, -0.7466630613356127 
24.46999999995631, -0.7472436977790556 
24.479999999956288, -0.7471293575874985 
24.489999999956265, -0.7478844008698851 
24.49999999995624, -0.7708305673416156 
24.509999999956218, -0.7768229642363563 
24.519999999956195, -0.7768254509413605 
24.52999999995617, -0.775006140641005 
24.539999999956148, -0.7694921964835182 
24.549999999956125, -0.7678502671634063 
24.5599999999561, -0.7677281898319286 
24.569999999956078, -0.7674358131047629 
24.579999999956055, -0.7670475682991292 
24.58999999995603, -0.7667910933214098 
24.599999999956008, -0.7668428842000182 
24.609999999955985, -0.7671387638635824 
24.61999999995596, -0.7673384195380065 
24.62999999995594, -0.7671941134886028 
24.639999999955915, -0.7686614194664877 
24.64999999995589, -0.7784802720007858 
24.65999999995587, -0.7815710285231019 
24.669999999955845, -0.7814246086123701 
24.67999999995582, -0.7768996099414516 
24.6899999999558, -0.7585420820257187 
24.699999999955775, -0.7565899704867152 
24.709999999955752, -0.7564956520241158 
24.71999999995573, -0.7559083839756419 
24.729999999955705, -0.7551865118402844 
24.739999999955682, -0.754825979989883 
24.74999999995566, -0.7548024166314631 
24.759999999955635, -0.7548788448720415 
24.769999999955612, -0.7548874985519045 
24.77999999995559, -0.7547638961090785 
24.789999999955565, -0.7559709088590144 
24.799999999955542, -0.7606894889161927 
24.80999999995552, -0.7623037246691615 
24.819999999955495, -0.7620767649563566 
24.829999999955472, -0.7563312144759865 
24.83999999995545, -0.7332185739643365 
24.849999999955426, -0.7318113232343497 
24.859999999955402, -0.7317103071596636 
24.86999999995538, -0.7310649936925832 
24.879999999955356, -0.7303509266685863 
24.889999999955332, -0.7300211502006695 
24.89999999995531, -0.7300261628945428 
24.909999999955286, -0.7301705474642365 
24.919999999955262, -0.7302387873873073 
24.92999999995524, -0.7301085028801765 
24.939999999955216, -0.7319400873861651 
24.949999999955192, -0.7416456714712979 
24.95999999995517, -0.7442053713129043 
24.969999999955146, -0.7440229565180602 
24.979999999955123, -0.7396562534846218 
24.9899999999551, -0.7289600876135134 
24.999999999955076, -0.7274927402962029 
