t, s[1].omega / s[0].omega 
0, -1.1139980348422664 
0.009999999999999995, -1.1136853693652193 
0.019999999999999934, -1.1132737501932126 
0.029999999999999874, -1.1130847102086632 
0.04000000000000012, -1.1128682394365892 
0.050000000000000405, -1.1122553779264208 
0.06000000000000069, -1.1113931618052104 
0.07000000000000098, -1.1109207467985216 
0.08000000000000126, -1.1107014588223765 
0.09000000000000155, -1.1096663765454091 
0.10000000000000184, -1.1073665380511428 
0.11000000000000212, -1.1059480118878313 
0.12000000000000241, -1.1057931755963692 
0.130000000000002, -1.1046850595635147 
0.1400000000000009, -1.0979301750043713 
0.1499999999999998, -1.0918309121131777 
0.1599999999999987, -1.0917829410791033 
0.1699999999999976, -1.091195475989025 
0.1799999999999965, -1.0810390209681726 
0.1899999999999954, -1.0566559213197886 
0.1999999999999943, -1.0569590887607117 
0.2099999999999932, -1.056815624843276 
0.2199999999999921, -1.0536168410863447 
0.229999999999991, -1.030710960861411 
0.2399999999999899, -1.0333519820937545 
0.2499999999999888, -1.033815341943488 
0.2599999999999877, -1.0330588292016658 
0.2699999999999866, -1.02667568336396 
0.2799999999999855, -1.0411298541097824 
0.2899999999999844, -1.0442429468876888 
0.2999999999999833, -1.044070969516963 
0.3099999999999822, -1.0425256801884522 
0.3199999999999811, -1.0654628191970732 
0.32999999999998, -1.0790996349498059 
0.3399999999999789, -1.079467191439978 
0.3499999999999778, -1.0789576640077236 
0.35999999999997667, -1.0858915152224888 
0.36999999999997557, -1.0977913079375274 
0.37999999999997447, -1.0991080000107762 
0.38999999999997337, -1.0988651364950746 
0.39999999999997227, -1.1000258350221441 
0.40999999999997117, -1.1035666383865497 
0.41999999999997006, -1.1048851320331912 
0.42999999999996896, -1.1047829662221975 
0.43999999999996786, -1.1048622335597185 
0.44999999999996676, -1.105762552599324 
0.45999999999996566, -1.1063569680252552 
0.46999999999996456, -1.1063104965491224 
0.47999999999996346, -1.1061278447632783 
0.48999999999996235, -1.1062826217741448 
0.49999999999996125, -1.1064006010423393 
0.5099999999999602, -1.106264244680206 
0.519999999999959, -1.1059505314329172 
0.529999999999958, -1.1058083196860726 
0.5399999999999568, -1.105720778815836 
0.5499999999999557, -1.105393521429722 
0.5599999999999546, -1.1048657053962316 
0.5699999999999535, -1.1044571373909686 
0.5799999999999524, -1.1042979043376626 
0.5899999999999513, -1.103779795090119 
0.5999999999999502, -1.1027112790039235 
0.6099999999999491, -1.101706153029021 
0.619999999999948, -1.101482999526174 
0.6299999999999469, -1.1009483226703083 
0.6399999999999458, -1.0986435627413946 
0.6499999999999447, -1.0955270115605913 
0.6599999999999436, -1.0950104646821859 
0.6699999999999425, -1.0946790091266674 
0.6799999999999414, -1.0911603651565922 
0.6899999999999403, -1.0797637690369666 
0.6999999999999392, -1.0775298799986288 
0.7099999999999381, -1.0774634958129252 
0.719999999999937, -1.075468796619127 
0.7299999999999359, -1.0516748850690008 
0.7399999999999348, -1.0409462609623075 
0.7499999999999337, -1.0414087997720285 
0.7599999999999326, -1.0408364042700433 
0.7699999999999315, -1.0302978392458406 
0.7799999999999304, -1.0078825102229634 
0.7899999999999293, -1.0098280228229615 
0.7999999999999282, -1.0097884144100921 
0.8099999999999271, -1.0076248489473072 
0.819999999999926, -0.9850334441140473 
0.8299999999999249, -0.9820717021027824 
0.8399999999999238, -0.9828506289519439 
0.8499999999999227, -0.9824008521848516 
0.8599999999999216, -0.9744175692703951 
0.8699999999999205, -0.9439683463943913 
0.8799999999999194, -0.9434793622421289 
0.8899999999999183, -0.9435868406554311 
0.8999999999999172, -0.9424278605101363 
0.9099999999999161, -0.928804417505601 
0.919999999999915, -0.9129176499533129 
0.9299999999999139, -0.9123808087438486 
0.9399999999999128, -0.9122428666362377 
0.9499999999999117, -0.9105816462248806 
0.9599999999999106, -0.9049989916009293 
0.9699999999999095, -0.9015110025817316 
0.9799999999999084, -0.9011981242337295 
0.9899999999999073, -0.9009543558180242 
0.9999999999999062, -0.8998282535584918 
1.0099999999999052, -0.8982145174471748 
1.019999999999904, -0.8972625273929024 
1.029999999999903, -0.897087329316286 
1.039999999999902, -0.8968576540333982 
1.0499999999999008, -0.8963165814238356 
1.0599999999998997, -0.8957446356051016 
1.0699999999998986, -0.8953986255774565 
1.0799999999998975, -0.8953422274260523 
1.0899999999998964, -0.8952508228041648 
1.0999999999998953, -0.8950523376618275 
1.1099999999998942, -0.8947818457956096 
1.119999999999893, -0.8947070850738452 
1.129999999999892, -0.8948973897141734 
1.1399999999998909, -0.8951215984300581 
1.1499999999998898, -0.8951364970795967 
1.1599999999998887, -0.8949634297558401 
1.1699999999998876, -0.8952719946598965 
1.1799999999998865, -0.8962910435945557 
1.1899999999998854, -0.8972677370604698 
1.1999999999998843, -0.8973953726244345 
1.2099999999998832, -0.8972339179197193 
1.219999999999882, -0.898873029479563 
1.229999999999881, -0.9036469376745739 
1.2399999999998799, -0.9060910271321098 
1.2499999999998788, -0.9061587167236737 
1.2599999999998777, -0.9058518311939661 
1.2699999999998766, -0.9138875971202145 
1.2799999999998755, -0.9328183631616203 
1.2899999999998744, -0.9354430023950324 
1.2999999999998733, -0.935297915608896 
1.3099999999998722, -0.9341084677030207 
1.319999999999871, -0.9522819062127479 
1.32999999999987, -0.9703733719273401 
1.3399999999998689, -0.9712148694863505 
1.3499999999998678, -0.9707134264939673 
1.3599999999998666, -0.965895673751856 
1.3699999999998655, -0.9725967101293042 
1.3799999999998644, -0.9774483760760581 
1.3899999999998633, -0.9775194291856459 
1.3999999999998622, -0.9760186506654787 
1.4099999999998611, -0.9582912070762636 
1.41999999999986, -0.9525189065404913 
1.429999999999859, -0.9536508725969496 
1.4399999999998578, -0.9533802067456625 
1.4499999999998567, -0.9486229681150993 
1.4599999999998556, -0.9187330329891694 
1.4699999999998545, -0.9127672206771005 
1.4799999999998534, -0.912952723133113 
1.4899999999998523, -0.9123761712312715 
1.4999999999998512, -0.9071471088708991 
1.5099999999998501, -0.8982720780706318 
1.519999999999849, -0.8964435973550838 
1.529999999999848, -0.8963695212602173 
1.5399999999998468, -0.8957022010778397 
1.5499999999998457, -0.893630763692851 
1.5599999999998446, -0.891736406324315 
1.5699999999998435, -0.8911542015779614 
1.5799999999998424, -0.891029498975683 
1.5899999999998413, -0.8905698266854066 
1.5999999999998402, -0.889852555759558 
1.6099999999998391, -0.8892636282084614 
1.619999999999838, -0.8890484178298218 
1.629999999999837, -0.8889865213594809 
1.6399999999998358, -0.88880039376795 
1.6499999999998347, -0.8885248155453521 
1.6599999999998336, -0.8882808995218044 
1.6699999999998325, -0.8883189267719679 
1.6799999999998314, -0.888507624133251 
1.6899999999998303, -0.8886411208574506 
1.6999999999998292, -0.8885244320570757 
1.709999999999828, -0.8884501436826413 
1.719999999999827, -0.8890699029227981 
1.729999999999826, -0.8901532040620967 
1.7399999999998248, -0.8907744690573137 
1.7499999999998237, -0.8906818410806611 
1.7599999999998226, -0.89083127824756 
1.7699999999998215, -0.8941336153155628 
1.7799999999998204, -0.898918354152572 
1.7899999999998193, -0.9000208540429292 
1.7999999999998182, -0.8998277274692804 
1.809999999999817, -0.9003083086994299 
1.819999999999816, -0.9187534159735014 
1.8299999999998149, -0.9319281280653877 
1.8399999999998138, -0.932640742455121 
1.8499999999998127, -0.9321604698686723 
1.8599999999998116, -0.9307305074633765 
1.8699999999998105, -0.9533436968105882 
1.8799999999998094, -0.9594703482358445 
1.8899999999998083, -0.9595713358304018 
1.8999999999998072, -0.9582147799689564 
1.909999999999806, -0.9417830935048959 
1.919999999999805, -0.934135980240624 
1.9299999999998039, -0.9353265348015344 
1.9399999999998028, -0.9351127189881809 
1.9499999999998017, -0.9313467136722691 
1.9599999999998006, -0.9067810601216976 
1.9699999999997995, -0.8989962206545271 
1.9799999999997984, -0.8991061697817662 
1.9899999999997973, -0.8986809184348772 
1.9999999999997962, -0.8953939098225439 
2.0099999999998173, -0.8896947776804961 
2.0199999999998384, -0.8878311698692197 
2.0299999999998595, -0.8877229139401889 
2.0399999999998806, -0.8872763731164734 
2.0499999999999017, -0.8859869504650384 
2.059999999999923, -0.8847194807705165 
2.069999999999944, -0.8841628924221139 
2.079999999999965, -0.8840565073387706 
2.089999999999986, -0.8837740700901004 
2.100000000000007, -0.883315130868982 
2.1100000000000283, -0.8828872963860621 
2.1200000000000494, -0.882708056461264 
2.1300000000000705, -0.8827271508124911 
2.1400000000000916, -0.8827045576646195 
2.1500000000001127, -0.8825677425003973 
2.160000000000134, -0.8823652215104308 
2.170000000000155, -0.8824995344451563 
2.180000000000176, -0.8829724681573986 
2.190000000000197, -0.883442596794893 
2.2000000000002182, -0.883464876975208 
2.2100000000002393, -0.8833388816905569 
2.2200000000002604, -0.8843777397653915 
2.2300000000002815, -0.8869561997768348 
2.2400000000003026, -0.8885670615058431 
2.2500000000003237, -0.8886137903448313 
2.260000000000345, -0.8884297131279264 
2.270000000000366, -0.8942299774311658 
2.280000000000387, -0.9081368907244186 
2.290000000000408, -0.9108409399320222 
2.3000000000004293, -0.9107437167921631 
2.3100000000004504, -0.9097225448345847 
2.3200000000004715, -0.924997616241425 
2.3300000000004926, -0.945746135792056 
2.3400000000005137, -0.9469248462009426 
2.3500000000005348, -0.9465444511098797 
2.360000000000556, -0.9409908833828242 
2.370000000000577, -0.9201220596836 
2.380000000000598, -0.9213275563453746 
2.390000000000619, -0.9215576976887371 
2.4000000000006403, -0.920682567243671 
2.4100000000006614, -0.909261670370734 
2.4200000000006825, -0.8911480367613781 
2.4300000000007036, -0.8899259159572173 
2.4400000000007247, -0.8898608985643174 
2.450000000000746, -0.8887685093051356 
2.460000000000767, -0.8848718459431009 
2.470000000000788, -0.8817993343296194 
2.480000000000809, -0.8812563309810196 
2.49000000000083, -0.8811050723514477 
2.5000000000008513, -0.8804304907322786 
2.5100000000008724, -0.8794007013033095 
2.5200000000008935, -0.8786495136384728 
2.5300000000009146, -0.878425959703762 
2.5400000000009357, -0.8783218739275654 
2.550000000000957, -0.8780473402177134 
2.560000000000978, -0.8777026831619416 
2.570000000000999, -0.8774359100903956 
2.58000000000102, -0.8774466426693813 
2.5900000000010412, -0.8775729763118634 
2.6000000000010624, -0.8776412953457169 
2.6100000000010835, -0.8775001387960752 
2.6200000000011046, -0.8774372779256305 
2.6300000000011257, -0.878015777164535 
2.6400000000011468, -0.8790088967444359 
2.650000000001168, -0.8795765067295752 
2.660000000001189, -0.8794765440060357 
2.67000000000121, -0.8796526592180137 
2.680000000001231, -0.883168699311987 
2.6900000000012523, -0.888321534265338 
2.7000000000012734, -0.8894773244161613 
2.7100000000012945, -0.8892829864230094 
2.7200000000013156, -0.8895318151398034 
2.7300000000013367, -0.9109633863879274 
2.740000000001358, -0.9264677727664203 
2.750000000001379, -0.9272412814540985 
2.7600000000014, -0.9267563068891806 
2.770000000001421, -0.9223994743327933 
2.780000000001442, -0.9244772434079653 
2.7900000000014633, -0.928702341272851 
2.8000000000014844, -0.9288452181897616 
2.8100000000015055, -0.9276386395531794 
2.8200000000015266, -0.9099765167765175 
2.8300000000015477, -0.8886929707516603 
2.840000000001569, -0.888416648700604 
2.85000000000159, -0.888305433841974 
2.860000000001611, -0.8866963091258752 
2.870000000001632, -0.8808497736692408 
2.8800000000016532, -0.8770579441217563 
2.8900000000016743, -0.8766584553257379 
2.9000000000016954, -0.8764651271042642 
2.9100000000017165, -0.8755776234208251 
2.9200000000017377, -0.8742971438643056 
2.9300000000017588, -0.8734609982967697 
2.94000000000178, -0.8732598003626202 
2.950000000001801, -0.8731203854656531 
2.960000000001822, -0.8727798330284806 
2.970000000001843, -0.8723879966963423 
2.9800000000018643, -0.8721151182098165 
2.9900000000018854, -0.8721201294531403 
3.0000000000019065, -0.8722082840094533 
3.0100000000019276, -0.872229126124786 
3.0200000000019487, -0.8720649636834219 
3.03000000000197, -0.8720282691544352 
3.040000000001991, -0.8725953133785599 
3.050000000002012, -0.8735094048141262 
3.060000000002033, -0.873988004137971 
3.070000000002054, -0.8738658862752499 
3.0800000000020753, -0.8741431933484406 
3.0900000000020964, -0.8778480955487249 
3.1000000000021175, -0.8828093009076015 
3.1100000000021386, -0.8838073068732547 
3.1200000000021597, -0.8835831833302159 
3.130000000002181, -0.884012593414435 
3.140000000002202, -0.9078117630469743 
3.150000000002223, -0.9223722062121382 
3.160000000002244, -0.9230214324250106 
3.1700000000022652, -0.9224737205325316 
3.1800000000022863, -0.9164320958546657 
3.1900000000023074, -0.9089837254637584 
3.2000000000023285, -0.9116784484345642 
3.2100000000023496, -0.9117837805914073 
3.2200000000023707, -0.9105454038160451 
3.230000000002392, -0.8960658376383944 
3.240000000002413, -0.8799814773108591 
3.250000000002434, -0.8793204516985281 
3.260000000002455, -0.8792065988520549 
3.2700000000024763, -0.8779308610827441 
3.2800000000024974, -0.8743006948808815 
3.2900000000025185, -0.8718219140303153 
3.3000000000025396, -0.8714098092543097 
3.3100000000025607, -0.8712443685636773 
3.3200000000025818, -0.8706097407681773 
3.330000000002603, -0.8697625409751504 
3.340000000002624, -0.8691626528595607 
3.350000000002645, -0.8689930329035174 
3.360000000002666, -0.8689167677509634 
3.3700000000026873, -0.8687179022454227 
3.3800000000027084, -0.8684457620687567 
3.3900000000027295, -0.8682419131842489 
3.4000000000027506, -0.868346387555552 
3.4100000000027717, -0.8686147696248392 
3.420000000002793, -0.8688162563153907 
3.430000000002814, -0.8687109095948983 
3.440000000002835, -0.8686959957155324 
3.450000000002856, -0.86973887726265 
3.460000000002877, -0.8715870154404443 
3.4700000000028983, -0.8724983988166564 
3.4800000000029194, -0.8724087214785626 
3.4900000000029405, -0.8725460120691199 
3.5000000000029616, -0.8799091566947567 
3.5100000000029827, -0.8908604903073819 
3.520000000003004, -0.8924037693431995 
3.530000000003025, -0.8921812645568282 
3.540000000003046, -0.8909320176660914 
3.550000000003067, -0.9082740857322656 
3.5600000000030882, -0.9217489050456419 
3.5700000000031094, -0.9224164467381959 
3.5800000000031305, -0.9218771686064117 
3.5900000000031516, -0.9126367464842968 
3.6000000000031727, -0.881313530166887 
3.6100000000031938, -0.8793590799385927 
3.620000000003215, -0.879440613375549 
3.630000000003236, -0.878603091388697 
3.640000000003257, -0.8733791392082126 
3.650000000003278, -0.8676475538683306 
3.6600000000032993, -0.866560700586609 
3.6700000000033204, -0.8664580507943795 
3.6800000000033415, -0.8658595526132821 
3.6900000000033626, -0.8646203068665937 
3.7000000000033837, -0.8636201748226983 
3.710000000003405, -0.8632527887629277 
3.720000000003426, -0.8631652358226211 
3.730000000003447, -0.8629178464376851 
3.740000000003468, -0.8625761426964073 
3.750000000003489, -0.8622639371176747 
3.7600000000035103, -0.8622073135756736 
3.7700000000035314, -0.8623485722127188 
3.7800000000035525, -0.8624931210284882 
3.7900000000035736, -0.8624432850907974 
3.8000000000035947, -0.8622946268081061 
3.810000000003616, -0.8627644808455908 
3.820000000003637, -0.8640415560370234 
3.830000000003658, -0.8651732623753102 
3.840000000003679, -0.8652790675716208 
3.8500000000037002, -0.8651020425076872 
3.8600000000037213, -0.868104193978012 
3.8700000000037424, -0.8782407056529279 
3.8800000000037635, -0.8819830989310856 
3.8900000000037847, -0.8820591558906667 
3.9000000000038058, -0.8812815288250359 
3.910000000003827, -0.8873078691560383 
3.920000000003848, -0.9120068476346692 
3.930000000003869, -0.9145173835922246 
3.94000000000389, -0.9143826192176051 
3.9500000000039113, -0.9115016520237609 
3.9600000000039324, -0.883096022923737 
3.9700000000039535, -0.8713997879284502 
3.9800000000039746, -0.8716226693051191 
3.9900000000039957, -0.8713280662593181 
4.000000000004016, -0.8687065880836153 
4.010000000003993, -0.8630738597655444 
4.02000000000397, -0.8606821985951371 
4.030000000003946, -0.8605018682974747 
4.040000000003923, -0.8602215555073701 
4.0500000000039, -0.8593308194194169 
4.0600000000038765, -0.8583653774215458 
4.070000000003853, -0.8578105631473916 
4.08000000000383, -0.857699096368001 
4.090000000003807, -0.8575789190424817 
4.100000000003783, -0.8573398350724752 
4.11000000000376, -0.8570510029482318 
4.120000000003737, -0.8569039687323016 
4.130000000003713, -0.8570660612460757 
4.14000000000369, -0.8573566895761817 
4.150000000003667, -0.8575207545474325 
4.1600000000036434, -0.8573810945778267 
4.17000000000362, -0.8575225390584696 
4.180000000003597, -0.8590216244805648 
4.1900000000035735, -0.8612484150545513 
4.20000000000355, -0.8620051346455296 
4.210000000003527, -0.8618409993412205 
4.220000000003504, -0.8623676533973452 
4.23000000000348, -0.8756184185157287 
4.240000000003457, -0.8884322970879924 
4.250000000003434, -0.8894310821643421 
4.26000000000341, -0.8890646012664514 
4.270000000003387, -0.8856392498736726 
4.280000000003364, -0.8806945860458343 
4.2900000000033405, -0.8839843780704421 
4.300000000003317, -0.8842998530095343 
4.310000000003294, -0.8836049248180652 
4.320000000003271, -0.875492005966891 
4.330000000003247, -0.8611321474311447 
4.340000000003224, -0.8591019877331028 
4.350000000003201, -0.8590565952299785 
4.360000000003177, -0.8584162201356247 
4.370000000003154, -0.8564386690188674 
4.380000000003131, -0.854681891483305 
4.390000000003107, -0.854076355260492 
4.400000000003084, -0.8539723447640307 
4.410000000003061, -0.8536623950420849 
4.4200000000030375, -0.8531854363586843 
4.430000000003014, -0.8527654631265149 
4.440000000002991, -0.8525999351366084 
4.450000000002968, -0.8526520204294641 
4.460000000002944, -0.8527039472883577 
4.470000000002921, -0.8526423039953653 
4.480000000002898, -0.8524622751207659 
4.490000000002874, -0.852684709279062 
4.500000000002851, -0.853567428111947 
4.510000000002828, -0.85459058022543 
4.520000000002804, -0.8548185212261824 
4.530000000002781, -0.8546291464329591 
4.540000000002758, -0.8561550699044375 
4.5500000000027345, -0.8643076089530122 
4.560000000002711, -0.8695819418784807 
4.570000000002688, -0.869941632810671 
4.580000000002665, -0.8694193405875111 
4.590000000002641, -0.8701255844218937 
4.600000000002618, -0.8940394684244842 
4.610000000002595, -0.8990266907179344 
4.620000000002571, -0.8991240711525348 
4.630000000002548, -0.8977852934559738 
4.640000000002525, -0.879960359680463 
4.6500000000025015, -0.8606848747380698 
4.660000000002478, -0.8601978747385409 
4.670000000002455, -0.8600936101386975 
4.6800000000024315, -0.8588302895937896 
4.690000000002408, -0.8552435511648998 
4.700000000002385, -0.8528116420508243 
4.710000000002362, -0.852367835306495 
4.720000000002338, -0.8522254232871275 
4.730000000002315, -0.8516997966580999 
4.740000000002292, -0.8510068507657735 
4.750000000002268, -0.8504964494730898 
4.760000000002245, -0.8503419444628396 
4.770000000002222, -0.8503280609632323 
4.7800000000021985, -0.8502485167671999 
4.790000000002175, -0.8500732609169446 
4.800000000002152, -0.8498998879569939 
4.810000000002129, -0.8501252009695008 
4.820000000002105, -0.8507208013477952 
4.830000000002082, -0.8512893986608824 
4.840000000002059, -0.851308268202373 
4.850000000002035, -0.8512020690387333 
4.860000000002012, -0.8531045835350927 
4.870000000001989, -0.8583980881026653 
4.880000000001965, -0.8610166045489879 
4.890000000001942, -0.8610886629293858 
4.900000000001919, -0.8605445772659618 
4.9100000000018955, -0.8693150340549607 
4.920000000001872, -0.8996078601675225 
4.930000000001849, -0.9028224834372756 
4.940000000001826, -0.9027337554006631 
4.950000000001802, -0.9003605002597648 
4.960000000001779, -0.8731935982327178 
4.970000000001756, -0.859273459069119 
4.980000000001732, -0.8595361052175746 
4.990000000001709, -0.8593030128457877 
5.000000000001686, -0.8570685106842311 
5.0100000000016625, -0.8517376227061704 
5.020000000001639, -0.8491590089610448 
5.030000000001616, -0.8489103821927974 
5.0400000000015925, -0.8486907505546547 
5.050000000001569, -0.8479558460327131 
5.060000000001546, -0.8471181587048235 
5.070000000001523, -0.8465892478148319 
5.080000000001499, -0.8464690001603747 
5.090000000001476, -0.8464093084644474 
5.100000000001453, -0.8462603786795365 
5.110000000001429, -0.8460331133597294 
5.120000000001406, -0.8458897930227307 
5.130000000001383, -0.8461319148061233 
5.1400000000013595, -0.8466364986496219 
5.150000000001336, -0.8470308305016957 
5.160000000001313, -0.8469603232082606 
5.17000000000129, -0.8469816645351569 
5.180000000001266, -0.8492152510065792 
5.190000000001243, -0.853734967363267 
5.20000000000122, -0.855438382728861 
5.210000000001196, -0.8553729240833642 
5.220000000001173, -0.8549133712154171 
5.23000000000115, -0.8700191437641558 
5.240000000001126, -0.8958330074121569 
5.250000000001103, -0.8977253270365818 
5.26000000000108, -0.8975020146641921 
5.2700000000010565, -0.8937141867482533 
5.280000000001033, -0.8626425854102612 
5.29000000000101, -0.8540723944280814 
5.300000000000987, -0.8543133529902092 
5.310000000000963, -0.8539627359357662 
5.32000000000094, -0.8512239530196213 
5.330000000000917, -0.8463464154284052 
5.340000000000893, -0.8444023582354098 
5.35000000000087, -0.8442355730364107 
5.360000000000847, -0.8439697355067881 
5.3700000000008234, -0.8432418491006154 
5.3800000000008, -0.8425054238831179 
5.390000000000777, -0.8420734047247899 
5.4000000000007535, -0.841998506145618 
5.41000000000073, -0.8419538003060065 
5.420000000000707, -0.8418366928637101 
5.430000000000684, -0.8416257544527628 
5.44000000000066, -0.8415421956842074 
5.450000000000637, -0.8419125041602441 
5.460000000000614, -0.8425840068433158 
5.47000000000059, -0.8430234311494221 
5.480000000000567, -0.8429279999285668 
5.490000000000544, -0.8430663625015892 
5.5000000000005205, -0.8465650428732208 
5.510000000000497, -0.8527450720319596 
5.520000000000474, -0.8543427622309769 
5.5300000000004506, -0.8542067754305677 
5.540000000000427, -0.8533930129008392 
5.550000000000404, -0.8690180319735046 
5.560000000000381, -0.8878544884357341 
5.570000000000357, -0.8890421249121317 
5.580000000000334, -0.88873012137116 
5.590000000000311, -0.8836471857064394 
5.600000000000287, -0.8574499079959745 
5.610000000000264, -0.8510809208815469 
5.620000000000241, -0.8511393783759925 
5.6300000000002175, -0.8507465817463128 
5.640000000000194, -0.8485727613008343 
5.650000000000171, -0.84566317785762 
5.660000000000148, -0.8444372452589294 
5.670000000000124, -0.8442891452529799 
5.680000000000101, -0.8440428313097649 
5.690000000000078, -0.8434972737360995 
5.700000000000054, -0.8429690793776491 
5.710000000000031, -0.8426638209292495 
5.720000000000008, -0.8426505789005779 
5.729999999999984, -0.8426836643957225 
5.739999999999961, -0.8426561884431449 
5.749999999999938, -0.8424804235357569 
5.7599999999999145, -0.8424766542440797 
5.769999999999891, -0.8431236607322219 
5.779999999999868, -0.8442055587391176 
5.789999999999845, -0.8447764817796977 
5.799999999999821, -0.8446622208268352 
5.809999999999798, -0.8449278165657038 
5.819999999999775, -0.8512078140308915 
5.829999999999751, -0.8606170101587466 
5.839999999999728, -0.8621120710400998 
5.849999999999705, -0.8619017093826326 
5.8599999999996815, -0.8601642606614132 
5.869999999999658, -0.8625904622719144 
5.879999999999635, -0.8690466036673015 
5.8899999999996115, -0.869734808539372 
5.899999999999588, -0.8693481758832627 
5.909999999999565, -0.8643747340265798 
5.919999999999542, -0.8500498331748112 
5.929999999999518, -0.8462217482469673 
5.939999999999495, -0.8461552848142738 
5.949999999999472, -0.8457807434501714 
5.959999999999448, -0.8443560900608522 
5.969999999999425, -0.8427994218966962 
5.979999999999402, -0.842048319627624 
5.9899999999993785, -0.8419222212705851 
5.999999999999355, -0.8417437398906348 
6.009999999999332, -0.8414055110042249 
6.019999999999309, -0.8410560735060755 
6.029999999999285, -0.8408691999532661 
6.039999999999262, -0.8409709237447739 
6.049999999999239, -0.8411832684491473 
6.059999999999215, -0.8413107802527117 
6.069999999999192, -0.8411738731860593 
6.079999999999169, -0.8412698037534672 
6.089999999999145, -0.8426419954029741 
6.099999999999122, -0.8449051391923971 
6.109999999999099, -0.8458079941191697 
6.1199999999990755, -0.8456786422496695 
6.129999999999052, -0.8458487444030506 
6.139999999999029, -0.859990629363924 
6.149999999999006, -0.8777287535680248 
6.159999999998982, -0.8791841614545151 
6.169999999998959, -0.8789040051098278 
6.179999999998936, -0.8749632129351727 
6.189999999998912, -0.847482767941072 
6.199999999998889, -0.8425279826659339 
6.209999999998866, -0.8428421500395917 
6.2199999999988425, -0.8424437304521873 
6.229999999998819, -0.8392871254227102 
6.239999999998796, -0.8339135639020204 
6.2499999999987725, -0.8319667759175605 
6.259999999998749, -0.8318138207908627 
6.269999999998726, -0.8315461004975483 
6.279999999998703, -0.8308429833911627 
6.289999999998679, -0.8301528456568041 
6.299999999998656, -0.8297516292758249 
6.309999999998633, -0.8296921501368517 
6.319999999998609, -0.8296829837946283 
6.329999999998586, -0.82961926129308 
6.339999999998563, -0.8294396567095766 
6.3499999999985395, -0.829374608484781 
6.359999999998516, -0.8298864905402832 
6.369999999998493, -0.8308743346937838 
6.37999999999847, -0.8315464397247889 
6.389999999998446, -0.8314886552700137 
6.399999999998423, -0.8315139777028502 
6.4099999999984, -0.836891998927659 
6.419999999998376, -0.8485614496821199 
6.429999999998353, -0.851046145203679 
6.43999999999833, -0.8509593066126074 
6.449999999998306, -0.8493470944534648 
6.459999999998283, -0.8363615428363228 
6.46999999999826, -0.8298333805710113 
6.4799999999982365, -0.8305348818261731 
6.489999999998213, -0.8303612704025302 
6.49999999999819, -0.8283228738105124 
6.509999999998167, -0.8225088512598396 
6.519999999998143, -0.819436081224421 
6.52999999999812, -0.8190700631300928 
6.539999999998097, -0.8189152821262654 
6.549999999998073, -0.8183608748666573 
6.55999999999805, -0.8176937168293055 
6.569999999998027, -0.8172311195677143 
6.5799999999980034, -0.8171094757770209 
6.58999999999798, -0.8171498510884115 
6.599999999997957, -0.81717634687252 
6.6099999999979335, -0.8170858589781363 
6.61999999999791, -0.8169371708846496 
6.629999999997887, -0.8173674339715904 
6.639999999997864, -0.8187189561353563 
6.64999999999784, -0.820145121279667 
6.659999999997817, -0.8203760018057178 
6.669999999997794, -0.8201211140305461 
6.67999999999777, -0.8229816889203148 
6.689999999997747, -0.8454851792986108 
6.699999999997724, -0.85417118341789 
6.7099999999977005, -0.8545004563350211 
6.719999999997677, -0.8537247780598956 
6.729999999997654, -0.8410559949382023 
6.7399999999976306, -0.8117429684929386 
6.749999999997607, -0.8100042672885732 
6.759999999997584, -0.8100298594644105 
6.769999999997561, -0.8093707277783849 
6.779999999997537, -0.8070703104620431 
6.789999999997514, -0.8050652663818841 
6.799999999997491, -0.8043615794810497 
6.809999999997467, -0.8042652322386022 
6.819999999997444, -0.8040648561471007 
6.829999999997421, -0.8037478987733354 
6.8399999999973975, -0.8034409014531368 
6.849999999997374, -0.8033199562610234 
6.859999999997351, -0.8035383504122124 
6.869999999997328, -0.8039669836699572 
6.879999999997304, -0.8042751771025434 
6.889999999997281, -0.8041743064186364 
6.899999999997258, -0.8043110554249397 
6.909999999997234, -0.8078332299336406 
6.919999999997211, -0.8150878896420706 
6.929999999997188, -0.8171517088727113 
6.939999999997164, -0.8170748614853287 
6.949999999997141, -0.8156634716733842 
6.959999999997118, -0.8029376786944195 
6.9699999999970945, -0.7922986268556224 
6.979999999997071, -0.7927931743718035 
6.989999999997048, -0.7926850310361057 
6.999999999997025, -0.7913604228279124 
7.009999999997001, -0.788073536709736 
7.019999999996978, -0.7860678218556338 
7.029999999996955, -0.785614561198015 
7.039999999996931, -0.7855262814352945 
7.049999999996908, -0.7852663809439764 
7.059999999996885, -0.7849463639898416 
7.0699999999968615, -0.7846676741988408 
7.079999999996838, -0.7846467989559485 
7.089999999996815, -0.7849857738064822 
7.0999999999967915, -0.7855520779680547 
7.109999999996768, -0.785838107941895 
7.119999999996745, -0.7856958557750187 
7.129999999996722, -0.7861940800251965 
7.139999999996698, -0.7937044023115988 
7.149999999996675, -0.8048676898276194 
7.159999999996652, -0.806419057103189 
7.169999999996628, -0.8062144551609042 
7.179999999996605, -0.8030182275559336 
7.189999999996582, -0.7742920760485049 
7.1999999999965585, -0.7621672275867982 
7.209999999996535, -0.7620476885922005 
7.219999999996512, -0.7618900559612091 
7.229999999996489, -0.76098256157716 
7.239999999996465, -0.7597034321750187 
7.249999999996442, -0.7589380277551356 
7.259999999996419, -0.7587085880153258 
7.269999999996395, -0.7587146624258768 
7.279999999996372, -0.7587259327271284 
7.289999999996349, -0.7586903249716863 
7.299999999996325, -0.7585327831556359 
7.309999999996302, -0.7588101257472833 
7.319999999996279, -0.7607375297774414 
7.3299999999962555, -0.7640839607332005 
7.339999999996232, -0.7651872788635765 
7.349999999996209, -0.7650401553933517 
7.359999999996186, -0.7636417930405026 
7.369999999996162, -0.7512720460162309 
7.379999999996139, -0.739785278927687 
7.389999999996116, -0.7400000415541254 
7.399999999996092, -0.7399037721869683 
7.409999999996069, -0.7389748717689848 
7.419999999996046, -0.7372829456093261 
7.4299999999960225, -0.7362555684898812 
7.439999999995999, -0.7359194580317898 
7.449999999995976, -0.7359069697708253 
7.4599999999959525, -0.7359162338968867 
7.469999999995929, -0.7359152807403917 
7.479999999995906, -0.7357761830951657 
7.489999999995883, -0.7358773940715334 
7.499999999995859, -0.737744842356929 
7.509999999995836, -0.7424195671251812 
7.519999999995813, -0.7446991710660726 
7.529999999995789, -0.7447444988442233 
7.539999999995766, -0.7436622003169651 
7.549999999995743, -0.7270988804838332 
7.5599999999957195, -0.7018017033385711 
7.569999999995696, -0.7000424167157332 
7.579999999995673, -0.700020831447606 
7.58999999999565, -0.6996718652277035 
7.599999999995626, -0.6989769202775632 
7.609999999995603, -0.6984630979446281 
7.61999999999558, -0.698214635909148 
7.629999999995556, -0.6983192334412024 
7.639999999995533, -0.6987650957427294 
7.64999999999551, -0.6994302081011518 
7.659999999995486, -0.6996021382124846 
7.669999999995463, -0.6993757025492265 
7.67999999999544, -0.7008667189900222 
7.6899999999954165, -0.7282244926370365 
7.699999999995393, -0.7396985110930502 
7.70999999999537, -0.7403263133015882 
7.719999999995347, -0.7400496704289476 
7.729999999995323, -0.7379994181153106 
7.7399999999953, -0.7347674318501354 
7.749999999995277, -0.7333113632224089 
7.759999999995253, -0.7330331190448958 
7.76999999999523, -0.7329738491508483 
7.779999999995207, -0.7328362087357556 
7.789999999995183, -0.7326854187213122 
7.79999999999516, -0.732507280160351 
7.809999999995137, -0.7327167882817796 
7.8199999999951135, -0.734013971150168 
7.82999999999509, -0.7363773310398518 
7.839999999995067, -0.7373230303567685 
7.849999999995044, -0.7371891864096678 
7.85999999999502, -0.7359809686342538 
7.869999999994997, -0.7240013536832721 
7.879999999994974, -0.7092778401894724 
7.88999999999495, -0.7092185601930323 
7.899999999994927, -0.7091610716927055 
7.909999999994904, -0.7084888660242591 
7.9199999999948805, -0.7073209415532671 
7.929999999994857, -0.7065832725418622 
7.939999999994834, -0.7063029794208471 
7.9499999999948106, -0.7063533892862423 
7.959999999994787, -0.7065586054677279 
7.969999999994764, -0.7068111164279277 
7.979999999994741, -0.7067713002303639 
7.989999999994717, -0.706699408493948 
7.999999999994694, -0.7103695236300406 
8.00999999999467, -0.7294595849616721 
8.019999999994647, -0.7368938499537392 
8.029999999994624, -0.7372152143915662 
8.0399999999946, -0.7365604794520942 
8.049999999994577, -0.7310218536029943 
8.059999999994554, -0.7238304229344144 
8.06999999999453, -0.721992023860133 
8.079999999994508, -0.7218434327166195 
8.089999999994484, -0.7216938932785724 
8.099999999994461, -0.7213877028113757 
8.109999999994438, -0.7211122106643596 
8.119999999994414, -0.7209281586721308 
8.129999999994391, -0.7211563757821183 
8.139999999994368, -0.7220597040665079 
8.149999999994344, -0.7234266622740828 
8.159999999994321, -0.72384525250026 
8.169999999994298, -0.7236091934377916 
8.179999999994275, -0.7232381071478206 
8.189999999994251, -0.7311894547462846 
8.199999999994228, -0.7325058335728062 
8.209999999994205, -0.7329933324684118 
8.219999999994181, -0.7328118439058661 
8.229999999994158, -0.7315154424621845 
8.239999999994135, -0.7294990604226541 
8.249999999994111, -0.7284307525754227 
8.259999999994088, -0.7281456244241343 
8.269999999994065, -0.7281318742320455 
8.279999999994041, -0.7281157646706438 
8.289999999994018, -0.7280819721882026 
8.299999999993995, -0.7279311730218825 
8.309999999993972, -0.7281397035395725 
8.319999999993948, -0.7302808716757582 
8.329999999993925, -0.7349725188167281 
8.339999999993902, -0.7368036243740141 
8.349999999993878, -0.7367653799700028 
8.359999999993855, -0.735296891286287 
8.369999999993832, -0.7151094945596975 
8.379999999993808, -0.6947114122032932 
8.389999999993785, -0.6934878916975321 
8.399999999993762, -0.6934468924691133 
8.409999999993738, -0.6930847514559035 
8.419999999993715, -0.6924794541121156 
8.429999999993692, -0.6920499282972318 
8.439999999993669, -0.6918609924537928 
8.449999999993645, -0.6920514348650351 
8.459999999993622, -0.6926782183044391 
8.469999999993599, -0.6935245204052987 
8.479999999993575, -0.6936957200700556 
8.489999999993552, -0.6934085412297546 
8.499999999993529, -0.6944086303578436 
8.509999999993505, -0.7080774098704388 
8.519999999993482, -0.7097415916629628 
8.529999999993459, -0.710076165328254 
8.539999999993436, -0.7098205494898367 
8.549999999993412, -0.7085126673523767 
8.559999999993389, -0.7069824041022889 
8.569999999993366, -0.7062240272942909 
8.579999999993342, -0.706038862221058 
8.589999999993319, -0.7060864621231018 
8.599999999993296, -0.7062033945550051 
8.609999999993272, -0.7062755428366797 
8.619999999993249, -0.7061421269649969 
8.629999999993226, -0.7065131913802346 
8.639999999993202, -0.7119193361023834 
8.64999999999318, -0.7240345908451845 
8.659999999993156, -0.7265751288886034 
8.669999999993133, -0.72653596015608 
8.67999999999311, -0.7248511850562452 
8.689999999993086, -0.7144590299743966 
8.699999999993063, -0.7075972609737372 
8.70999999999304, -0.7066328918124709 
8.719999999993016, -0.7065595423599895 
8.729999999992993, -0.7063258618150778 
8.73999999999297, -0.70600350383076 
8.749999999992946, -0.7057388640569521 
8.759999999992923, -0.7056457403395733 
8.7699999999929, -0.7060942155009052 
8.779999999992876, -0.7073654429771189 
8.789999999992853, -0.7087442372047927 
8.79999999999283, -0.7089306171755455 
8.809999999992806, -0.7085049133479338 
8.819999999992783, -0.7061339682298213 
8.82999999999276, -0.6868316932981843 
8.839999999992736, -0.6828094404178547 
8.849999999992713, -0.6829057027974489 
8.85999999999269, -0.6826669636512014 
8.869999999992666, -0.6818399861391625 
8.879999999992643, -0.6810761433324127 
8.88999999999262, -0.6806689056080031 
8.899999999992596, -0.680619833149148 
8.909999999992573, -0.6808929135856873 
8.91999999999255, -0.6814695712430631 
8.929999999992527, -0.6818490968575174 
8.939999999992503, -0.681731448524794 
8.94999999999248, -0.6816563705591451 
8.959999999992457, -0.6951531635399685 
8.969999999992433, -0.7146152065416483 
8.97999999999241, -0.7160748333608284 
8.989999999992387, -0.7160715740280891 
8.999999999992363, -0.7152214985819213 
9.00999999999234, -0.7130404775155513 
9.019999999992317, -0.7116129544562159 
9.029999999992294, -0.7111216393768004 
9.03999999999227, -0.7110789523740326 
9.049999999992247, -0.7110921961754507 
9.059999999992224, -0.7111260000051377 
9.0699999999922, -0.7110329338314639 
9.079999999992177, -0.7109843388645477 
9.089999999992154, -0.7125721135020792 
9.09999999999213, -0.7190147070596001 
9.109999999992107, -0.7239191092558755 
9.119999999992084, -0.7243179748446485 
9.12999999999206, -0.7237550453049196 
9.139999999992037, -0.7161945884926401 
9.149999999992014, -0.699078649454323 
9.15999999999199, -0.6955425274794034 
9.169999999991967, -0.6953801253681692 
9.179999999991944, -0.695227042491821 
9.18999999999192, -0.6948390133139976 
9.199999999991897, -0.6944965758589818 
9.209999999991874, -0.6942678379519546 
9.21999999999185, -0.6943887359635665 
9.229999999991827, -0.6951457396425698 
9.239999999991804, -0.6965926687278013 
9.24999999999178, -0.6972835131188396 
9.259999999991757, -0.6971467071341128 
9.269999999991734, -0.6961211468843461 
9.27999999999171, -0.6844194025746626 
9.289999999991688, -0.6666413127795732 
9.299999999991664, -0.6661899990092858 
9.309999999991641, -0.6661574044247047 
9.319999999991618, -0.6657021963214603 
9.329999999991594, -0.6649809142534396 
9.339999999991571, -0.6645145236282781 
9.349999999991548, -0.6643282242676403 
9.359999999991524, -0.6645331745769719 
9.369999999991501, -0.6652306165335299 
9.379999999991478, -0.6662210412364361 
9.389999999991455, -0.6664439720697546 
9.399999999991431, -0.666122541629512 
9.409999999991408, -0.6643877690144392 
9.419999999991385, -0.6422280285719573 
9.429999999991361, -0.6336152100328376 
9.439999999991338, -0.6335386861866853 
9.449999999991315, -0.633423199072781 
9.459999999991291, -0.6329650264903756 
9.469999999991268, -0.6325206285235776 
9.479999999991245, -0.6322457294103117 
9.489999999991221, -0.632247565495236 
9.499999999991198, -0.6329690918449172 
9.509999999991175, -0.635126317152532 
9.519999999991152, -0.6370898316832445 
9.529999999991128, -0.6372745238966743 
9.539999999991105, -0.6365897012805021 
9.549999999991082, -0.628216088119912 
9.559999999991058, -0.6149602965752777 
9.569999999991035, -0.6124000818846251 
9.579999999991012, -0.6121923589913274 
9.589999999990988, -0.6121379108752357 
9.599999999990965, -0.6120538884277507 
9.609999999990942, -0.6120135088759712 
9.619999999990918, -0.6118840555232249 
9.629999999990895, -0.6121613105296867 
9.639999999990872, -0.6179516024080745 
9.649999999990849, -0.6384474638009867 
9.659999999990825, -0.6429010709918579 
9.669999999990802, -0.6430462373987551 
9.679999999990779, -0.6424034126747404 
9.689999999990755, -0.6402198009706093 
9.699999999990732, -0.6386647719386579 
9.709999999990709, -0.638094148553889 
9.719999999990685, -0.6380312837249904 
9.729999999990662, -0.6381907305880371 
9.739999999990639, -0.6385470446876995 
9.749999999990616, -0.6387457463993638 
9.759999999990592, -0.6385908595589165 
9.769999999990569, -0.6388569547755184 
9.779999999990546, -0.6552571536344115 
9.789999999990522, -0.6656992053696721 
9.799999999990499, -0.6663698662112115 
9.809999999990476, -0.6663379186312725 
9.819999999990452, -0.6656807083329916 
9.829999999990429, -0.66452171081102 
9.839999999990406, -0.66382237066776 
9.849999999990382, -0.6635555093021461 
9.85999999999036, -0.6636469303421452 
9.869999999990336, -0.6640240734127049 
9.879999999990313, -0.6645830350053948 
9.88999999999029, -0.664692748545835 
9.899999999990266, -0.6644422416596428 
9.909999999990243, -0.6660645133328092 
9.91999999999022, -0.6845068607677779 
9.929999999990196, -0.6869422739152561 
9.939999999990173, -0.6872852688194345 
9.94999999999015, -0.6870662896938681 
9.959999999990126, -0.68597151634438 
9.969999999990103, -0.6847226567193163 
9.97999999999008, -0.6840855221731268 
9.989999999990056, -0.6839228293323192 
9.999999999990033, -0.6840358532101977 
10.00999999999001, -0.6843152505267637 
10.019999999989986, -0.6845551958350592 
10.029999999989963, -0.6844563821381635 
10.03999999998994, -0.6845582826859408 
10.049999999989916, -0.6937480791278704 
10.059999999989893, -0.7216156017870261 
10.06999999998987, -0.7254427317614265 
10.079999999989846, -0.7255147076359355 
10.089999999989823, -0.7245505792301667 
10.0999999999898, -0.7204019340889178 
10.109999999989776, -0.7172706063936032 
10.119999999989753, -0.7164158190772192 
10.12999999998973, -0.7163252606185259 
10.139999999989707, -0.7162172415448934 
10.149999999989683, -0.7160664872179681 
10.15999999998966, -0.7158936839465588 
10.169999999989637, -0.7158057799557362 
10.179999999989613, -0.7164795710845893 
10.18999999998959, -0.7187137913973207 
10.199999999989567, -0.7211560133697378 
10.209999999989543, -0.7215180420271575 
10.21999999998952, -0.7210901350750063 
10.229999999989497, -0.7157044880533531 
10.239999999989474, -0.6833324053189596 
10.24999999998945, -0.6765888137135493 
10.259999999989427, -0.6765277698346425 
10.269999999989404, -0.6763603403188806 
10.27999999998938, -0.6757923492308441 
10.289999999989357, -0.6752564060317976 
10.299999999989334, -0.6749371976852139 
10.30999999998931, -0.6749340967785349 
10.319999999989287, -0.6753878296251745 
10.329999999989264, -0.6763996294899977 
10.33999999998924, -0.6771103923479741 
10.349999999989217, -0.6770485150449717 
10.359999999989194, -0.6763844830293215 
10.36999999998917, -0.6712978551759514 
10.379999999989147, -0.6509584049711775 
10.389999999989124, -0.6497332569971075 
10.3999999999891, -0.6497464618044103 
10.409999999989077, -0.6494163232041397 
10.419999999989054, -0.6487746821828292 
10.42999999998903, -0.6483285379801796 
10.439999999989007, -0.6481137558426429 
10.449999999988984, -0.6482987173093432 
10.45999999998896, -0.6491374350725845 
10.469999999988937, -0.650663037133356 
10.479999999988914, -0.6512324369138509 
10.48999999998889, -0.6510254183674385 
10.499999999988868, -0.6486436096130698 
10.509999999988844, -0.6230266814288463 
10.519999999988821, -0.609918156893837 
10.529999999988798, -0.6091392373480397 
10.539999999988774, -0.6090883833879449 
10.549999999988751, -0.6088916108108916 
10.559999999988728, -0.6086909608058395 
10.569999999988704, -0.6085318594965091 
10.579999999988681, -0.6084732660968313 
10.589999999988658, -0.6096642300744756 
10.599999999988635, -0.616676796856106 
10.609999999988611, -0.625175368525925 
10.619999999988588, -0.6260856710463072 
10.629999999988565, -0.625850274796239 
10.639999999988541, -0.6238891533194217 
10.649999999988518, -0.6207475235013012 
10.659999999988495, -0.619458284664715 
10.669999999988471, -0.6191445088575018 
10.679999999988448, -0.619187806583678 
10.689999999988425, -0.6193950249095105 
10.699999999988401, -0.6197136909077255 
10.709999999988378, -0.6197183763619879 
10.719999999988355, -0.6194961135528019 
10.729999999988332, -0.6226615192291116 
10.739999999988308, -0.6366921147566913 
10.749999999988285, -0.6359980696500119 
10.759999999988262, -0.6361740763016176 
10.769999999988238, -0.6359742001551462 
10.779999999988215, -0.6352608769367678 
10.789999999988192, -0.634618471412159 
10.799999999988168, -0.6342754624442252 
10.809999999988145, -0.6342643039848924 
10.819999999988122, -0.6347612598034741 
10.829999999988098, -0.6360419430949906 
10.839999999988075, -0.637093906506926 
10.849999999988052, -0.6371180046286125 
10.859999999988029, -0.6362584454728889 
10.869999999988005, -0.622901502649753 
10.879999999987982, -0.6006048594202266 
10.889999999987959, -0.5979728480647384 
10.899999999987935, -0.5978611343305815 
10.909999999987912, -0.5977593463024119 
10.919999999987889, -0.5975955075245734 
10.929999999987865, -0.5974908062161023 
10.939999999987842, -0.5973544473222732 
10.949999999987819, -0.5977797246980664 
10.959999999987796, -0.6034834834220255 
10.969999999987772, -0.6204321277195548 
10.979999999987749, -0.6238591085429209 
10.989999999987726, -0.6239409985611795 
10.999999999987702, -0.6232033099584757 
11.009999999987679, -0.6210812207505215 
11.019999999987656, -0.6197452435312607 
11.029999999987632, -0.6192690572571687 
11.039999999987609, -0.6192499497391487 
11.049999999987586, -0.6194957150024012 
11.059999999987562, -0.62002580102556 
11.06999999998754, -0.6203054664599098 
11.079999999987516, -0.6201336504057854 
11.089999999987493, -0.6195899134413266 
11.09999999998747, -0.6109531297773649 
11.109999999987446, -0.5931977319742916 
11.119999999987423, -0.5924774424310039 
11.1299999999874, -0.592448877152998 
11.139999999987376, -0.5921854860323884 
11.149999999987353, -0.5918567857049918 
11.15999999998733, -0.5916428368298204 
11.169999999987306, -0.59154678117416 
11.179999999987283, -0.592303006317226 
11.18999999998726, -0.596810082101954 
11.199999999987236, -0.6045447326719617 
11.209999999987213, -0.6058201215052286 
11.21999999998719, -0.6056762574075619 
11.229999999987166, -0.604094846537808 
11.239999999987143, -0.6009636263829723 
11.24999999998712, -0.599575431913522 
11.259999999987096, -0.5991999988261841 
11.269999999987073, -0.5992378741132312 
11.27999999998705, -0.5995034378475441 
11.289999999987026, -0.5999896027014685 
11.299999999987003, -0.6001222009794899 
11.30999999998698, -0.5998561952550097 
11.319999999986956, -0.5988607303254374 
11.329999999986933, -0.5762975713862715 
11.33999999998691, -0.564880088792904 
11.349999999986887, -0.5645113860266777 
11.359999999986863, -0.5644566400959106 
11.36999999998684, -0.5642467502579434 
11.379999999986817, -0.5640854491069645 
11.389999999986793, -0.5639536357503954 
11.39999999998677, -0.563925593704009 
11.409999999986747, -0.5659737291902458 
11.419999999986723, -0.582760138519199 
11.4299999999867, -0.5957341040768248 
11.439999999986677, -0.5964768567894899 
11.449999999986654, -0.5962993458775857 
11.45999999998663, -0.5952923147024386 
11.469999999986607, -0.5941645110662775 
11.479999999986584, -0.5936349122264053 
11.48999999998656, -0.5935061027637127 
11.499999999986537, -0.5938098662822481 
11.509999999986514, -0.5948146617992086 
11.51999999998649, -0.5961364092022421 
11.529999999986467, -0.5963639424000338 
11.539999999986444, -0.5958790637689824 
11.54999999998642, -0.5893361057567001 
11.559999999986397, -0.5734086566888071 
11.569999999986374, -0.569934041565214 
11.57999999998635, -0.5695958090188993 
11.589999999986327, -0.5695756414042005 
11.599999999986304, -0.5695823736816158 
11.60999999998628, -0.5696785132595198 
11.619999999986257, -0.5696171771852238 
11.629999999986234, -0.5695185453449941 
11.63999999998621, -0.5742728892748952 
11.649999999986187, -0.5963536663958386 
11.659999999986164, -0.5965532188772371 
11.66999999998614, -0.5967109382074396 
11.679999999986117, -0.596537560513071 
11.689999999986094, -0.5959795999142365 
11.69999999998607, -0.5955208759557366 
11.709999999986048, -0.5952652860776562 
11.719999999986024, -0.5953279176658467 
11.729999999986001, -0.5963339952377712 
11.739999999985978, -0.599610562860836 
11.749999999985954, -0.6022146465213605 
11.759999999985931, -0.6024233335330553 
11.769999999985908, -0.6017375167631772 
11.779999999985884, -0.5968435287029821 
11.789999999985861, -0.5920500222980204 
11.799999999985838, -0.5907805343780005 
11.809999999985815, -0.5905972724385314 
11.819999999985791, -0.5906496165529173 
11.829999999985768, -0.5908425633301755 
11.839999999985745, -0.5910620964016315 
11.849999999985721, -0.5909764605481016 
11.859999999985698, -0.5908033991939571 
11.869999999985675, -0.5964311913318843 
11.879999999985651, -0.5913603738193431 
11.889999999985628, -0.5896769674370205 
11.899999999985605, -0.5897101123850096 
11.909999999985581, -0.5894986113404261 
11.919999999985558, -0.5890673730918055 
11.929999999985535, -0.5887749644557251 
11.939999999985512, -0.58859971754476 
11.949999999985488, -0.5888813860698369 
11.959999999985465, -0.5911073218948761 
11.969999999985442, -0.597559990082313 
11.979999999985418, -0.600150262077594 
11.989999999985395, -0.600217774184739 
11.999999999985372, -0.5992852441774831 
12.009999999985348, -0.5957540515373407 
12.019999999985325, -0.5935453665805311 
12.029999999985302, -0.5928912310329626 
12.039999999985278, -0.5928274900551627 
12.049999999985255, -0.5929986210160063 
12.059999999985232, -0.5934287362121079 
12.069999999985209, -0.5937169279352204 
12.079999999985185, -0.593575718486572 
12.089999999985162, -0.5929390482036813 
12.099999999985139, -0.5808667212637774 
12.109999999985115, -0.5579363383218298 
12.119999999985092, -0.5565250740012212 
12.129999999985069, -0.5564888371006984 
12.139999999985045, -0.55634334952886 
12.149999999985022, -0.5561799209312156 
12.159999999984999, -0.556082948642338 
12.169999999984976, -0.5559622742773512 
12.179999999984952, -0.5567431766423919 
12.189999999984929, -0.568859227154246 
12.199999999984906, -0.5924810402247302 
12.209999999984882, -0.5943951968427542 
12.219999999984859, -0.5944157517893623 
12.229999999984836, -0.5938497371505171 
12.239999999984812, -0.5928382474638151 
12.249999999984789, -0.5922613404343567 
12.259999999984766, -0.5920376790486733 
12.269999999984742, -0.5922357484894779 
12.27999999998472, -0.5931834335151439 
12.289999999984696, -0.5951103075052355 
12.299999999984673, -0.5958495812524363 
12.30999999998465, -0.5956733621474595 
12.319999999984626, -0.5932114827593461 
12.329999999984603, -0.5813798593440827 
12.33999999998458, -0.5763606443759304 
12.349999999984556, -0.5756082814834925 
12.359999999984533, -0.5755629441941312 
12.36999999998451, -0.5755884115713277 
12.379999999984486, -0.5757310845529053 
12.389999999984463, -0.5757731180071487 
12.39999999998444, -0.5756069407382445 
12.409999999984416, -0.5766279276478997 
12.419999999984393, -0.5928091913951837 
12.42999999998437, -0.5910127143409775 
12.439999999984346, -0.5910390726151246 
12.449999999984323, -0.5909915130987272 
12.4599999999843, -0.5906006327659946 
12.469999999984276, -0.5901446020474611 
12.479999999984253, -0.5898712881648314 
12.48999999998423, -0.5897950206728378 
12.499999999984206, -0.5904920761792841 
12.509999999984183, -0.5937135604138858 
12.51999999998416, -0.598534912525092 
12.529999999984136, -0.5993545130564505 
12.539999999984113, -0.5991077335010103 
12.54999999998409, -0.5967811812492589 
12.559999999984067, -0.5925371053397447 
12.569999999984043, -0.5909343637789717 
12.57999999998402, -0.5905729865373035 
12.589999999983997, -0.5906085697531963 
12.599999999983973, -0.5908294161154323 
12.60999999998395, -0.5912214798270587 
12.619999999983927, -0.5912882858012624 
12.629999999983903, -0.5910099449541337 
12.63999999998388, -0.5906089976881379 
12.649999999983857, -0.5701908154279929 
12.659999999983834, -0.5611729017653457 
12.66999999998381, -0.5609400870588701 
12.679999999983787, -0.560872775426842 
12.689999999983764, -0.560646954095176 
12.69999999998374, -0.5604859071386261 
12.709999999983717, -0.5603495135748437 
12.719999999983694, -0.5603614012914128 
12.72999999998367, -0.5628583172530576 
12.739999999983647, -0.5812980018136327 
12.749999999983624, -0.5924632686032929 
12.7599999999836, -0.5930472890516669 
12.769999999983577, -0.5928313248639555 
12.779999999983554, -0.5917970366339187 
12.78999999998353, -0.5907640419803657 
12.799999999983507, -0.5902877999133046 
12.809999999983484, -0.59019672556263 
12.81999999998346, -0.5905673956330465 
12.829999999983437, -0.5917450211025285 
12.839999999983414, -0.593133930526352 
12.84999999998339, -0.5933247881315907 
12.859999999983367, -0.5927535311124883 
12.869999999983344, -0.5855934925417731 
12.87999999998332, -0.5726444357177608 
12.889999999983297, -0.569943455152785 
12.899999999983274, -0.5696610972111196 
12.90999999998325, -0.5696526934300488 
12.919999999983228, -0.5696972849448042 
12.929999999983204, -0.5698253484521634 
12.939999999983181, -0.5697595169617167 
12.949999999983158, -0.5696475223386798 
12.959999999983134, -0.5750379418875162 
12.969999999983111, -0.5872918879578167 
12.979999999983088, -0.5856516263731828 
12.989999999983064, -0.5857372179848644 
12.999999999983041, -0.5855662930309046 
13.009999999983018, -0.5850996651869109 
13.019999999982995, -0.5847485965894869 
13.029999999982971, -0.5845394167199699 
13.039999999982948, -0.584673961948887 
13.049999999982925, -0.5862435665399681 
13.059999999982901, -0.5917554827809094 
13.069999999982878, -0.5952251692387764 
13.079999999982855, -0.5954451485936093 
13.089999999982831, -0.5948036054522539 
13.099999999982808, -0.5915699165572331 
13.109999999982785, -0.5889421683864657 
13.119999999982761, -0.588116853193382 
13.129999999982738, -0.5879890317713713 
13.139999999982715, -0.5881329932733804 
13.149999999982692, -0.588546859807777 
13.159999999982668, -0.5889416309457175 
13.169999999982645, -0.5888727327908535 
13.179999999982622, -0.5882903434838053 
13.189999999982598, -0.5791135668603162 
13.199999999982575, -0.5507595714022087 
13.209999999982552, -0.5480428250158041 
13.219999999982528, -0.5479618032699629 
13.229999999982505, -0.5478688871347372 
13.239999999982482, -0.5477445800526691 
13.249999999982458, -0.5476974431292454 
13.259999999982435, -0.5475744556149004 
13.269999999982412, -0.5478876945745549 
13.279999999982389, -0.5578377937894963 
13.289999999982365, -0.5868014175555474 
13.299999999982342, -0.588984354869116 
13.309999999982319, -0.5890998370326533 
13.319999999982295, -0.588768921268441 
13.329999999982272, -0.5880345287761639 
13.339999999982249, -0.5875490652302778 
13.349999999982225, -0.5873184137733177 
13.359999999982202, -0.5874930966426041 
13.369999999982179, -0.5886693211526055 
13.379999999982156, -0.5917393887518748 
13.389999999982132, -0.593317367264318 
13.399999999982109, -0.593316658503207 
13.409999999982086, -0.5920689072740977 
13.419999999982062, -0.5857285954887508 
13.429999999982039, -0.5818395651149404 
13.439999999982016, -0.580958483772883 
13.449999999981992, -0.5808713774317782 
13.459999999981969, -0.5809569249412231 
13.469999999981946, -0.5812166583354195 
13.479999999981922, -0.5814009318467845 
13.4899999999819, -0.5812579250743108 
13.499999999981876, -0.5810705040714111 
13.509999999981853, -0.5802937365857964 
13.51999999998183, -0.5619561330929838 
13.529999999981806, -0.5607901216586587 
13.539999999981783, -0.560772118139944 
13.54999999998176, -0.5605824024810789 
13.559999999981736, -0.5603388820754335 
13.569999999981713, -0.5601906587839024 
13.57999999998169, -0.560071746807723 
13.589999999981666, -0.5607983997441397 
13.599999999981643, -0.5690114712186458 
13.60999999998162, -0.587410002394815 
13.619999999981596, -0.5896621377993376 
13.629999999981573, -0.589675345958385 
13.63999999998155, -0.5889899944231296 
13.649999999981526, -0.5876828789286266 
13.659999999981503, -0.5869648909809217 
13.66999999998148, -0.5867004445818402 
13.679999999981456, -0.5868436278947542 
13.689999999981433, -0.5875831954757906 
13.69999999998141, -0.5891157718647835 
13.709999999981386, -0.5897564640860581 
13.719999999981363, -0.5895759993979929 
13.72999999998134, -0.5871014311506907 
13.739999999981316, -0.5732207244303764 
13.749999999981293, -0.5672611153826328 
13.75999999998127, -0.5664528266046037 
13.769999999981247, -0.566404599896927 
13.779999999981223, -0.5664216927770028 
13.7899999999812, -0.5665567165703296 
13.799999999981177, -0.5666052641765167 
13.809999999981153, -0.5664396346965435 
13.81999999998113, -0.5672302121792728 
13.829999999981107, -0.5790716154355422 
13.839999999981083, -0.5729023146017296 
13.84999999998106, -0.572691901651401 
13.859999999981037, -0.5726581875079158 
13.869999999981014, -0.5723516687152814 
13.87999999998099, -0.5720057400274747 
13.889999999980967, -0.5717925054873263 
13.899999999980944, -0.571715749998343 
13.90999999998092, -0.5726228046178792 
13.919999999980897, -0.5783763334099338 
13.929999999980874, -0.5875402474500716 
13.93999999998085, -0.5887627132205202 
13.949999999980827, -0.5886233469060516 
13.959999999980804, -0.5873179299700017 
13.96999999998078, -0.5852195844637984 
13.979999999980757, -0.5842814064762437 
13.989999999980734, -0.584007871655454 
13.99999999998071, -0.584126743683268 
14.009999999980687, -0.5846465651992075 
14.019999999980664, -0.5855509343905628 
14.02999999998064, -0.5858182490861862 
14.039999999980617, -0.5855009217371029 
14.049999999980594, -0.5814280327749657 
14.05999999998057, -0.5580599869147372 
14.069999999980547, -0.5513456923075006 
14.079999999980524, -0.5507913168466183 
14.0899999999805, -0.5507594557955814 
14.099999999980477, -0.5507318150619178 
14.109999999980454, -0.5508089745812057 
14.11999999998043, -0.5507894489234948 
14.129999999980408, -0.5506378383085515 
14.139999999980384, -0.5526778083353314 
14.149999999980361, -0.5677678740379669 
14.159999999980338, -0.5636268179903694 
14.169999999980314, -0.5636044416354647 
14.179999999980291, -0.5635360360455518 
14.189999999980268, -0.5632030574169076 
14.199999999980244, -0.5628989713715523 
14.209999999980221, -0.5627069460690747 
14.219999999980198, -0.5626898394561399 
14.229999999980175, -0.5640841450778445 
14.239999999980151, -0.5726867976657722 
14.249999999980128, -0.5820395835236372 
14.259999999980105, -0.582856235228314 
14.269999999980081, -0.5826472995023153 
14.279999999980058, -0.5813408417213626 
14.289999999980035, -0.5797866759814634 
14.299999999980011, -0.5791177195265137 
14.309999999979988, -0.5789469396407386 
14.319999999979965, -0.5791795274209737 
14.329999999979941, -0.5799982000584673 
14.339999999979918, -0.5811832494937528 
14.349999999979895, -0.5814228059390725 
14.359999999979872, -0.5809836999640873 
14.369999999979848, -0.5751082474574624 
14.379999999979825, -0.5595356276176894 
14.389999999979802, -0.5559462179873569 
14.399999999979778, -0.5555630681134941 
14.409999999979755, -0.5555528549803894 
14.419999999979732, -0.555601047007814 
14.429999999979708, -0.555765843304515 
14.439999999979685, -0.5557456387519448 
14.449999999979662, -0.5555474380183524 
14.459999999979638, -0.5576567284135827 
14.469999999979615, -0.551653867517679 
14.479999999979592, -0.5447910121319534 
14.489999999979569, -0.5446652633152975 
14.499999999979545, -0.5445895605145992 
14.509999999979522, -0.5443539821741643 
14.519999999979499, -0.5441993930756532 
14.529999999979475, -0.5440680170306308 
14.539999999979452, -0.5440916860526442 
14.549999999979429, -0.547068133489885 
14.559999999979405, -0.5703097610359286 
14.569999999979382, -0.5809641311852564 
14.579999999979359, -0.5814538460083921 
14.589999999979335, -0.5812625074227005 
14.599999999979312, -0.5804448314749724 
14.609999999979289, -0.579686986234303 
14.619999999979266, -0.5793195675275962 
14.629999999979242, -0.5792829539200648 
14.639999999979219, -0.5798662024420856 
14.649999999979196, -0.5818592001865683 
14.659999999979172, -0.5840838858396028 
14.669999999979149, -0.5843762411165575 
14.679999999979126, -0.5838487802846517 
14.689999999979102, -0.5791543290070571 
14.69999999997908, -0.5730189899668849 
14.709999999979056, -0.5713800424841687 
14.719999999979033, -0.5711221449622742 
14.72999999997901, -0.5711688283552289 
14.739999999978986, -0.5713745404432149 
14.749999999978963, -0.5716842077526045 
14.75999999997894, -0.5716656182093645 
14.769999999978916, -0.571333174284026 
14.779999999978893, -0.5700011770066027 
14.78999999997887, -0.543115574928259 
14.799999999978846, -0.5378472755410791 
14.809999999978823, -0.5376996783673286 
14.8199999999788, -0.53762696035076 
14.829999999978776, -0.5374774657546005 
14.839999999978753, -0.5374228481411221 
14.84999999997873, -0.5373156823589538 
14.859999999978706, -0.5373660398020351 
14.869999999978683, -0.5428479075981731 
14.87999999997866, -0.5734357479135176 
14.889999999978636, -0.5769689692889234 
14.899999999978613, -0.5771835167634942 
14.90999999997859, -0.5769912137128144 
14.919999999978566, -0.5764027297937822 
14.929999999978543, -0.5759447229046103 
14.93999999997852, -0.5756988950867399 
14.949999999978496, -0.5757808407959797 
14.959999999978473, -0.5769668052447704 
14.96999999997845, -0.5811939491961277 
14.979999999978427, -0.5844510949129812 
14.989999999978403, -0.5847105298423617 
14.99999999997838, -0.5841231722622384 
15.009999999978357, -0.5808328101128594 
15.019999999978333, -0.577929688054433 
15.02999999997831, -0.577028902879993 
15.039999999978287, -0.5768779753391594 
15.049999999978263, -0.5770206267094166 
15.05999999997824, -0.5774586660178386 
15.069999999978217, -0.5779339661494011 
15.079999999978194, -0.5779062643498127 
15.08999999997817, -0.5772898214756371 
15.099999999978147, -0.5669087228028838 
15.109999999978124, -0.5393530447621598 
15.1199999999781, -0.5361439884089438 
15.129999999978077, -0.5359946166047628 
15.139999999978054, -0.5359455996152519 
15.14999999997803, -0.5359052152358312 
15.159999999978007, -0.535947161379934 
15.169999999977984, -0.5358487805445603 
15.17999999997796, -0.5358606749864984 
15.189999999977937, -0.543372522326639 
15.199999999977914, -0.5503479031433397 
15.20999999997789, -0.5482879236324839 
15.219999999977867, -0.548315998110333 
15.229999999977844, -0.5481683669092036 
15.23999999997782, -0.5478540658101919 
15.249999999977797, -0.5476587546014577 
15.259999999977774, -0.5475084065789307 
15.26999999997775, -0.5477407430435909 
15.279999999977727, -0.5518260085319032 
15.289999999977704, -0.5707828126891585 
15.29999999997768, -0.5765516265680429 
15.309999999977657, -0.5768031690203981 
15.319999999977634, -0.5764288681946155 
15.32999999997761, -0.5753002277859371 
15.339999999977588, -0.5744939327853958 
15.349999999977564, -0.5741479739876568 
15.359999999977541, -0.5741840080337751 
15.369999999977518, -0.5748420870876177 
15.379999999977494, -0.5767426274603251 
15.389999999977471, -0.5782153627924701 
15.399999999977448, -0.5782849953253537 
15.409999999977424, -0.5773420931811246 
15.419999999977401, -0.5704144329621375 
15.429999999977378, -0.5647551513453133 
15.439999999977355, -0.5635256592988186 
15.449999999977331, -0.563379416305727 
15.459999999977308, -0.5634480317033362 
15.469999999977285, -0.5636943051961832 
15.479999999977261, -0.5639557096500234 
15.489999999977238, -0.5638678462668164 
15.499999999977215, -0.5634363480865682 
15.509999999977191, -0.5573377479203172 
15.519999999977168, -0.5295555644360104 
15.529999999977145, -0.5268212013450552 
15.539999999977121, -0.5267382425801542 
15.549999999977098, -0.5266606019422437 
15.559999999977075, -0.5265762914357583 
15.569999999977052, -0.5265747279366355 
15.579999999977028, -0.5264618632801241 
15.589999999977005, -0.5266115943613757 
15.599999999976982, -0.5363787212639493 
15.609999999976958, -0.5483628095204848 
15.619999999976935, -0.547241856151315 
15.629999999976912, -0.5472852168157071 
15.639999999976888, -0.5471111624779876 
15.649999999976865, -0.546773537838902 
15.659999999976842, -0.5465676380792521 
15.669999999976818, -0.5464177557206347 
15.679999999976795, -0.5467191478642944 
15.689999999976772, -0.5510912981101876 
15.699999999976749, -0.5689806517987119 
15.709999999976725, -0.5738095847102813 
15.719999999976702, -0.5740065435711479 
15.729999999976679, -0.5735777540123327 
15.739999999976655, -0.5723975179013898 
15.749999999976632, -0.5716093178551354 
15.759999999976609, -0.5712807498112258 
15.769999999976585, -0.5713426661693355 
15.779999999976562, -0.5720526507554526 
15.789999999976539, -0.5740311026672669 
15.799999999976515, -0.5754084624394671 
15.809999999976492, -0.5754406794179744 
15.819999999976469, -0.5743662841941096 
15.829999999976446, -0.5673488035719915 
15.839999999976422, -0.5623308167665143 
15.849999999976399, -0.5612495985246078 
15.859999999976376, -0.5611286912938998 
15.869999999976352, -0.5612144901115061 
15.879999999976329, -0.5614996539264272 
15.889999999976306, -0.5617695732162176 
15.899999999976282, -0.5616681610015622 
15.90999999997626, -0.5611240707942081 
15.919999999976236, -0.5508506779251723 
15.929999999976213, -0.5241045413702673 
15.93999999997619, -0.5217854831380793 
15.949999999976166, -0.5217026954023215 
15.959999999976143, -0.5216381794583244 
15.96999999997612, -0.5215995501948812 
15.979999999976096, -0.521631938306567 
15.989999999976073, -0.5215184999619135 
15.99999999997605, -0.5216075548924414 
16.009999999976028, -0.5298791096773765 
16.019999999976005, -0.5232714255992644 
16.02999999997598, -0.5210792164672888 
16.039999999975958, -0.5210614269656777 
16.049999999975935, -0.520939938990551 
16.05999999997591, -0.520754554877975 
16.069999999975888, -0.5206754654007774 
16.079999999975865, -0.5205533185643222 
16.08999999997584, -0.5208108078416468 
16.099999999975818, -0.5299201928578383 
16.109999999975795, -0.5577059095678455 
16.11999999997577, -0.5590489163290929 
16.129999999975748, -0.55916245604143 
16.139999999975725, -0.5589323680527324 
16.1499999999757, -0.5584301500900517 
16.15999999997568, -0.5581016990765346 
16.169999999975655, -0.5579175220837408 
16.17999999997563, -0.5581552721627381 
16.18999999997561, -0.5604980856926502 
16.199999999975585, -0.5689161909161993 
16.20999999997556, -0.5726708772777013 
16.21999999997554, -0.5728481082347902 
16.229999999975515, -0.5722504993314179 
16.239999999975492, -0.5702403911221886 
16.24999999997547, -0.5688993169727785 
16.259999999975445, -0.5684196536538955 
16.269999999975422, -0.5683980522813883 
16.2799999999754, -0.5687920943657405 
16.289999999975375, -0.5698653047538641 
16.299999999975352, -0.5707201683477571 
16.30999999997533, -0.5707007765502331 
16.319999999975305, -0.5695685265838263 
16.329999999975282, -0.5582860888331259 
16.33999999997526, -0.548871521013852 
16.349999999975235, -0.5473781632436594 
16.359999999975212, -0.547245108931742 
16.36999999997519, -0.5472760022062234 
16.379999999975166, -0.5474418894411204 
16.389999999975142, -0.5476312663044922 
16.39999999997512, -0.5475286212064097 
16.409999999975096, -0.5471966137518779 
16.419999999975072, -0.5426854157713856 
16.42999999997505, -0.5159640770574518 
16.439999999975026, -0.5133895193437195 
16.449999999975002, -0.5133101634638594 
16.45999999997498, -0.5132410504095578 
16.469999999974956, -0.5131859922086431 
16.479999999974932, -0.5132152705288864 
16.48999999997491, -0.5131078401423629 
16.499999999974886, -0.51313940494952 
16.509999999974863, -0.5199576911779589 
16.51999999997484, -0.5099103051143092 
16.529999999974816, -0.5070351314936508 
16.539999999974793, -0.506987739350341 
16.54999999997477, -0.506895871188886 
16.559999999974746, -0.5067626678997373 
16.569999999974723, -0.506736617071892 
16.5799999999747, -0.5066303274561323 
16.589999999974676, -0.5067000108473593 
16.599999999974653, -0.5142710594135882 
16.60999999997463, -0.5224155565966351 
16.619999999974606, -0.5198180410370369 
16.629999999974583, -0.5198151197300646 
16.63999999997456, -0.519703700815618 
16.649999999974536, -0.5194772946555093 
16.659999999974513, -0.5193654690768439 
16.66999999997449, -0.5192425116354585 
16.679999999974466, -0.5193727695792493 
16.689999999974443, -0.5252963921108869 
16.69999999997442, -0.5559573794609788 
16.709999999974396, -0.5595061306546195 
16.719999999974373, -0.5597030304978441 
16.72999999997435, -0.5595082322920188 
16.739999999974327, -0.5589670436905639 
16.749999999974303, -0.5585740531220807 
16.75999999997428, -0.5583586133917193 
16.769999999974257, -0.5584828153191695 
16.779999999974233, -0.5601382560477605 
16.78999999997421, -0.5668152732169838 
16.799999999974187, -0.5712452299045999 
16.809999999974163, -0.571548541858419 
16.81999999997414, -0.5710671783515782 
16.829999999974117, -0.5689900175496969 
16.839999999974093, -0.567329786779935 
16.84999999997407, -0.5667328090718865 
16.859999999974047, -0.5666475973801991 
16.869999999974024, -0.5669483892498929 
16.879999999974, -0.5678474861286367 
16.889999999973977, -0.5687647525267526 
16.899999999973954, -0.5688164499297025 
16.90999999997393, -0.5680136153334522 
16.919999999973907, -0.5582845358572376 
16.929999999973884, -0.54628272953763 
16.93999999997386, -0.5442461651501314 
16.949999999973837, -0.5440482354743656 
16.959999999973814, -0.5440675337804599 
16.96999999997379, -0.5442023145328664 
16.979999999973767, -0.5444146355897199 
16.989999999973744, -0.5443512212570795 
16.99999999997372, -0.5440305816696726 
17.009999999973697, -0.5416409699798175 
17.019999999973674, -0.5132449013093413 
17.02999999997365, -0.5092473728904993 
17.039999999973627, -0.5091067912247335 
17.049999999973604, -0.5090548958420033 
17.05999999997358, -0.5090014821958567 
17.069999999973557, -0.5090545281869304 
17.079999999973534, -0.5089751494783021 
17.08999999997351, -0.5088578032424022 
17.099999999973488, -0.5122943731485954 
17.109999999973464, -0.4964552281565523 
17.11999999997344, -0.4912951546195232 
17.129999999973418, -0.49114179491787957 
17.139999999973394, -0.49109160913663136 
17.14999999997337, -0.4910190199909305 
17.159999999973348, -0.4910714163878878 
17.169999999973324, -0.49101518615720646 
17.1799999999733, -0.4908385420124177 
17.189999999973278, -0.49192849038831976 
17.199999999973254, -0.4683372690002251 
17.20999999997323, -0.4611379642087412 
17.219999999973208, -0.460806441441501 
17.229999999973185, -0.46079105063824377 
17.23999999997316, -0.4608271519090544 
17.249999999973138, -0.46105506033781124 
17.259999999973115, -0.4611160740116695 
17.26999999997309, -0.4608092531427503 
17.279999999973068, -0.45674147821195754 
17.289999999973045, -0.4370903352453018 
17.29999999997302, -0.4326791197160094 
17.309999999972998, -0.43217597112264705 
17.319999999972975, -0.4322153568999976 
17.32999999997295, -0.4325972689470883 
17.339999999972928, -0.43365438491232783 
17.349999999972905, -0.4342097260619384 
17.35999999997288, -0.4340531365006531 
17.36999999997286, -0.4324302384901247 
17.379999999972835, -0.42933513572628135 
17.38999999997281, -0.42827088251869727 
17.39999999997279, -0.4280077827631336 
17.409999999972765, -0.4282532897334186 
17.41999999997274, -0.43009690897368147 
17.42999999997272, -0.4368616233880393 
17.439999999972695, -0.4394559475093889 
17.449999999972672, -0.4395619047572509 
17.45999999997265, -0.43915368884838657 
17.469999999972625, -0.43848043941819 
17.479999999972602, -0.4381628556704925 
17.48999999997258, -0.4380153259612166 
17.499999999972555, -0.4383791852080298 
17.509999999972532, -0.4453563475093845 
17.51999999997251, -0.47374117763833556 
17.529999999972485, -0.475461772166585 
17.539999999972462, -0.47555998972885155 
17.54999999997244, -0.4754237474230929 
17.559999999972415, -0.4751720929403017 
17.569999999972392, -0.47506621029832713 
17.57999999997237, -0.47495293340140066 
17.589999999972346, -0.47502844354919554 
17.599999999972322, -0.4813961476256108 
17.6099999999723, -0.4936780936815675 
17.619999999972276, -0.49010591870806514 
17.629999999972252, -0.4900516104897661 
17.63999999997223, -0.4899787790209497 
17.649999999972206, -0.489825251633572 
17.659999999972182, -0.489793393630343 
17.66999999997216, -0.48971200646835733 
17.679999999972136, -0.48963372095903623 
17.689999999972112, -0.4933128556506656 
17.69999999997209, -0.4920845230984791 
17.709999999972066, -0.48508014007227357 
17.719999999972043, -0.4848689876372699 
17.72999999997202, -0.48482529644387035 
17.739999999971996, -0.48472763243030453 
17.749999999971973, -0.4847567533963887 
17.75999999997195, -0.48472138685793026 
17.769999999971926, -0.4845481060516527 
17.779999999971903, -0.4853812563178075 
17.78999999997188, -0.46525879759238475 
17.799999999971856, -0.4547254468484027 
17.809999999971833, -0.4541980754248429 
17.81999999997181, -0.45418059554086965 
17.829999999971786, -0.4542154908421399 
17.839999999971763, -0.4544631219788882 
17.84999999997174, -0.4545924399932015 
17.859999999971716, -0.4543550257079646 
17.869999999971693, -0.4515727929432073 
17.87999999997167, -0.4351069425615474 
17.889999999971646, -0.43019898699942194 
17.899999999971623, -0.4295641355896989 
17.9099999999716, -0.42957709580113873 
17.919999999971576, -0.42996493757159565 
17.929999999971553, -0.43119683387521435 
17.93999999997153, -0.4320394808750671 
17.949999999971507, -0.4319922955120984 
17.959999999971483, -0.430905711509138 
17.96999999997146, -0.4283801672054361 
17.979999999971437, -0.4273432278625688 
17.989999999971413, -0.42705613999353614 
17.99999999997139, -0.42725038745520777 
18.009999999971367, -0.42908899692730434 
18.019999999971343, -0.4375923592153466 
18.02999999997132, -0.4416873170531305 
18.039999999971297, -0.4419097404091104 
18.049999999971273, -0.4416289206785352 
18.05999999997125, -0.44105687677596406 
18.069999999971227, -0.4407592058277139 
18.079999999971204, -0.44060654216316286 
18.08999999997118, -0.440790427319767 
18.099999999971157, -0.44616413717686015 
18.109999999971134, -0.47522335893329426 
18.11999999997111, -0.4763166040001398 
18.129999999971087, -0.4763881998089091 
18.139999999971064, -0.476299629735602 
18.14999999997104, -0.47608585494739236 
18.159999999971017, -0.4760019198879369 
18.169999999970994, -0.4759099388023339 
18.17999999997097, -0.4758551324584364 
18.189999999970947, -0.47951789101213393 
18.199999999970924, -0.48454176978803876 
18.2099999999709, -0.47728366705032577 
18.219999999970877, -0.4770509208823063 
18.229999999970854, -0.47701162471755587 
18.23999999997083, -0.47691705508168786 
18.249999999970807, -0.4769530723721533 
18.259999999970784, -0.4769329840633986 
18.26999999997076, -0.4767469000150558 
18.279999999970737, -0.4768549914917258 
18.289999999970714, -0.4534421458478887 
18.29999999997069, -0.44240080450695424 
18.309999999970668, -0.4417595669221464 
18.319999999970644, -0.44174436501541864 
18.32999999997062, -0.44182939979939034 
18.339999999970598, -0.44219058468529554 
18.349999999970574, -0.4424184281563983 
18.35999999997055, -0.4422124064993417 
18.369999999970528, -0.43977162898868083 
18.379999999970504, -0.4295254819815643 
18.38999999997048, -0.4262477451927163 
18.399999999970458, -0.42569731518511683 
18.409999999970434, -0.4257376700817822 
18.41999999997041, -0.42632714325767224 
18.429999999970388, -0.42834793954696204 
18.439999999970365, -0.4297361566009838 
18.44999999997034, -0.42978223919968234 
18.459999999970318, -0.42906837498079564 
18.469999999970295, -0.42752995521978304 
18.47999999997027, -0.42682726572140745 
18.489999999970248, -0.42659818052781306 
18.499999999970225, -0.42683610653867743 
18.5099999999702, -0.42966501140372626 
18.519999999970178, -0.4452830093249605 
18.529999999970155, -0.4507777112745268 
18.53999999997013, -0.45102231641994844 
18.549999999970108, -0.45083730610043904 
18.559999999970085, -0.4504384048861951 
18.56999999997006, -0.45023262525715185 
18.57999999997004, -0.4501015843495422 
18.589999999970015, -0.4501873104450531 
18.59999999996999, -0.4553779553078689 
18.60999999996997, -0.4769576409212431 
18.619999999969945, -0.47400713651728643 
18.62999999996992, -0.4739461761830532 
18.6399999999699, -0.47388732182394777 
18.649999999969875, -0.4737432473279756 
18.659999999969852, -0.4737270408763174 
18.66999999996983, -0.4736704753786348 
18.679999999969805, -0.47352700563070105 
18.689999999969782, -0.47507992285977013 
18.69999999996976, -0.4583581579143613 
18.709999999969735, -0.4482309601391151 
18.719999999969712, -0.44774773202640583 
18.72999999996969, -0.44773165726236597 
18.739999999969665, -0.4477680707430891 
18.749999999969642, -0.44802238048678367 
18.75999999996962, -0.44815140796661707 
18.769999999969595, -0.44790481645253605 
18.779999999969572, -0.44493529786493874 
18.78999999996955, -0.42975102092611644 
18.799999999969526, -0.42546051288741693 
18.809999999969502, -0.42487573055384664 
18.81999999996948, -0.42490457638589424 
18.829999999969456, -0.4253609842043774 
18.839999999969432, -0.42680919111101934 
18.84999999996941, -0.4277506964776249 
18.859999999969386, -0.42771543478445956 
18.869999999969362, -0.4267262032143102 
18.87999999996934, -0.42464708724306305 
18.889999999969316, -0.42379241790430505 
18.899999999969292, -0.4235446211141143 
18.90999999996927, -0.4237891746066497 
18.919999999969246, -0.42618920041351277 
18.929999999969223, -0.4377192920164736 
18.9399999999692, -0.44212365104121765 
18.949999999969176, -0.44233500815066273 
18.959999999969153, -0.4420940561802935 
18.96999999996913, -0.4416274967120399 
18.979999999969106, -0.441394355140286 
18.989999999969083, -0.4412568030622837 
18.99999999996906, -0.4414179822078922 
19.009999999969036, -0.4475711371738363 
19.019999999969013, -0.470714077003241 
19.02999999996899, -0.4686590401136478 
19.039999999968966, -0.46863412639688906 
19.049999999968943, -0.46856647568963067 
19.05999999996892, -0.468424430394167 
19.069999999968896, -0.46841634513968405 
19.079999999968873, -0.4683541588154056 
19.08999999996885, -0.4682066198919041 
19.099999999968826, -0.4695828567309948 
19.109999999968803, -0.44788485815669044 
19.11999999996878, -0.43939116306647047 
19.129999999968756, -0.43896081184921115 
19.139999999968733, -0.4389537000973079 
19.14999999996871, -0.4390362464844947 
19.159999999968687, -0.4393740392732438 
19.169999999968663, -0.4395292406251885 
19.17999999996864, -0.43925214866547413 
19.189999999968617, -0.43587380207861265 
19.199999999968593, -0.4248967487145216 
19.20999999996857, -0.4220655031546242 
19.219999999968547, -0.4216122708977821 
19.229999999968523, -0.4216949829481245 
19.2399999999685, -0.42237938850460205 
19.249999999968477, -0.42449564684827595 
19.259999999968453, -0.42563754650639707 
19.26999999996843, -0.42561340455359137 
19.279999999968407, -0.4247705398280248 
19.289999999968384, -0.42331318403918633 
19.29999999996836, -0.4227145165910403 
19.309999999968337, -0.42252640839482203 
19.319999999968314, -0.4228854942963414 
19.32999999996829, -0.4268223079251673 
19.339999999968267, -0.44469780131456593 
19.349999999968244, -0.448531560176253 
19.35999999996822, -0.44868926273218407 
19.369999999968197, -0.44848343576780725 
19.379999999968174, -0.4481293855866166 
19.38999999996815, -0.44796910459203204 
19.399999999968127, -0.44784576378294694 
19.409999999968104, -0.4479997552001322 
19.41999999996808, -0.4552461524222417 
19.429999999968057, -0.4654713230967473 
19.439999999968034, -0.46171312942820664 
19.44999999996801, -0.4616259843696165 
19.459999999967987, -0.4615721654605268 
19.469999999967964, -0.46149655375986426 
19.47999999996794, -0.46156431616754157 
19.489999999967917, -0.46152388161553093 
19.499999999967894, -0.4612784082385596 
19.50999999996787, -0.4590002894536595 
19.519999999967848, -0.4301046070005006 
19.529999999967824, -0.4243180397406274 
19.5399999999678, -0.42389885458927157 
19.549999999967778, -0.4239248078320821 
19.559999999967754, -0.4241720318053259 
19.56999999996773, -0.42484024560541406 
19.579999999967708, -0.4251369462097314 
19.589999999967684, -0.42486848455890436 
19.59999999996766, -0.422317474870048 
19.609999999967638, -0.41785488749184835 
19.619999999967614, -0.41659769277610065 
19.62999999996759, -0.4163335027313191 
19.639999999967568, -0.41658437237590956 
19.649999999967545, -0.4182725652892377 
19.65999999996752, -0.4236775373339829 
19.669999999967498, -0.42554019706073276 
19.679999999967475, -0.4255776665253776 
19.68999999996745, -0.4250848787113012 
19.699999999967428, -0.4243992772441141 
19.709999999967405, -0.4241024211334351 
19.71999999996738, -0.4239712359063277 
19.729999999967358, -0.42448143941129085 
19.739999999967335, -0.43418972173571696 
19.74999999996731, -0.4597789965141495 
19.759999999967288, -0.45996925088209695 
19.769999999967265, -0.46001423845474376 
19.77999999996724, -0.4598933229816396 
19.78999999996722, -0.4597286884317344 
19.799999999967195, -0.45970083159817937 
19.80999999996717, -0.45960109748879585 
19.81999999996715, -0.4595586661283789 
19.829999999967125, -0.4624253668320588 
19.8399999999671, -0.43882108467321634 
19.84999999996708, -0.434239588031917 
19.859999999967055, -0.43402629699911627 
19.869999999967032, -0.4340299781918227 
19.87999999996701, -0.43415906713014346 
19.889999999966985, -0.43451461952062814 
19.899999999966962, -0.4345868095159341 
19.90999999996694, -0.4341372901041288 
19.919999999966915, -0.4287069112558748 
19.929999999966892, -0.41967395965711035 
19.93999999996687, -0.4178788817103597 
19.949999999966845, -0.4176005435792425 
19.959999999966822, -0.4177884681243566 
19.9699999999668, -0.4188279541927718 
19.979999999966775, -0.42133521185338757 
19.989999999966752, -0.4221546012924423 
19.99999999996673, -0.4220244367194918 
20.009999999966706, -0.42103831882272963 
20.019999999966682, -0.41990253636452923 
20.02999999996666, -0.41948151824058283 
20.039999999966636, -0.41937083171508616 
20.049999999966612, -0.420078989580859 
20.05999999996659, -0.42788632945182425 
20.069999999966566, -0.4479264455743499 
20.079999999966542, -0.44954076831348494 
20.08999999996652, -0.44959308004585646 
20.099999999966496, -0.4493619672093192 
20.109999999966472, -0.44909413629178296 
20.11999999996645, -0.4489895178623148 
20.129999999966426, -0.448870074077766 
20.139999999966403, -0.4492404525041513 
20.14999999996638, -0.4598659065085754 
20.159999999966356, -0.45138316299465564 
20.169999999966333, -0.44891041563662487 
20.17999999996631, -0.4488419880436248 
20.189999999966286, -0.4488011306253328 
20.199999999966263, -0.44883125982176614 
20.20999999996624, -0.4489913138741587 
20.219999999966216, -0.4489360609037275 
20.229999999966193, -0.44841789764855017 
20.23999999996617, -0.43862214066618505 
20.249999999966146, -0.4206528458713778 
20.259999999966123, -0.4183129929722324 
20.2699999999661, -0.41807658214103466 
20.279999999966076, -0.41820354018767975 
20.289999999966053, -0.418827249081978 
20.29999999996603, -0.42002241765188697 
20.309999999966006, -0.4203397045496379 
20.319999999965983, -0.4199897149279635 
20.32999999996596, -0.4179358723418222 
20.339999999965936, -0.4160091626169934 
20.349999999965913, -0.4154371996812836 
20.35999999996589, -0.415345690606972 
20.369999999965867, -0.4160290014131569 
20.379999999965843, -0.4210307210979803 
20.38999999996582, -0.4314709073531535 
20.399999999965797, -0.43274713690177274 
20.409999999965773, -0.4327260318658962 
20.41999999996575, -0.4323369652702945 
20.429999999965727, -0.43196666592867644 
20.439999999965703, -0.43180942824097995 
20.44999999996568, -0.43170756815776357 
20.459999999965657, -0.43265059676414835 
20.469999999965633, -0.45018520133116785 
20.47999999996561, -0.4496873009737951 
20.489999999965587, -0.44857054654978207 
20.499999999965564, -0.44854966990934025 
20.50999999996554, -0.4484772412152471 
20.519999999965517, -0.44848612435301655 
20.529999999965494, -0.4485817257407019 
20.53999999996547, -0.44847267962364634 
20.549999999965447, -0.4479000969977713 
20.559999999965424, -0.4339843730677692 
20.5699999999654, -0.41587723492683815 
20.579999999965377, -0.41402966768544625 
20.589999999965354, -0.41388037040550485 
20.59999999996533, -0.414024862694389 
20.609999999965307, -0.41467043350108784 
20.619999999965284, -0.41565318537921997 
20.62999999996526, -0.4158184380277122 
20.639999999965237, -0.4152867053323215 
20.649999999965214, -0.4127307111748331 
20.65999999996519, -0.41093786281993194 
20.669999999965167, -0.41044222999084723 
20.679999999965144, -0.4104166147110377 
20.68999999996512, -0.4113316520748794 
20.699999999965097, -0.4176039298819152 
20.709999999965074, -0.42650513494526776 
20.71999999996505, -0.4273024893872132 
20.729999999965028, -0.42722147034320995 
20.739999999965004, -0.426802443884835 
20.74999999996498, -0.42648882110202474 
20.759999999964958, -0.42634961671695876 
20.769999999964934, -0.42627149130982983 
20.77999999996491, -0.4278447058905588 
20.789999999964888, -0.4450010376060435 
20.799999999964864, -0.43584381547578244 
20.80999999996484, -0.43504063806189414 
20.819999999964818, -0.4350170472774717 
20.829999999964794, -0.43497866401027907 
20.83999999996477, -0.43509398334392396 
20.849999999964748, -0.4352385853239912 
20.859999999964725, -0.4350975244048167 
20.8699999999647, -0.433800512606872 
20.879999999964678, -0.41866346373810615 
20.889999999964655, -0.4105681454219474 
20.89999999996463, -0.4095558585593678 
20.909999999964608, -0.4094901562581736 
20.919999999964585, -0.4098087673318252 
20.92999999996456, -0.4110895242709393 
20.939999999964538, -0.41251494615121254 
20.949999999964515, -0.41266974315525673 
20.95999999996449, -0.41212577650591764 
20.969999999964468, -0.4104660462181656 
20.979999999964445, -0.4095535011543377 
20.98999999996442, -0.4092618348061764 
20.9999999999644, -0.40936004062753045 
21.009999999964375, -0.4113606600855375 
21.01999999996435, -0.4270150577703494 
21.02999999996433, -0.43642881080475643 
21.039999999964305, -0.4368228176601015 
21.04999999996428, -0.4367330201020651 
21.05999999996426, -0.43643418045961085 
21.069999999964235, -0.4362745447195856 
21.079999999964212, -0.43618163251513636 
21.08999999996419, -0.43609057462997425 
21.099999999964165, -0.43806641536672514 
21.109999999964142, -0.43378818371242694 
21.11999999996412, -0.42086021448987937 
21.129999999964095, -0.4202020124551438 
21.139999999964072, -0.42018401183644116 
21.14999999996405, -0.42024046488406647 
21.159999999964025, -0.4205674338772715 
21.169999999964002, -0.42081180602479934 
21.17999999996398, -0.42063303507010086 
21.189999999963955, -0.41853167224912713 
21.199999999963932, -0.4101300357582603 
21.20999999996391, -0.4073232048594152 
21.219999999963886, -0.40681405438280926 
21.229999999963862, -0.4068771189748267 
21.23999999996384, -0.40768003666738206 
21.249999999963816, -0.41086616777812296 
21.259999999963792, -0.41308985841843054 
21.26999999996377, -0.41323845693331523 
21.279999999963746, -0.412796246643689 
21.289999999963722, -0.41190579980854236 
21.2999999999637, -0.411475696676938 
21.309999999963676, -0.41130190052981 
21.319999999963652, -0.411531034419441 
21.32999999996363, -0.4165777513589492 
21.339999999963606, -0.4455116530942532 
21.349999999963583, -0.4472237067238744 
21.35999999996356, -0.4472899554483497 
21.369999999963536, -0.4472132650023711 
21.379999999963513, -0.4470511538922861 
21.38999999996349, -0.447035291555808 
21.399999999963466, -0.44697674861410386 
21.409999999963443, -0.44680675372683476 
21.41999999996342, -0.4468745173389651 
21.429999999963396, -0.4199488140554756 
21.439999999963373, -0.4123440826027451 
21.44999999996335, -0.4118582507525747 
21.459999999963326, -0.4118718391172277 
21.469999999963303, -0.41208411155806274 
21.47999999996328, -0.4127298992582552 
21.489999999963256, -0.41307089812713205 
21.499999999963233, -0.41285063488678386 
21.50999999996321, -0.4107053880354676 
21.519999999963186, -0.40663878079573257 
21.529999999963163, -0.4054236807261227 
21.53999999996314, -0.40515630202924685 
21.549999999963116, -0.4054140761844487 
21.559999999963093, -0.40736994713928243 
21.56999999996307, -0.4146443039535982 
21.579999999963047, -0.4171679663712803 
21.589999999963023, -0.4172674569178384 
21.599999999963, -0.4169140240672665 
21.609999999962977, -0.41639905525949283 
21.619999999962953, -0.4161763642207 
21.62999999996293, -0.4160479963769922 
21.639999999962907, -0.41638160934156665 
21.649999999962883, -0.4260450508652502 
21.65999999996286, -0.43450843433339814 
21.669999999962837, -0.4314674957097243 
21.679999999962813, -0.4313852134208844 
21.68999999996279, -0.4313475408492189 
21.699999999962767, -0.4313587880732586 
21.709999999962744, -0.4315387685148334 
21.71999999996272, -0.4315288862093716 
21.729999999962697, -0.4310854262892751 
21.739999999962674, -0.42397105153855175 
21.74999999996265, -0.4086182504080851 
21.759999999962627, -0.40617844741123005 
21.769999999962604, -0.40587990343529484 
21.77999999996258, -0.40602206486321074 
21.789999999962557, -0.40680838109780776 
21.799999999962534, -0.4086419124217959 
21.80999999996251, -0.40925768045435157 
21.819999999962487, -0.40907431047966103 
21.829999999962464, -0.407883369137726 
21.83999999996244, -0.40660215414718726 
21.849999999962417, -0.4061602940719778 
21.859999999962394, -0.406059443789849 
21.86999999996237, -0.40682545051201857 
21.879999999962347, -0.4152585205629982 
21.889999999962324, -0.43491738542561703 
21.8999999999623, -0.43624627408489564 
21.909999999962277, -0.4362865938295903 
21.919999999962254, -0.4360756908861867 
21.92999999996223, -0.4358637519323636 
21.939999999962208, -0.4357981110726969 
21.949999999962184, -0.43567865004537193 
21.95999999996216, -0.4358827623236255 
21.969999999962138, -0.4380596438211815 
21.979999999962114, -0.41343468077518675 
21.98999999996209, -0.4108819428220742 
21.999999999962068, -0.41075729800043975 
22.009999999962044, -0.41079907195074916 
22.01999999996202, -0.41108328028757385 
22.029999999961998, -0.41158388530773177 
22.039999999961974, -0.4116380625626481 
22.04999999996195, -0.410977682290615 
22.059999999961928, -0.4063326625867861 
22.069999999961905, -0.40271940337238915 
22.07999999996188, -0.4019306443488958 
22.089999999961858, -0.4018368260538601 
22.099999999961835, -0.4023864632728355 
22.10999999996181, -0.4055605960775344 
22.119999999961788, -0.41105896930241914 
22.129999999961765, -0.4118536703562269 
22.13999999996174, -0.4117376344872429 
22.149999999961718, -0.41117603933228064 
22.159999999961695, -0.41073705987967957 
22.16999999996167, -0.41055715615636545 
22.179999999961648, -0.4104938070393013 
22.189999999961625, -0.41205986425861185 
22.1999999999616, -0.43326210876820354 
22.20999999996158, -0.4301370098302212 
22.219999999961555, -0.4294159808775255 
22.22999999996153, -0.42939676675207605 
22.23999999996151, -0.4293452329481212 
22.249999999961485, -0.42943617558608793 
22.25999999996146, -0.4295717651907965 
22.26999999996144, -0.4294367781530575 
22.279999999961415, -0.4282336143860558 
22.289999999961392, -0.4133527794157335 
22.29999999996137, -0.4049494607358151 
22.309999999961345, -0.40390400692154815 
22.319999999961322, -0.4038320649956603 
22.3299999999613, -0.4041572155852464 
22.339999999961275, -0.40550592297919474 
22.349999999961252, -0.40707631166395875 
22.35999999996123, -0.40726595497175727 
22.369999999961205, -0.4067814690574979 
22.379999999961182, -0.4053120470027377 
22.38999999996116, -0.4044852246316942 
22.399999999961135, -0.4042120785535582 
22.409999999961112, -0.40430448831326965 
22.41999999996109, -0.40651015701484 
22.429999999961066, -0.4256442416590772 
22.439999999961042, -0.4354402335146697 
22.44999999996102, -0.4357682574423542 
22.459999999960996, -0.43570079520123517 
22.469999999960972, -0.43545746926627377 
22.47999999996095, -0.4353454142165907 
22.489999999960926, -0.4352778867739244 
22.499999999960902, -0.4351496680294093 
22.50999999996088, -0.4362108113182318 
22.519999999960856, -0.4204368929885806 
22.529999999960832, -0.40706140976164096 
22.53999999996081, -0.4062845032361389 
22.549999999960786, -0.4062667490726058 
22.559999999960763, -0.4063977785475458 
22.56999999996074, -0.4069208123940586 
22.579999999960716, -0.4073339337182899 
22.589999999960693, -0.40720932978210234 
22.59999999996067, -0.40564109084515015 
22.609999999960646, -0.40112327361051403 
22.619999999960623, -0.39949846499396763 
22.6299999999606, -0.3991316527900941 
22.639999999960576, -0.3992749041252301 
22.649999999960553, -0.40072336564205785 
22.65999999996053, -0.4076434416965452 
22.669999999960506, -0.4115120320839562 
22.679999999960483, -0.41174264321217574 
22.68999999996046, -0.4114856148070591 
22.699999999960436, -0.41098910745671796 
22.709999999960413, -0.4107544999025471 
22.71999999996039, -0.41062338842410734 
22.729999999960366, -0.4107204282767118 
22.739999999960343, -0.4162514598565551 
22.74999999996032, -0.4191671193671751 
22.759999999960296, -0.41275302178148915 
22.769999999960273, -0.41249273040361045 
22.77999999996025, -0.4124832140296384 
22.789999999960227, -0.4125515213909025 
22.799999999960203, -0.41287308181512206 
22.80999999996018, -0.41300043348845367 
22.819999999960157, -0.41267664181209396 
22.829999999960133, -0.40892771695424834 
22.83999999996011, -0.40071429806027853 
22.849999999960087, -0.39881304062034084 
22.859999999960063, -0.39848551347089445 
22.86999999996004, -0.3986690457091175 
22.879999999960017, -0.39991173132054286 
22.889999999959993, -0.4038501992321953 
22.89999999995997, -0.40539451614734995 
22.909999999959947, -0.40540799741499745 
22.919999999959924, -0.40486501938138164 
22.9299999999599, -0.4041478523804469 
22.939999999959877, -0.4038545238783346 
22.949999999959854, -0.40372811048079915 
22.95999999995983, -0.4042606330388715 
22.969999999959807, -0.41550868269039093 
22.979999999959784, -0.43449943917129713 
22.98999999995976, -0.43321285085233513 
22.999999999959737, -0.4332007838674901 
23.009999999959714, -0.4331318660522278 
23.01999999995969, -0.43309263563416706 
23.029999999959667, -0.4331971822377281 
23.039999999959644, -0.43313897573817095 
23.04999999995962, -0.43271279339976404 
23.059999999959597, -0.424206796873267 
23.069999999959574, -0.4043416987554362 
23.07999999995955, -0.401741369984784 
23.089999999959527, -0.40147916072792494 
23.099999999959504, -0.40160925035299994 
23.10999999995948, -0.40229201992980873 
23.119999999959457, -0.4037333226552678 
23.129999999959434, -0.4041648646986394 
23.13999999995941, -0.4038991150830559 
23.149999999959388, -0.4024012902393545 
23.159999999959364, -0.4009809181283252 
23.16999999995934, -0.40052658073503106 
23.179999999959318, -0.4004480837680421 
23.189999999959294, -0.4013135296081634 
23.19999999995927, -0.4100438142206958 
23.209999999959248, -0.4272616037551609 
23.219999999959224, -0.42838777847529597 
23.2299999999592, -0.4284057152907523 
23.239999999959178, -0.4281757344650521 
23.249999999959154, -0.4279769437959194 
23.25999999995913, -0.4279150112563631 
23.269999999959108, -0.42779168335134415 
23.279999999959085, -0.42804161347333575 
23.28999999995906, -0.425408252840901 
23.299999999959038, -0.40096685281205285 
23.309999999959015, -0.39895521131928896 
23.31999999995899, -0.39884979666738496 
23.329999999958968, -0.3989303685993673 
23.339999999958945, -0.39935278172637734 
23.34999999995892, -0.399988249019768 
23.359999999958898, -0.4000523911796389 
23.369999999958875, -0.3993554689503991 
23.37999999995885, -0.39589682560285533 
23.389999999958828, -0.3937505841051182 
23.399999999958805, -0.39322525170515776 
23.40999999995878, -0.39321491416828974 
23.41999999995876, -0.3941677847640469 
23.429999999958735, -0.40065230891020814 
23.43999999995871, -0.4088955118534974 
23.44999999995869, -0.40956921499749654 
23.459999999958665, -0.4094796146072065 
23.46999999995864, -0.40910202674034135 
23.47999999995862, -0.4088613448974558 
23.489999999958595, -0.4087547787815798 
23.499999999958572, -0.4086576989986484 
23.50999999995855, -0.4100124390971986 
23.519999999958525, -0.4050027330563663 
23.529999999958502, -0.3886441320146038 
23.53999999995848, -0.3876769036666044 
23.549999999958455, -0.3876469504139291 
23.559999999958432, -0.38777315806882173 
23.56999999995841, -0.3883260903504033 
23.579999999958385, -0.3888558951708493 
23.589999999958362, -0.3887972900749728 
23.59999999995834, -0.38765442737964634 
23.609999999958315, -0.3843713523239903 
23.619999999958292, -0.383054773510711 
23.62999999995827, -0.38272835027661845 
23.639999999958246, -0.38288780525957467 
23.649999999958222, -0.38488523505586075 
23.6599999999582, -0.39738550239503934 
23.669999999958176, -0.4034491578393648 
23.679999999958152, -0.4037311028914521 
23.68999999995813, -0.4035977013703791 
23.699999999958106, -0.4033135057352454 
23.709999999958082, -0.40321425181414117 
23.71999999995806, -0.40313453808876815 
23.729999999958036, -0.40299832969052 
23.739999999958012, -0.4029765644930214 
23.74999999995799, -0.3758804396511467 
23.759999999957966, -0.3692076673547453 
23.769999999957943, -0.36871308308452416 
23.77999999995792, -0.3687584217118161 
23.789999999957896, -0.36918379869820706 
23.799999999957873, -0.37050877846982755 
23.80999999995785, -0.37122716394141325 
23.819999999957826, -0.3711299569338504 
23.829999999957803, -0.3701647638533067 
23.83999999995778, -0.3688910177927003 
23.849999999957756, -0.36844530754377547 
23.859999999957733, -0.3683114272257299 
23.86999999995771, -0.3688885556997348 
23.879999999957686, -0.37897891219196234 
23.889999999957663, -0.40181220777662935 
23.89999999995764, -0.4010734700374217 
23.909999999957616, -0.4010677484111103 
23.919999999957593, -0.40101284708831425 
23.92999999995757, -0.40102648663212836 
23.939999999957546, -0.4012081852531702 
23.949999999957523, -0.4011811223798168 
23.9599999999575, -0.40059744388756274 
23.969999999957476, -0.39276172250444663 
23.979999999957453, -0.3834559894951587 
23.98999999995743, -0.38199141590865276 
23.999999999957407, -0.3818015693933858 
24.009999999957383, -0.3821048163316926 
24.01999999995736, -0.3837927054875326 
24.029999999957337, -0.38737982226761963 
24.039999999957313, -0.3881727511696435 
24.04999999995729, -0.38805011674833045 
24.059999999957267, -0.3873979014387049 
24.069999999957243, -0.38685797836472974 
24.07999999995722, -0.38665476859581704 
24.089999999957197, -0.3865792625588331 
24.099999999957173, -0.3878526864426963 
24.10999999995715, -0.40588236977920583 
24.119999999957127, -0.3977187534185585 
24.129999999957104, -0.3965248533377927 
24.13999999995708, -0.3964880939526337 
24.149999999957057, -0.396502816118184 
24.159999999957034, -0.39674610294601986 
24.16999999995701, -0.39708027415561575 
24.179999999956987, -0.3970199936406702 
24.189999999956964, -0.3959204301981519 
24.19999999995694, -0.38974023180359635 
24.209999999956917, -0.3866296056091645 
24.219999999956894, -0.3860159023459306 
24.22999999995687, -0.3860143309571569 
24.239999999956847, -0.386828302410972 
24.249999999956824, -0.39138823274819323 
24.2599999999568, -0.39641249937591216 
24.269999999956777, -0.3968810438757271 
24.279999999956754, -0.3967097337386747 
24.28999999995673, -0.39621612492814234 
24.299999999956707, -0.3959359017675231 
24.309999999956684, -0.39580723075092483 
24.31999999995666, -0.3957623007216614 
24.329999999956637, -0.39820254965865376 
24.339999999956614, -0.39496898219225507 
24.34999999995659, -0.38242973629538973 
24.359999999956568, -0.3817565845776776 
24.369999999956544, -0.3817477054876246 
24.37999999995652, -0.38189420302047533 
24.389999999956498, -0.38248250071819784 
24.399999999956474, -0.38293505534538474 
24.40999999995645, -0.382815869707434 
24.419999999956428, -0.38140656823509617 
24.429999999956404, -0.3783025017213641 
24.43999999995638, -0.37723291737943926 
24.449999999956358, -0.3769717615759966 
24.459999999956334, -0.3772330247756747 
24.46999999995631, -0.3800732209322923 
24.479999999956288, -0.39551621590549546 
24.489999999956265, -0.3999227108056974 
24.49999999995624, -0.40010349494616726 
24.509999999956218, -0.3999596306392903 
24.519999999956195, -0.39972809824847594 
24.52999999995617, -0.3996815437159312 
24.539999999956148, -0.39960380053338995 
24.549999999956125, -0.3994084283207666 
24.5599999999561, -0.39629723425419255 
24.569999999956078, -0.3695524512321312 
24.579999999956055, -0.36545350984705705 
24.58999999995603, -0.36509437329140526 
24.599999999956008, -0.365195193408461 
24.609999999955985, -0.3658534909444477 
24.61999999995596, -0.36764480667472194 
24.62999999995594, -0.36836069900092383 
24.639999999955915, -0.36823625633527746 
24.64999999995589, -0.36736067476336576 
24.65999999995587, -0.36645763605508286 
24.669999999955845, -0.36614500126084176 
24.67999999995582, -0.3660462070085381 
24.6899999999558, -0.3668948645424348 
24.699999999955775, -0.3829399411133147 
24.709999999955752, -0.38917041733278407 
24.71999999995573, -0.3876141057717989 
24.729999999955705, -0.38756898995062505 
24.739999999955682, -0.3875626584387454 
24.74999999995566, -0.3877342264326065 
24.759999999955635, -0.388074890255496 
24.769999999955612, -0.38806825397355 
24.77999999995559, -0.3872824446201252 
24.789999999955565, -0.3817590422039802 
24.799999999955542, -0.3780741781724175 
24.80999999995552, -0.3773424638579417 
24.819999999955495, -0.3772838842453087 
24.829999999955472, -0.37797597241704556 
24.83999999995545, -0.38238891863358576 
24.849999999955426, -0.38911436389337517 
24.859999999955402, -0.3898377865389407 
24.86999999995538, -0.389745009873342 
24.879999999955356, -0.3893467205382859 
24.889999999955332, -0.3890941480884639 
24.89999999995531, -0.38899219729008944 
24.909999999955286, -0.388883552986985 
24.919999999955262, -0.3897790059547827 
24.92999999995524, -0.3763376787842415 
24.939999999955216, -0.36048077319493893 
24.949999999955192, -0.35945448836409083 
24.95999999995517, -0.359422340532498 
24.969999999955146, -0.3596632620670332 
24.979999999955123, -0.36066623375448675 
24.9899999999551, -0.36165992461450774 
24.999999999955076, -0.3617140556645849 
