t, s[1].omega / s[0].omega 
0, -1.1239979276911725 
0.009999999999999995, -1.1236726823505485 
0.019999999999999934, -1.123273120461009 
0.029999999999999874, -1.1231000495084076 
0.04000000000000012, -1.1227657559771917 
0.050000000000000405, -1.1219936888593285 
0.06000000000000069, -1.1211716800469065 
0.07000000000000098, -1.1209397511682908 
0.08000000000000126, -1.1203196511711195 
0.09000000000000155, -1.1180149635456822 
0.10000000000000184, -1.115846850823732 
0.11000000000000212, -1.11566478579737 
0.12000000000000241, -1.1146427104101255 
0.130000000000002, -1.1053843042464773 
0.1400000000000009, -1.0986486518335277 
0.1499999999999998, -1.0987187331391448 
0.1599999999999987, -1.0975591326576222 
0.1699999999999976, -1.0762458103773347 
0.1799999999999965, -1.06950056543584 
0.1899999999999954, -1.0700475795583284 
0.1999999999999943, -1.0692555209377748 
0.2099999999999932, -1.0690207400009788 
0.2199999999999921, -1.0902412275537225 
0.229999999999991, -1.0913749349659032 
0.2399999999999899, -1.0909045702211142 
0.2499999999999888, -1.0965888744044126 
0.2599999999999877, -1.10984881586023 
0.2699999999999866, -1.11091663395611 
0.2799999999999855, -1.110645575910095 
0.2899999999999844, -1.1125839740070165 
0.2999999999999833, -1.1154984174448834 
0.3099999999999822, -1.1159605963888224 
0.3199999999999811, -1.115759485199853 
0.32999999999998, -1.1162832425631248 
0.3399999999999789, -1.1169142837600887 
0.3499999999999778, -1.1169698252983202 
0.35999999999997667, -1.116741856637632 
0.36999999999997557, -1.1167878813019705 
0.37999999999997447, -1.116822407253836 
0.38999999999997337, -1.1166179827107328 
0.39999999999997227, -1.1162764133987828 
0.40999999999997117, -1.1161217678857835 
0.41999999999997006, -1.115918740848907 
0.42999999999996896, -1.1154087517818831 
0.43999999999996786, -1.1147728110896569 
0.44999999999996676, -1.1145068578473825 
0.45999999999996566, -1.1141359710526721 
0.46999999999996456, -1.1129052013762677 
0.47999999999996346, -1.1113696141764868 
0.48999999999996235, -1.111044368880889 
0.49999999999996125, -1.1105043197920461 
0.5099999999999602, -1.1068321012899303 
0.519999999999959, -1.1019364406177021 
0.529999999999958, -1.1017086779752423 
0.5399999999999568, -1.1010664678944362 
0.5499999999999557, -1.090029203883126 
0.5599999999999546, -1.0745361273710483 
0.5699999999999535, -1.0749036814902844 
0.5799999999999524, -1.0743669007791015 
0.5899999999999513, -1.0632664021475218 
0.5999999999999502, -1.0554676418349938 
0.6099999999999491, -1.0571965779184145 
0.619999999999948, -1.0568414302852802 
0.6299999999999469, -1.0547157853810194 
0.6399999999999458, -1.0794820527632774 
0.6499999999999447, -1.0832069674050413 
0.6599999999999436, -1.0829767673096429 
0.6699999999999425, -1.0841566777647489 
0.6799999999999414, -1.0995418686770118 
0.6899999999999403, -1.1026801481391308 
0.6999999999999392, -1.1025161417372538 
0.7099999999999381, -1.1032950917090298 
0.719999999999937, -1.1069919412729294 
0.7299999999999359, -1.1082344070953924 
0.7399999999999348, -1.1080794102928997 
0.7499999999999337, -1.1083357045682218 
0.7599999999999326, -1.1092221216227454 
0.7699999999999315, -1.1095662109904205 
0.7799999999999304, -1.1093700611105421 
0.7899999999999293, -1.1093485808026784 
0.7999999999999282, -1.1095040256911786 
0.8099999999999271, -1.1094523318714469 
0.819999999999926, -1.1091577490328215 
0.8299999999999249, -1.1089622571558815 
0.8399999999999238, -1.1088704921369974 
0.8499999999999227, -1.1085532410441177 
0.8599999999999216, -1.108035480025017 
0.8699999999999205, -1.1076690840605845 
0.8799999999999194, -1.1074736167354633 
0.8899999999999183, -1.1068029859230866 
0.8999999999999172, -1.1056634006749853 
0.9099999999999161, -1.1050291130672394 
0.919999999999915, -1.1047934972725448 
0.9299999999999139, -1.1033960928851467 
0.9399999999999128, -1.100054426672696 
0.9499999999999117, -1.0988893436479403 
0.9599999999999106, -1.0986674777588592 
0.9699999999999095, -1.0958314883252633 
0.9799999999999084, -1.0837361429830676 
0.9899999999999073, -1.0817546226014614 
0.9999999999999062, -1.0816101775461657 
1.0099999999999052, -1.077977980850164 
1.019999999999904, -1.0504404106555636 
1.029999999999903, -1.049596908790354 
1.039999999999902, -1.0496015879155736 
1.0499999999999008, -1.0473726337508193 
1.0599999999998997, -1.0341987490464613 
1.0699999999998986, -1.0399964067229455 
1.0799999999998975, -1.0402417832802773 
1.0899999999998964, -1.0390948277737793 
1.0999999999998953, -1.045087654199047 
1.1099999999998942, -1.0630562504972942 
1.119999999999893, -1.0636713782753688 
1.129999999999892, -1.0630607212717165 
1.1399999999998909, -1.0720869990565582 
1.1499999999998898, -1.088467736736529 
1.1599999999998887, -1.0893335137525615 
1.1699999999998876, -1.089003056065077 
1.1799999999998865, -1.0925465767405071 
1.1899999999998854, -1.0978428958306534 
1.1999999999998843, -1.0984636975697575 
1.2099999999998832, -1.0982507255299456 
1.219999999999882, -1.0993736037066968 
1.229999999999881, -1.1008362827915812 
1.2399999999998799, -1.1010892152959149 
1.2499999999998788, -1.1008914143440531 
1.2599999999998777, -1.1011964660298705 
1.2699999999998766, -1.10156368827665 
1.2799999999998755, -1.1015471556795182 
1.2899999999998744, -1.1013018062109454 
1.2999999999998733, -1.1012868970231828 
1.3099999999998722, -1.1012726328501794 
1.319999999999871, -1.101041858720005 
1.32999999999987, -1.1006773491294948 
1.3399999999998689, -1.1005008405591974 
1.3499999999998678, -1.1003085320712331 
1.3599999999998666, -1.0998085126108117 
1.3699999999998655, -1.0991654457286637 
1.3799999999998644, -1.0988717541823514 
1.3899999999998633, -1.0985658517900523 
1.3999999999998622, -1.0975309988365292 
1.4099999999998611, -1.0961281191978187 
1.41999999999986, -1.0957137414713414 
1.429999999999859, -1.095329038000654 
1.4399999999998578, -1.0929716996124499 
1.4499999999998567, -1.0890928294180848 
1.4599999999998556, -1.0885592357821325 
1.4699999999998545, -1.0881543638780722 
1.4799999999998534, -1.0828340953647246 
1.4899999999998523, -1.0706133349803755 
1.4999999999998512, -1.0701765337519633 
1.5099999999998501, -1.0698437515759676 
1.519999999999849, -1.0625523803321957 
1.529999999999848, -1.0372256663576647 
1.5399999999998468, -1.037706937405738 
1.5499999999998457, -1.0375187017639855 
1.5599999999998446, -1.0330404582787134 
1.5699999999998435, -1.0117669957311586 
1.5799999999998424, -1.0140430266379354 
1.5899999999998413, -1.014044751873951 
1.5999999999998402, -1.0118369293929272 
1.6099999999998391, -0.9959484215902653 
1.619999999999838, -0.9994233009130584 
1.629999999999837, -0.9997184885730023 
1.6399999999998358, -0.9986098751764144 
1.6499999999998347, -0.9835542395408721 
1.6599999999998336, -0.981929433851174 
1.6699999999998325, -0.982733184682317 
1.6799999999998314, -0.9821890771519218 
1.6899999999998303, -0.9709986467961944 
1.6999999999998292, -0.950736815127096 
1.709999999999828, -0.9516884048183399 
1.719999999999827, -0.9514865946255616 
1.729999999999826, -0.9471664331432422 
1.7399999999998248, -0.9237610835896114 
1.7499999999998237, -0.9202122355971142 
1.7599999999998226, -0.9202263934493018 
1.7699999999998215, -0.9191055789765503 
1.7799999999998204, -0.9125252601728644 
1.7899999999998193, -0.90773340721285 
1.7999999999998182, -0.9074506776104652 
1.809999999999817, -0.907130628985942 
1.819999999999816, -0.9055300501654783 
1.8299999999998149, -0.9035059189782166 
1.8399999999998138, -0.90276177346555 
1.8499999999998127, -0.9026270860392823 
1.8599999999998116, -0.9021361878563383 
1.8699999999998105, -0.9013620063951606 
1.8799999999998094, -0.9007840958610149 
1.8899999999998083, -0.9006251896397299 
1.8999999999998072, -0.9004816244327807 
1.909999999999806, -0.9001825833010275 
1.919999999999805, -0.899843556287448 
1.9299999999998039, -0.8996963433601051 
1.9399999999998028, -0.8997473099850493 
1.9499999999998017, -0.8997644086488501 
1.9599999999998006, -0.8996218892621414 
1.9699999999997995, -0.8994834838513578 
1.9799999999997984, -0.8997794380998804 
1.9899999999997973, -0.9002953019155396 
1.9999999999997962, -0.9005200368177328 
2.0099999999998173, -0.9003604611412721 
2.0199999999998384, -0.9008088359754042 
2.0299999999998595, -0.9027023281951906 
2.0399999999998806, -0.9041733726401623 
2.0499999999999017, -0.9042228277637205 
2.059999999999923, -0.9041548743023523 
2.069999999999944, -0.9090874463893358 
2.079999999999965, -0.9166197139731508 
2.089999999999986, -0.9175927880057457 
2.100000000000007, -0.917274660600145 
2.1100000000000283, -0.9197699074525867 
2.1200000000000494, -0.9461679267329189 
2.1300000000000705, -0.9508771547722981 
2.1400000000000916, -0.9507903279623691 
2.1500000000001127, -0.9491141417607647 
2.160000000000134, -0.9603896085872053 
2.170000000000155, -0.9705961083750105 
2.180000000000176, -0.9708687446970377 
2.190000000000197, -0.969748666024256 
2.2000000000002182, -0.9571011772527797 
2.2100000000002393, -0.9572142686024778 
2.2200000000002604, -0.9580337590471573 
2.2300000000002815, -0.9575289572665151 
2.2400000000003026, -0.9469799786263012 
2.2500000000003237, -0.9218614779309288 
2.260000000000345, -0.9218472705936986 
2.270000000000366, -0.9217055384963819 
2.280000000000387, -0.919005374200811 
2.290000000000408, -0.9071619369243474 
2.3000000000004293, -0.9033013954056455 
2.3100000000004504, -0.9032464296833717 
2.3200000000004715, -0.9026071180534797 
2.3300000000004926, -0.8999687091551593 
2.3400000000005137, -0.8976013490670237 
2.3500000000005348, -0.8971394174961079 
2.360000000000556, -0.8969468725950255 
2.370000000000577, -0.8962162626450291 
2.380000000000598, -0.895299962116646 
2.390000000000619, -0.8947679061260999 
2.4000000000006403, -0.8946530828012959 
2.4100000000006614, -0.894431775778122 
2.4200000000006825, -0.8940684841923118 
2.4300000000007036, -0.8937253959708353 
2.4400000000007247, -0.8936312881057336 
2.450000000000746, -0.893665463116026 
2.460000000000767, -0.8936316591652382 
2.470000000000788, -0.8934435103314792 
2.480000000000809, -0.8933811777636341 
2.49000000000083, -0.8937417250762719 
2.5000000000008513, -0.8942236188098057 
2.5100000000008724, -0.8943242982395311 
2.5200000000008935, -0.8941716817042686 
2.5300000000009146, -0.8949799008553907 
2.5400000000009357, -0.8971005115301087 
2.550000000000957, -0.8982424657812382 
2.560000000000978, -0.898159623437262 
2.570000000000999, -0.8984486054603386 
2.58000000000102, -0.905997971550171 
2.5900000000010412, -0.912861488539634 
2.6000000000010624, -0.9133280041012443 
2.6100000000010835, -0.9128515982244437 
2.6200000000011046, -0.9190418431875077 
2.6300000000011257, -0.9460156587355404 
2.6400000000011468, -0.9483823675532489 
2.650000000001168, -0.9481193761818874 
2.660000000001189, -0.9447818075978149 
2.67000000000121, -0.947080768635368 
2.680000000001231, -0.9514720099455775 
2.6900000000012523, -0.9514984044835622 
2.7000000000012734, -0.9494526388615284 
2.7100000000012945, -0.9236369201297506 
2.7200000000013156, -0.9156277881636242 
2.7300000000013367, -0.9159084705963534 
2.740000000001358, -0.9152658663430844 
2.750000000001379, -0.9078494512113668 
2.7600000000014, -0.8976813498592703 
2.770000000001421, -0.896889589138213 
2.780000000001442, -0.8967143930086987 
2.7900000000014633, -0.8952972912301345 
2.8000000000014844, -0.892497832644192 
2.8100000000015055, -0.891142308766237 
2.8200000000015266, -0.8909880699486077 
2.8300000000015477, -0.8906176622998608 
2.840000000001569, -0.8897980521257757 
2.85000000000159, -0.8890782703479385 
2.860000000001611, -0.8888037682906913 
2.870000000001632, -0.888704280282468 
2.8800000000016532, -0.8884479220400007 
2.8900000000016743, -0.8881180212876031 
2.9000000000016954, -0.8878935008694666 
2.9100000000017165, -0.8879303671416735 
2.9200000000017377, -0.8880128378460038 
2.9300000000017588, -0.8879716200227339 
2.94000000000178, -0.8877872274767266 
2.950000000001801, -0.8879865978373911 
2.960000000001822, -0.8886627972101009 
2.970000000001843, -0.8892308481112031 
2.9800000000018643, -0.8891842468574795 
2.9900000000018854, -0.8892267700304755 
3.0000000000019065, -0.8914772153422739 
3.0100000000019276, -0.8946891077650896 
3.0200000000019487, -0.8953238538125622 
3.03000000000197, -0.8950680506579748 
3.040000000001991, -0.8976952331997301 
3.050000000002012, -0.9146760169588523 
3.060000000002033, -0.9190250943659917 
3.070000000002054, -0.9189810593441615 
3.0800000000020753, -0.9177787353728545 
3.0900000000020964, -0.9311235998892582 
3.1000000000021175, -0.9440269265677244 
3.1100000000021386, -0.9444713532398433 
3.1200000000021597, -0.9436151752724027 
3.130000000002181, -0.9282844294732382 
3.140000000002202, -0.913418090086821 
3.150000000002223, -0.9141356253598443 
3.160000000002244, -0.9138472127307253 
3.1700000000022652, -0.9091423556997971 
3.1800000000022863, -0.8943535888137396 
3.1900000000023074, -0.8918213298790675 
3.2000000000023285, -0.891763819157688 
3.2100000000023496, -0.8908583765959617 
3.2200000000023707, -0.8878804885979619 
3.230000000002392, -0.8857758508551482 
3.240000000002413, -0.8854636597314635 
3.250000000002434, -0.8852286459302197 
3.260000000002455, -0.8844813782481196 
3.2700000000024763, -0.8836711366837146 
3.2800000000024974, -0.8832470904456562 
3.2900000000025185, -0.8831560640454251 
3.3000000000025396, -0.8829549197351514 
3.3100000000025607, -0.8826492948833413 
3.3200000000025818, -0.8823675944254158 
3.330000000002603, -0.8823467592593478 
3.340000000002624, -0.8824600327493242 
3.350000000002645, -0.8825078594653758 
3.360000000002666, -0.8823465380741355 
3.3700000000026873, -0.8823750090614161 
3.3800000000027084, -0.8830462974643968 
3.3900000000027295, -0.8838953543633794 
3.4000000000027506, -0.884069103252115 
3.4100000000027717, -0.8839090164604574 
3.420000000002793, -0.8854877364703074 
3.430000000002814, -0.8900529866218004 
3.440000000002835, -0.8918593130228517 
3.450000000002856, -0.8917640736291916 
3.460000000002877, -0.8918468739707375 
3.4700000000028983, -0.9094205552983251 
3.4800000000029194, -0.9217623477045804 
3.4900000000029405, -0.9222070019757955 
3.5000000000029616, -0.921473571389958 
3.5100000000029827, -0.9179415954673779 
3.520000000003004, -0.9269627988164052 
3.530000000003025, -0.9284451562458731 
3.540000000003046, -0.9281447668759971 
3.550000000003067, -0.921934495232547 
3.5600000000030882, -0.894773784903298 
3.5700000000031094, -0.8925908618181504 
3.5800000000031305, -0.8925817222306406 
3.5900000000031516, -0.8913376299925987 
3.6000000000031727, -0.885439497277143 
3.6100000000031938, -0.88164377224905 
3.620000000003215, -0.8813631087355392 
3.630000000003236, -0.8810747366685521 
3.640000000003257, -0.8799299617119842 
3.650000000003278, -0.878642871501028 
3.6600000000032993, -0.8780726805595535 
3.6700000000033204, -0.8779585637536588 
3.6800000000033415, -0.8776587380952586 
3.6900000000033626, -0.877221077337578 
3.7000000000033837, -0.8768587252442089 
3.710000000003405, -0.8767724989406258 
3.720000000003426, -0.8767885867183803 
3.730000000003447, -0.8767352026801508 
3.740000000003468, -0.8765418741322709 
3.750000000003489, -0.8765132068339587 
3.7600000000035103, -0.8769359704929524 
3.7700000000035314, -0.877496864660574 
3.7800000000035525, -0.8776143738389174 
3.7900000000035736, -0.8774648966988768 
3.8000000000035947, -0.8785757287144792 
3.810000000003616, -0.8817147802267901 
3.820000000003637, -0.8832524192289749 
3.830000000003658, -0.8831801745889863 
3.840000000003679, -0.8832990884362165 
3.8500000000037002, -0.8967715506371997 
3.8600000000037213, -0.9085931899059828 
3.8700000000037424, -0.9091671671348434 
3.8800000000037635, -0.9085627088560622 
3.8900000000037847, -0.906052568076209 
3.9000000000038058, -0.9168240010125244 
3.910000000003827, -0.9187426806558017 
3.920000000003848, -0.9185242409774553 
3.930000000003869, -0.9138387041944583 
3.94000000000389, -0.8878124717204314 
3.9500000000039113, -0.8840853787250144 
3.9600000000039324, -0.8841158363696572 
3.9700000000039535, -0.883204761664272 
3.9800000000039746, -0.8786884132803782 
3.9900000000039957, -0.8751437680709071 
4.000000000004016, -0.8747184968254893 
4.010000000003993, -0.8745047308597045 
4.02000000000397, -0.8736377352070913 
4.030000000003946, -0.8725870107299358 
4.040000000003923, -0.8720234753701651 
4.0500000000039, -0.8719117303302761 
4.0600000000038765, -0.8717034151278202 
4.070000000003853, -0.8713687604726753 
4.08000000000383, -0.8710507762833443 
4.090000000003807, -0.8709784827173245 
4.100000000003783, -0.8710756712663745 
4.11000000000376, -0.8711404129405595 
4.120000000003737, -0.8710075089534984 
4.130000000003713, -0.8709578501238143 
4.14000000000369, -0.8715825013633637 
4.150000000003667, -0.8725711858398761 
4.1600000000036434, -0.8729258329826007 
4.17000000000362, -0.8727530117303597 
4.180000000003597, -0.8738715706704192 
4.1900000000035735, -0.8796648413540296 
4.20000000000355, -0.8829326605634156 
4.210000000003527, -0.8830118047182686 
4.220000000003504, -0.8824975679152177 
4.23000000000348, -0.8962607607910154 
4.240000000003457, -0.9178374625860721 
4.250000000003434, -0.9189346826523596 
4.26000000000341, -0.9184737379145221 
4.270000000003387, -0.9103685509139774 
4.280000000003364, -0.8903850688153325 
4.2900000000033405, -0.8911237965738694 
4.300000000003317, -0.8910453560422292 
4.310000000003294, -0.8888640292597026 
4.320000000003271, -0.8778684607116127 
4.330000000003247, -0.8732412309133698 
4.340000000003224, -0.8731319167802694 
4.350000000003201, -0.8727083653209019 
4.360000000003177, -0.8710223861363806 
4.370000000003154, -0.8693383651630436 
4.380000000003131, -0.8687848544163956 
4.390000000003107, -0.8686610458935565 
4.400000000003084, -0.8682707975198913 
4.410000000003061, -0.867752485168543 
4.4200000000030375, -0.8673700888493141 
4.430000000003014, -0.8672887764320154 
4.440000000002991, -0.8672738992738132 
4.450000000002968, -0.8671828859236133 
4.460000000002944, -0.8669761242760906 
4.470000000002921, -0.8669757655994453 
4.480000000002898, -0.8674004075498666 
4.490000000002874, -0.8679346977833312 
4.500000000002851, -0.8680155244905605 
4.510000000002828, -0.8678818427747472 
4.520000000002804, -0.8692231016380857 
4.530000000002781, -0.872742398467609 
4.540000000002758, -0.8742603639948051 
4.5500000000027345, -0.8741610365696398 
4.560000000002711, -0.8742921039852012 
4.570000000002688, -0.8917008929482922 
4.580000000002665, -0.9046000951921939 
4.590000000002641, -0.9050955120967813 
4.600000000002618, -0.9043810502513859 
4.610000000002595, -0.8956093382971858 
4.620000000002571, -0.8891686387329552 
4.630000000002548, -0.890299580210433 
4.640000000002525, -0.8900859238657436 
4.6500000000025015, -0.8863703563020381 
4.660000000002478, -0.8725247254708189 
4.670000000002455, -0.8691558607196637 
4.6800000000024315, -0.869104211024586 
4.690000000002408, -0.8684860781426601 
4.700000000002385, -0.8664475563006456 
4.710000000002362, -0.864777351025636 
4.720000000002338, -0.8643649303590256 
4.730000000002315, -0.8642168414018196 
4.740000000002292, -0.8637643378182253 
4.750000000002268, -0.8632358581093247 
4.760000000002245, -0.8628906152661105 
4.770000000002222, -0.8628398756586436 
4.7800000000021985, -0.8628147525438553 
4.790000000002175, -0.8627075108510261 
4.800000000002152, -0.862501204526551 
4.810000000002129, -0.8625741606078479 
4.820000000002105, -0.8630641882616985 
4.830000000002082, -0.8635972215846542 
4.840000000002059, -0.8636167775220506 
4.850000000002035, -0.8635376393717242 
4.860000000002012, -0.8654259271448438 
4.870000000001989, -0.869415992168523 
4.880000000001965, -0.8706518905765918 
4.890000000001942, -0.8704763659145864 
4.900000000001919, -0.8710220964785433 
4.9100000000018955, -0.8939905065961948 
4.920000000001872, -0.9043603740760916 
4.930000000001849, -0.9046144780838776 
4.940000000001826, -0.9035605204368042 
4.950000000001802, -0.8880188121799827 
4.960000000001779, -0.8771203228849218 
4.970000000001756, -0.8777345518577184 
4.980000000001732, -0.8774280914085899 
4.990000000001709, -0.8734643221593434 
5.000000000001686, -0.864247729956055 
5.0100000000016625, -0.8621735980885135 
5.020000000001639, -0.8620864834423837 
5.030000000001616, -0.8614741741152425 
5.0400000000015925, -0.8600062636982818 
5.050000000001569, -0.8589073685860749 
5.060000000001546, -0.8586088017938411 
5.070000000001523, -0.858476263332375 
5.080000000001499, -0.8581379050728055 
5.090000000001476, -0.8577558578382685 
5.100000000001453, -0.8575159319165089 
5.110000000001429, -0.8575454363975834 
5.120000000001406, -0.8576357465864609 
5.130000000001383, -0.8576232725620436 
5.1400000000013595, -0.8574502203787422 
5.150000000001336, -0.8576935178043175 
5.160000000001313, -0.8586812861881922 
5.17000000000129, -0.8596435943068712 
5.180000000001266, -0.859700958405889 
5.190000000001243, -0.8596033833402471 
5.20000000000122, -0.8636159751805157 
5.210000000001196, -0.8722178103602998 
5.220000000001173, -0.8737939754463284 
5.23000000000115, -0.8735628074366799 
5.240000000001126, -0.8725434540798506 
5.250000000001103, -0.8904388284832248 
5.26000000000108, -0.8972869761983111 
5.2700000000010565, -0.8974403635456083 
5.280000000001033, -0.8960874199114448 
5.29000000000101, -0.877824918634956 
5.300000000000987, -0.8645961738214188 
5.310000000000963, -0.8645395807147747 
5.32000000000094, -0.8642449287225471 
5.330000000000917, -0.8620758094978171 
5.340000000000893, -0.8587907077464983 
5.35000000000087, -0.8576524686884291 
5.360000000000847, -0.8575300754518147 
5.3700000000008234, -0.8571340662465251 
5.3800000000008, -0.8564318742185988 
5.390000000000777, -0.855874566087083 
5.4000000000007535, -0.8556826629656099 
5.41000000000073, -0.8556383844224559 
5.420000000000707, -0.8555138781025685 
5.430000000000684, -0.855300673647855 
5.44000000000066, -0.855174232326517 
5.450000000000637, -0.8554337928904842 
5.460000000000614, -0.855901537027427 
5.47000000000059, -0.8561155122716587 
5.480000000000567, -0.8559616233927267 
5.490000000000544, -0.8565603664314895 
5.5000000000005205, -0.8596659788874558 
5.510000000000497, -0.8622211400479252 
5.520000000000474, -0.8623885119329141 
5.5300000000004506, -0.8620215302187144 
5.540000000000427, -0.8711943003263507 
5.550000000000404, -0.894763656757029 
5.560000000000381, -0.8966855387485172 
5.570000000000357, -0.8964024045794816 
5.580000000000334, -0.8912519854442518 
5.590000000000311, -0.8650807671719 
5.600000000000287, -0.8639330452487888 
5.610000000000264, -0.863992596020993 
5.620000000000241, -0.8628951898099 
5.6300000000002175, -0.856856871488457 
5.640000000000194, -0.8525303712538399 
5.650000000000171, -0.852121182364603 
5.660000000000148, -0.8519120903594646 
5.670000000000124, -0.8510641981945957 
5.680000000000101, -0.8500682027097536 
5.690000000000078, -0.8495307444950412 
5.700000000000054, -0.8494277459636767 
5.710000000000031, -0.8492771172959361 
5.720000000000008, -0.8490281320278541 
5.729999999999984, -0.8487620361483983 
5.739999999999961, -0.8487373390211519 
5.749999999999938, -0.8489755906826912 
5.7599999999999145, -0.8492479014303779 
5.769999999999891, -0.8492145411365484 
5.779999999999868, -0.8491393679425916 
5.789999999999845, -0.8503504622919694 
5.799999999999821, -0.8529223254585777 
5.809999999999798, -0.8539646205684109 
5.819999999999775, -0.8538185645731227 
5.829999999999751, -0.854337085788472 
5.839999999999728, -0.8730656135372699 
5.849999999999705, -0.8843737121733289 
5.8599999999996815, -0.8847573410416065 
5.869999999999658, -0.8839220123129038 
5.879999999999635, -0.8698148273863395 
5.8899999999996115, -0.8525103538321838 
5.899999999999588, -0.8529460811522297 
5.909999999999565, -0.8527530547665841 
5.919999999999542, -0.8503618567364667 
5.929999999999518, -0.8445145959353302 
5.939999999999495, -0.8423790526571368 
5.949999999999472, -0.8422419321440717 
5.959999999999448, -0.8418859064129977 
5.969999999999425, -0.8410430348679199 
5.979999999999402, -0.8403250187398317 
5.9899999999993785, -0.8400287354003098 
5.999999999999355, -0.8399770522892188 
6.009999999999332, -0.8398530178744121 
6.019999999999309, -0.839654544241283 
6.029999999999285, -0.8394715826523678 
6.039999999999262, -0.8396557857107683 
6.049999999999239, -0.8401509350108929 
6.059999999999215, -0.8405378964977753 
6.069999999999192, -0.8404436474965691 
6.079999999999169, -0.8406376392259078 
6.089999999999145, -0.8439772648463741 
6.099999999999122, -0.848572694698564 
6.109999999999099, -0.8492742795380865 
6.1199999999990755, -0.8489347664611704 
6.129999999999052, -0.8501673728267571 
6.139999999999029, -0.876273938643377 
6.149999999999006, -0.8810197394425358 
6.159999999998982, -0.8810176243332881 
6.169999999998959, -0.8789234001394508 
6.179999999998936, -0.8585713221925754 
6.189999999998912, -0.8494418534943752 
6.199999999998889, -0.8494275116264572 
6.209999999998866, -0.8490544123824438 
6.2199999999988425, -0.847022492848223 
6.229999999998819, -0.8446681894731243 
6.239999999998796, -0.8438797980387502 
6.2499999999987725, -0.8437649994561719 
6.259999999998749, -0.843420378417133 
6.269999999998726, -0.8429113651005743 
6.279999999998703, -0.842511263298485 
6.289999999998679, -0.8424035911895598 
6.299999999998656, -0.8424417783456456 
6.309999999998633, -0.842446663750963 
6.319999999998609, -0.8423009202857349 
6.329999999998586, -0.842249867243211 
6.339999999998563, -0.8428742483529555 
6.3499999999985395, -0.8439653090326555 
6.359999999998516, -0.8444207677570884 
6.369999999998493, -0.844253254234558 
6.37999999999847, -0.8453240851245462 
6.389999999998446, -0.8548293076125704 
6.399999999998423, -0.8606968760765034 
6.4099999999984, -0.8609339416678071 
6.419999999998376, -0.8601252888595069 
6.429999999998353, -0.8552736123254233 
6.43999999999833, -0.8557260881589813 
6.449999999998306, -0.8567308424264383 
6.459999999998283, -0.8564902018475825 
6.46999999999826, -0.8530532805644933 
6.4799999999982365, -0.8436333838297674 
6.489999999998213, -0.8410545368076136 
6.49999999999819, -0.8409604977569812 
6.509999999998167, -0.840502553680382 
6.519999999998143, -0.8393519893940165 
6.52999999999812, -0.838421453662867 
6.539999999998097, -0.8380919743978534 
6.549999999998073, -0.8380111595215686 
6.55999999999805, -0.837810341284653 
6.569999999998027, -0.8375483174000758 
6.5799999999980034, -0.8373442948040275 
6.58999999999798, -0.8374613768953447 
6.599999999997957, -0.83779471768317 
6.6099999999979335, -0.8380400891357668 
6.61999999999791, -0.837921251075397 
6.629999999997887, -0.8381425436912741 
6.639999999997864, -0.8406097058203005 
6.64999999999784, -0.8438392172940186 
6.659999999997817, -0.8443713826130215 
6.669999999997794, -0.844047464523506 
6.67999999999777, -0.8470042300584535 
6.689999999997747, -0.8761590990371877 
6.699999999997724, -0.881048180821339 
6.7099999999977005, -0.8810205702492131 
6.719999999997677, -0.8787130233606856 
6.729999999997654, -0.8538648107954905 
6.7399999999976306, -0.8443954515289878 
6.749999999997607, -0.8444779173487112 
6.759999999997584, -0.8440624835067105 
6.769999999997561, -0.8416408816654873 
6.779999999997537, -0.8388608757699095 
6.789999999997514, -0.838031328000204 
6.799999999997491, -0.8379172530968081 
6.809999999997467, -0.8375447103873305 
6.819999999997444, -0.8369987730741778 
6.829999999997421, -0.8365819060122356 
6.8399999999973975, -0.8364692472494769 
6.849999999997374, -0.8365007112598823 
6.859999999997351, -0.8364998116406096 
6.869999999997328, -0.8363542708429916 
6.879999999997304, -0.8363027466891586 
6.889999999997281, -0.8369396750756124 
6.899999999997258, -0.8380816484598183 
6.909999999997234, -0.8385739739489088 
6.919999999997211, -0.8384090314511378 
6.929999999997188, -0.8394343325916787 
6.939999999997164, -0.8502120557918676 
6.949999999997141, -0.8570049040863935 
6.959999999997118, -0.8572864798837954 
6.9699999999970945, -0.8564666541024188 
6.979999999997071, -0.8467920483212369 
6.989999999997048, -0.8370761652621397 
6.999999999997025, -0.8377712881955941 
7.009999999997001, -0.8375786154761595 
7.019999999996978, -0.8351645329575462 
7.029999999996955, -0.8293486108434466 
7.039999999996931, -0.8272230803257695 
7.049999999996908, -0.8270772774286393 
7.059999999996885, -0.8267619444172919 
7.0699999999968615, -0.8260380818586143 
7.079999999996838, -0.8254192700474564 
7.089999999996815, -0.8251486104854341 
7.0999999999967915, -0.8251292319484612 
7.109999999996768, -0.8250871125753517 
7.119999999996745, -0.8249632455786153 
7.129999999996722, -0.8247981330546204 
7.139999999996698, -0.825095656265962 
7.149999999996675, -0.8259816013126388 
7.159999999996652, -0.8267552566366589 
7.169999999996628, -0.8267379245599021 
7.179999999996605, -0.8267401328491633 
7.189999999996582, -0.8330458298580773 
7.1999999999965585, -0.8445712562852477 
7.209999999996535, -0.845976541726263 
7.219999999996512, -0.8456779871848652 
7.229999999996489, -0.8411011427597297 
7.239999999996465, -0.8166669264737229 
7.249999999996442, -0.8149552238863301 
7.259999999996419, -0.8150329571356935 
7.269999999996395, -0.8142455962964538 
7.279999999996372, -0.8109693313379379 
7.289999999996349, -0.8084955712289528 
7.299999999996325, -0.8079888022492082 
7.309999999996302, -0.80786991395787 
7.319999999996279, -0.8075011967003319 
7.3299999999962555, -0.8070756880494124 
7.339999999996232, -0.8067814901711593 
7.349999999996209, -0.8067828742224036 
7.359999999996186, -0.8069560272151578 
7.369999999996162, -0.8071201750643919 
7.379999999996139, -0.8070190459154666 
7.389999999996116, -0.8070923555460108 
7.399999999996092, -0.8090162949568842 
7.409999999996069, -0.8125087807599083 
7.419999999996046, -0.8134444466831932 
7.4299999999960225, -0.8132130733844288 
7.439999999995999, -0.8128693393022527 
7.449999999995976, -0.8310704512505985 
7.4599999999959525, -0.8373440639626962 
7.469999999995929, -0.8375596156372558 
7.479999999995906, -0.8366184399515393 
7.489999999995883, -0.8285806700317867 
7.499999999995859, -0.8214269660188461 
7.509999999995836, -0.8207669487098436 
7.519999999995813, -0.8206185459790674 
7.529999999995789, -0.8198887312549685 
7.539999999995766, -0.818921230297236 
7.549999999995743, -0.8183442945783816 
7.5599999999957195, -0.8182181352161338 
7.569999999995696, -0.8181538336373466 
7.579999999995673, -0.818021891377525 
7.58999999999565, -0.8178156693086263 
7.599999999995626, -0.8177857579953403 
7.609999999995603, -0.8182646628563188 
7.61999999999558, -0.8190532755462102 
7.629999999995556, -0.819344738463526 
7.639999999995533, -0.819170982899716 
7.64999999999551, -0.8205838488537973 
7.659999999995486, -0.830604734416068 
7.669999999995463, -0.8360978870915745 
7.67999999999544, -0.8362827109267705 
7.6899999999954165, -0.8352956126359973 
7.699999999995393, -0.8204527968765505 
7.70999999999537, -0.8047753131314112 
7.719999999995347, -0.8050368000982877 
7.729999999995323, -0.8048515227793767 
7.7399999999953, -0.8031558316617465 
7.749999999995277, -0.8001691600910414 
7.759999999995253, -0.7988697132032376 
7.76999999999523, -0.798699319337097 
7.779999999995207, -0.7985152314858132 
7.789999999995183, -0.798160988863272 
7.79999999999516, -0.7978301563391171 
7.809999999995137, -0.7976922149024344 
7.8199999999951135, -0.7978654232276264 
7.82999999999509, -0.7982029122365296 
7.839999999995067, -0.7983558708506774 
7.849999999995044, -0.7982065133191502 
7.85999999999502, -0.7990012137542339 
7.869999999994997, -0.8041197906042908 
7.879999999994974, -0.8085214954767358 
7.88999999999495, -0.8088319659796662 
7.899999999994927, -0.8081762413496232 
7.909999999994904, -0.800032690160242 
7.9199999999948805, -0.7838439250167225 
7.929999999994857, -0.7840137385716412 
7.939999999994834, -0.7839296722786885 
7.9499999999948106, -0.7827306915242261 
7.959999999994787, -0.7801491725620654 
7.969999999994764, -0.7787874746104192 
7.979999999994741, -0.7785346720955569 
7.989999999994717, -0.7784267369452686 
7.999999999994694, -0.778191335197194 
8.00999999999467, -0.7779400010757043 
8.019999999994647, -0.7777950530171323 
8.029999999994624, -0.778066599779231 
8.0399999999946, -0.7787500035840068 
8.049999999994577, -0.7792858123685898 
8.059999999994554, -0.7792036717606993 
8.06999999999453, -0.779395121094182 
8.079999999994508, -0.7899154129497575 
8.089999999994484, -0.8052129617129543 
8.099999999994461, -0.8063744147304275 
8.109999999994438, -0.8060150035971192 
8.119999999994414, -0.799619774299634 
8.129999999994391, -0.779741731880742 
8.139999999994368, -0.7767428107803194 
8.149999999994344, -0.7766964020708342 
8.159999999994321, -0.7762543728134237 
8.169999999994298, -0.7752472309793057 
8.179999999994275, -0.7745049105129123 
8.189999999994251, -0.7742250935896402 
8.199999999994228, -0.7742194130271695 
8.209999999994205, -0.7742277328363488 
8.219999999994181, -0.7741726740545121 
8.229999999994158, -0.7740231625552121 
8.239999999994135, -0.774492707574944 
8.249999999994111, -0.7765196159396416 
8.259999999994088, -0.7786433506284658 
8.269999999994065, -0.778861356855819 
8.279999999994041, -0.7783819821461996 
8.289999999994018, -0.7799585376615771 
8.299999999993995, -0.7886973487166571 
8.309999999993972, -0.7901209180565635 
8.319999999993948, -0.7900538706190481 
8.329999999993925, -0.7885657778721539 
8.339999999993902, -0.7843717404257402 
8.349999999993878, -0.7822685172737756 
8.359999999993855, -0.7819819549508937 
8.369999999993832, -0.7818363665656085 
8.379999999993808, -0.781477458287577 
8.389999999993785, -0.7811257484388331 
8.399999999993762, -0.7809227579156756 
8.409999999993738, -0.7810472305779891 
8.419999999993715, -0.7814101849064548 
8.429999999993692, -0.7817133826835313 
8.439999999993669, -0.7816131123996264 
8.449999999993645, -0.7818703116156455 
8.459999999993622, -0.7873041269961875 
8.469999999993599, -0.7958334121701214 
8.479999999993575, -0.7969000127957363 
8.489999999993552, -0.7965595795477105 
8.499999999993529, -0.7903816826040855 
8.509999999993505, -0.7616287963449686 
8.519999999993482, -0.7580474093975318 
8.529999999993459, -0.7580520584340347 
8.539999999993436, -0.7575909830706627 
8.549999999993412, -0.7564009785705129 
8.559999999993389, -0.7555294026056848 
8.569999999993366, -0.7552031390100881 
8.579999999993342, -0.7551896921061391 
8.589999999993319, -0.7552043161199982 
8.599999999993296, -0.7551769324237783 
8.609999999993272, -0.7550272429209727 
8.619999999993249, -0.7554398515454698 
8.629999999993226, -0.7578855240290645 
8.639999999993202, -0.7610088278743637 
8.64999999999318, -0.7614556646435994 
8.659999999993156, -0.7610092480014568 
8.669999999993133, -0.7552225507403693 
8.67999999999311, -0.7308273827301305 
8.689999999993086, -0.7292074011227659 
8.699999999993063, -0.7292180944622467 
8.70999999999304, -0.7286659789037547 
8.719999999993016, -0.7274485696083487 
8.729999999992993, -0.7266578085538773 
8.73999999999297, -0.7263879938698166 
8.749999999992946, -0.7264125638109299 
8.759999999992923, -0.7265132212843924 
8.7699999999929, -0.726564908365371 
8.779999999992876, -0.7264272040650356 
8.789999999992853, -0.7270467544609379 
8.79999999999283, -0.7325950260523519 
8.809999999992806, -0.7395048113807573 
8.819999999992783, -0.7401921304694479 
8.82999999999276, -0.7397349810368192 
8.839999999992736, -0.7324022829064359 
8.849999999992713, -0.7166785250766358 
8.85999999999269, -0.7143137999396317 
8.869999999992666, -0.7142342516343786 
8.879999999992643, -0.7139608376831763 
8.88999999999262, -0.7134888760201478 
8.899999999992596, -0.7131392074437591 
8.909999999992573, -0.7130227890986636 
8.91999999999255, -0.7133045430515919 
8.929999999992527, -0.7140054522631268 
8.939999999992503, -0.7145177376202424 
8.94999999999248, -0.7144110777756751 
8.959999999992457, -0.7144287401368288 
8.969999999992433, -0.7322835010798137 
8.97999999999241, -0.7476893801859567 
8.989999999992387, -0.7484623037590402 
8.999999999992363, -0.7481900864218503 
9.00999999999234, -0.7459931365439699 
9.019999999992317, -0.7429272159145763 
9.029999999992294, -0.74181408743239 
9.03999999999227, -0.7416708109235225 
9.049999999992247, -0.7415554544138936 
9.059999999992224, -0.7413710100986737 
9.0699999999922, -0.7411697179167551 
9.079999999992177, -0.741125656605121 
9.089999999992154, -0.741766456725381 
9.09999999999213, -0.7432770780088159 
9.109999999992107, -0.7441626986108928 
9.119999999992084, -0.7440573814480868 
9.12999999999206, -0.743515914170382 
9.139999999992037, -0.7517345301233394 
9.149999999992014, -0.7558149986693392 
9.15999999999199, -0.7563057590726505 
9.169999999991967, -0.7560148749913966 
9.179999999991944, -0.7540675980839189 
9.18999999999192, -0.7516769463820216 
9.199999999991897, -0.7507719337069332 
9.209999999991874, -0.7506479458672062 
9.21999999999185, -0.750539516212325 
9.229999999991827, -0.7503746005797344 
9.239999999991804, -0.7501786940319017 
9.24999999999178, -0.7501676434779646 
9.259999999991757, -0.7508809493138714 
9.269999999991734, -0.7524021512264969 
9.27999999999171, -0.7531497164995545 
9.289999999991688, -0.7529996134669785 
9.299999999991664, -0.7527510169365855 
9.309999999991641, -0.7683889608438144 
9.319999999991618, -0.7760009137178793 
9.329999999991594, -0.776449854385919 
9.339999999991571, -0.7760209738428279 
9.349999999991548, -0.7730287619071641 
9.359999999991524, -0.7695986193302893 
9.369999999991501, -0.7686128535156784 
9.379999999991478, -0.7685085978316363 
9.389999999991455, -0.7682909603464642 
9.399999999991431, -0.7679763470703724 
9.409999999991408, -0.7677029558148071 
9.419999999991385, -0.7676726441668771 
9.429999999991361, -0.7680368431989821 
9.439999999991338, -0.768665703650344 
9.449999999991315, -0.7688914627392418 
9.459999999991291, -0.768713577383087 
9.469999999991268, -0.770518413034882 
9.479999999991245, -0.7871600531653705 
9.489999999991221, -0.7949996928995695 
9.499999999991198, -0.7952441969060084 
9.509999999991175, -0.7942440505674808 
9.519999999991152, -0.7814972143992022 
9.529999999991128, -0.7691174607969996 
9.539999999991105, -0.7683155554441028 
9.549999999991082, -0.7682045946594414 
9.559999999991058, -0.7675917456063084 
9.569999999991035, -0.7667744441058528 
9.579999999991012, -0.7662762296856749 
9.589999999990988, -0.7661608612752799 
9.599999999990965, -0.7662204521077067 
9.609999999990942, -0.7663072414940363 
9.619999999990918, -0.7662393385352542 
9.629999999990895, -0.7661722208542575 
9.639999999990872, -0.7675112240935331 
9.649999999990849, -0.7715235545116698 
9.659999999990825, -0.7735631252825276 
9.669999999990802, -0.7735365227555346 
9.679999999990779, -0.7722215980407875 
9.689999999990755, -0.7545738400685049 
9.699999999990732, -0.7417275263895787 
9.709999999990709, -0.7418115333424266 
9.719999999990685, -0.7416177288261835 
9.729999999990662, -0.7405284266676962 
9.739999999990639, -0.7392559117813697 
9.749999999990616, -0.7386437723421581 
9.759999999990592, -0.7385343124843946 
9.769999999990569, -0.7385484993968204 
9.779999999990546, -0.738574247647447 
9.789999999990522, -0.738475087779082 
9.799999999990499, -0.7384544099911795 
9.809999999990476, -0.7400214713403388 
9.819999999990452, -0.7446024481327987 
9.829999999990429, -0.7466630934978485 
9.839999999990406, -0.7466165380289407 
9.849999999990382, -0.7448103375427327 
9.85999999999036, -0.7213015155209384 
9.869999999990336, -0.7086024110827442 
9.879999999990313, -0.7083282510600363 
9.88999999999029, -0.7081824025862018 
9.899999999990266, -0.7075811303588085 
9.909999999990243, -0.706978172572182 
9.91999999999022, -0.7066455166876721 
9.929999999990196, -0.7066507676926281 
9.939999999990173, -0.7069572434079489 
9.94999999999015, -0.7074524192674975 
9.959999999990126, -0.7075450453624005 
9.969999999990103, -0.707351373446548 
9.97999999999008, -0.7114047079154332 
9.989999999990056, -0.7399992775919945 
9.999999999990033, -0.7453569034793446 
10.00999999999001, -0.745457904474935 
10.019999999989986, -0.7444512093833165 
10.029999999989963, -0.7401284810271825 
10.03999999998994, -0.7373809728595366 
10.049999999989916, -0.7368572942817064 
10.059999999989893, -0.7367757033087666 
10.06999999998987, -0.7365667771517684 
10.079999999989846, -0.7363401311856893 
10.089999999989823, -0.7361455616948429 
10.0999999999898, -0.7363277737852029 
10.109999999989776, -0.7372372049617125 
10.119999999989753, -0.7385337978315483 
10.12999999998973, -0.7387896470213646 
10.139999999989707, -0.7384634641436422 
10.149999999989683, -0.7404114493851333 
10.15999999998966, -0.7558200458255134 
10.169999999989637, -0.7579818298464123 
10.179999999989613, -0.7580423725974322 
10.18999999998959, -0.7571614724796248 
10.199999999989567, -0.7542427559684407 
10.209999999989543, -0.7523855938168578 
10.21999999998952, -0.7519553986679101 
10.229999999989497, -0.7518810479405671 
10.239999999989474, -0.7517071348392764 
10.24999999998945, -0.7515102275560307 
10.259999999989427, -0.7513308572259931 
10.269999999989404, -0.7515694216380122 
10.27999999998938, -0.7525603521247107 
10.289999999989357, -0.7537912099228168 
10.299999999989334, -0.7539621578107899 
10.30999999998931, -0.7536270627940123 
10.319999999989287, -0.7584187911694074 
10.329999999989264, -0.7832512865922588 
10.33999999998924, -0.7860414939453927 
10.349999999989217, -0.7860197122905238 
10.359999999989194, -0.7845405913318811 
10.36999999998917, -0.7791687480643067 
10.379999999989147, -0.7763467446679488 
10.389999999989124, -0.7759979662159302 
10.3999999999891, -0.7758560259350182 
10.409999999989077, -0.7754631356545937 
10.419999999989054, -0.7750716721878406 
10.42999999998903, -0.7748338420320897 
10.439999999989007, -0.7749142629365081 
10.449999999988984, -0.7752280067634421 
10.45999999998896, -0.775534077708814 
10.469999999988937, -0.7754568634509476 
10.479999999988914, -0.7755832390216391 
10.48999999998889, -0.7802139323347922 
10.499999999988868, -0.7893184563970628 
10.509999999988844, -0.7907774906073418 
10.519999999988821, -0.7905272062749549 
10.529999999988798, -0.7859176547497481 
10.539999999988774, -0.7581169245853557 
10.549999999988751, -0.7528707896951347 
10.559999999988728, -0.7528632988879322 
10.569999999988704, -0.7525051457687135 
10.579999999988681, -0.7514743382935513 
10.589999999988658, -0.7506527486525475 
10.599999999988635, -0.7503059767941733 
10.609999999988611, -0.7502958481172182 
10.619999999988588, -0.7503547756665333 
10.629999999988565, -0.7503881800393868 
10.639999999988541, -0.7502491036151594 
10.649999999988518, -0.7505608478398357 
10.659999999988495, -0.7534468767796249 
10.669999999988471, -0.757969615435586 
10.679999999988448, -0.7587553107244521 
10.689999999988425, -0.7584114980303015 
10.699999999988401, -0.752683166799337 
10.709999999988378, -0.7233478451488309 
10.719999999988355, -0.7194351300356984 
10.729999999988332, -0.7194323013937319 
10.739999999988308, -0.7190728958046076 
10.749999999988285, -0.7182249012872728 
10.759999999988262, -0.7176106216978885 
10.769999999988238, -0.7173592509683421 
10.779999999988215, -0.7174294311041287 
10.789999999988192, -0.7176810710546123 
10.799999999988168, -0.7179118186852296 
10.809999999988145, -0.7178071067402813 
10.819999999988122, -0.7181122710947473 
10.829999999988098, -0.7274102943756031 
10.839999999988075, -0.7432446683895524 
10.849999999988052, -0.7446234367513973 
10.859999999988029, -0.7443637924279443 
10.869999999988005, -0.7408212287425772 
10.879999999987982, -0.7326808047507706 
10.889999999987959, -0.7303605697032413 
10.899999999987935, -0.7301955522613086 
10.909999999987912, -0.7300188232026501 
10.919999999987889, -0.7296730737432542 
10.929999999987865, -0.7293774838492086 
10.939999999987842, -0.7292486461786104 
10.949999999987819, -0.7295564593585815 
10.959999999987796, -0.7303772946499809 
10.969999999987772, -0.7310567708850741 
10.979999999987749, -0.7309970384481875 
10.989999999987726, -0.7308229928407357 
10.999999999987702, -0.7455119968822544 
11.009999999987679, -0.7647878801463912 
11.019999999987656, -0.7658686147714002 
11.029999999987632, -0.7656413873662702 
11.039999999987609, -0.7632958574143341 
11.049999999987586, -0.7591004620637164 
11.059999999987562, -0.7575785952163785 
11.06999999998754, -0.7574104434779511 
11.079999999987516, -0.7572515501526138 
11.089999999987493, -0.7569581155394436 
11.09999999998747, -0.7566853033994979 
11.109999999987446, -0.7565788514810382 
11.119999999987423, -0.7569053420724652 
11.1299999999874, -0.7576517239665426 
11.139999999987376, -0.7581492901359114 
11.149999999987353, -0.7580326663750536 
11.15999999998733, -0.7583879830918524 
11.169999999987306, -0.775065814800853 
11.179999999987283, -0.7920499425418226 
11.18999999998726, -0.7928950154878456 
11.199999999987236, -0.7924649474178593 
11.209999999987213, -0.786728725189797 
11.21999999998719, -0.7760705714196073 
11.229999999987166, -0.7741443094193139 
11.239999999987143, -0.7740591553758313 
11.24999999998712, -0.773686771215002 
11.259999999987096, -0.7730152486878661 
11.269999999987073, -0.7725197059440856 
11.27999999998705, -0.7723412167240061 
11.289999999987026, -0.7724158790294331 
11.299999999987003, -0.7725670056751125 
11.30999999998698, -0.7725931706514152 
11.319999999986956, -0.7724538144942513 
11.329999999986933, -0.7733082950644401 
11.33999999998691, -0.7774549487687016 
11.349999999986887, -0.7808959904893136 
11.359999999986863, -0.7811208555967161 
11.36999999998684, -0.7803827172576029 
11.379999999986817, -0.7688653592458654 
11.389999999986793, -0.7473930343390709 
11.39999999998677, -0.7470142653260792 
11.409999999986747, -0.7469374664779619 
11.419999999986723, -0.7461024693981152 
11.4299999999867, -0.7446962660775484 
11.439999999986677, -0.7439076206826334 
11.449999999986654, -0.743705185007965 
11.45999999998663, -0.7437040304402136 
11.469999999986607, -0.7437099512709076 
11.479999999986584, -0.7436365647149784 
11.48999999998656, -0.7435257318821085 
11.499999999986537, -0.7444139745028108 
11.509999999986514, -0.7478261731486171 
11.51999999998649, -0.7504670061374955 
11.529999999986467, -0.7505995396489615 
11.539999999986444, -0.749703303434347 
11.54999999998642, -0.7339550541431745 
11.559999999986397, -0.7123096553344211 
11.569999999986374, -0.7116423836977264 
11.57999999998635, -0.7115631133039044 
11.589999999986327, -0.7109741184605435 
11.599999999986304, -0.7101788947314247 
11.60999999998628, -0.7097149724181678 
11.619999999986257, -0.7096105125676789 
11.629999999986234, -0.7097815072609892 
11.63999999998621, -0.7101324747359524 
11.649999999986187, -0.7102709126822764 
11.659999999986164, -0.7101087952657826 
11.66999999998614, -0.7118287205488342 
11.679999999986117, -0.7320029227911732 
11.689999999986094, -0.7422174630794169 
11.69999999998607, -0.7425807093741551 
11.709999999986048, -0.7419174722372099 
11.719999999986024, -0.736976194291044 
11.729999999986001, -0.7323116978615343 
11.739999999985978, -0.73136642715103 
11.749999999985954, -0.7312787999810326 
11.759999999985931, -0.7310606649326505 
11.769999999985908, -0.7307844522686995 
11.779999999985884, -0.7305490850930932 
11.789999999985861, -0.7305823376000734 
11.799999999985838, -0.7312048626272356 
11.809999999985815, -0.732374154778383 
11.819999999985791, -0.7328271521608614 
11.829999999985768, -0.7326135671716689 
11.839999999985745, -0.733051143051366 
11.849999999985721, -0.751555769340183 
11.859999999985698, -0.7565576295543417 
11.869999999985675, -0.7568298421865847 
11.879999999985651, -0.7562962734241531 
11.889999999985628, -0.7535864259690761 
11.899999999985605, -0.7511946756916369 
11.909999999985581, -0.7505030461825373 
11.919999999985558, -0.7504190891355126 
11.929999999985535, -0.7502632993388317 
11.939999999985512, -0.7500657928387731 
11.949999999985488, -0.7498604183108459 
11.959999999985465, -0.7499490571709259 
11.969999999985442, -0.7507411795650377 
11.979999999985418, -0.7520689269115233 
11.989999999985395, -0.7524735650148446 
11.999999999985372, -0.7522263356768364 
12.009999999985348, -0.7534800482652165 
12.019999999985325, -0.7779312807119946 
12.029999999985302, -0.783725987994398 
12.039999999985278, -0.7839163705655602 
12.049999999985255, -0.7831026592114907 
12.059999999985232, -0.7785357497895475 
12.069999999985209, -0.7749046369788698 
12.079999999985185, -0.7742368220052609 
12.089999999985162, -0.7741352970252544 
12.099999999985139, -0.773807315249149 
12.109999999985115, -0.7734166597711847 
12.119999999985092, -0.7731322548314623 
12.129999999985069, -0.773143199468736 
12.139999999985045, -0.7734392275366672 
12.149999999985022, -0.7738375970335755 
12.159999999984999, -0.7738609403812257 
12.169999999984976, -0.7737611141605328 
12.179999999984952, -0.776792181919397 
12.189999999984929, -0.7877105122376447 
12.199999999984906, -0.7909061255851692 
12.209999999984882, -0.7908646756455185 
12.219999999984859, -0.7887487906910893 
12.229999999984836, -0.7657474776145484 
12.239999999984812, -0.7551168565370038 
12.249999999984789, -0.754953410212651 
12.259999999984766, -0.7547457057540805 
12.269999999984742, -0.7538847752657618 
12.27999999998472, -0.7530059805892183 
12.289999999984696, -0.7525591466600319 
12.299999999984673, -0.7525007399599255 
12.30999999998465, -0.752561543306557 
12.319999999984626, -0.7526332215730672 
12.329999999984603, -0.7525279256291086 
12.33999999998458, -0.7525836644490478 
12.349999999984556, -0.75467542198158 
12.359999999984533, -0.7596102461102644 
12.36999999998451, -0.7611578262879575 
12.379999999984486, -0.7610066737846325 
12.389999999984463, -0.7583373161036996 
12.39999999998444, -0.7308834412714793 
12.409999999984416, -0.7219186822240301 
12.419999999984393, -0.7218783041815681 
12.42999999998437, -0.7216440308110732 
12.439999999984346, -0.7208284690742909 
12.449999999984323, -0.7201037388578382 
12.4599999999843, -0.7197517645290523 
12.469999999984276, -0.7197527602708499 
12.479999999984253, -0.7199452474200951 
12.48999999998423, -0.720200021920097 
12.499999999984206, -0.7201544122945116 
12.509999999984183, -0.7201521302130035 
12.51999999998416, -0.7252102835159411 
12.529999999984136, -0.741528319156068 
12.539999999984113, -0.7444465471973332 
12.54999999998409, -0.7443695946776291 
12.559999999984067, -0.7421946931255535 
12.569999999984043, -0.7328310388565713 
12.57999999998402, -0.7289204345477968 
12.589999999983997, -0.728588547279684 
12.599999999983973, -0.7284574285874874 
12.60999999998395, -0.7281047589688217 
12.619999999983927, -0.7277760083780954 
12.629999999983903, -0.7275754583201863 
12.63999999998388, -0.7277501747096801 
12.649999999983857, -0.7284103600899701 
12.659999999983834, -0.7292045176305669 
12.66999999998381, -0.7292679249912545 
12.679999999983787, -0.7289954784855117 
12.689999999983764, -0.736352396245253 
12.69999999998374, -0.7626885450242104 
12.709999999983717, -0.7651039875552483 
12.719999999983694, -0.7650481964452718 
12.72999999998367, -0.7635192030347074 
12.739999999983647, -0.7590262832412703 
12.749999999983624, -0.7568263864013817 
12.7599999999836, -0.7565117245379814 
12.769999999983577, -0.7563944409509579 
12.779999999983554, -0.7561096032332646 
12.78999999998353, -0.7558266492840747 
12.799999999983507, -0.7556488196782549 
12.809999999983484, -0.75586067181046 
12.81999999998346, -0.7565201927650015 
12.829999999983437, -0.7571792230639014 
12.839999999983414, -0.7571661126041818 
12.84999999998339, -0.7570653781441918 
12.859999999983367, -0.7668788498708465 
12.869999999983344, -0.7901459698829373 
12.87999999998332, -0.7921677894568662 
12.889999999983297, -0.7919786632652387 
12.899999999983274, -0.7886948718746021 
12.90999999998325, -0.7773484451706103 
12.919999999983228, -0.7738802711193252 
12.929999999983204, -0.7737295360211027 
12.939999999983181, -0.7734719637557952 
12.949999999983158, -0.7728296794072489 
12.959999999983134, -0.7722837234642747 
12.969999999983111, -0.7720227966538551 
12.979999999983088, -0.7720611652023996 
12.989999999983064, -0.7722092489242043 
12.999999999983041, -0.7723021824865504 
13.009999999983018, -0.7721645750720483 
13.019999999982995, -0.7725549501328588 
13.029999999982971, -0.7759422900026763 
13.039999999982948, -0.7804989137150218 
13.049999999982925, -0.7811351903658063 
13.059999999982901, -0.7807249869345836 
13.069999999982878, -0.7746622893341686 
13.079999999982855, -0.7477727631218533 
13.089999999982831, -0.7456828813037687 
13.099999999982808, -0.7457024050046975 
13.109999999982785, -0.7451435450745536 
13.119999999982761, -0.743778869911584 
13.129999999982738, -0.7428569946092989 
13.139999999982715, -0.7425439143416794 
13.149999999982692, -0.742534347272401 
13.159999999982668, -0.742551910817672 
13.169999999982645, -0.7425280924360023 
13.179999999982622, -0.7423829491467255 
13.189999999982598, -0.7428763115887679 
13.199999999982575, -0.7458833953177548 
13.209999999982552, -0.7496225479900878 
13.219999999982528, -0.7500992677209867 
13.229999999982505, -0.7496135643617376 
13.239999999982482, -0.7410256218170428 
13.249999999982458, -0.7131762490219905 
13.259999999982435, -0.7108080647709923 
13.269999999982412, -0.7107866157362313 
13.279999999982389, -0.7103772036718483 
13.289999999982365, -0.7096062197006966 
13.299999999982342, -0.7090914018001351 
13.309999999982319, -0.7089090920966885 
13.319999999982295, -0.7090445732158346 
13.329999999982272, -0.7094078127220226 
13.339999999982249, -0.7096819117518798 
13.349999999982225, -0.7095588722425957 
13.359999999982202, -0.7100388563619947 
13.369999999982179, -0.7257896101043922 
13.379999999982156, -0.7435846117838327 
13.389999999982132, -0.7445318402535027 
13.399999999982109, -0.7442054754945856 
13.409999999982086, -0.7409258590221963 
13.419999999982062, -0.7357838091691957 
13.429999999982039, -0.7342862722728773 
13.439999999982016, -0.7341491031937262 
13.449999999981992, -0.7339857211297467 
13.459999999981969, -0.7337160899523067 
13.469999999981946, -0.7334710488235217 
13.479999999981922, -0.7334019823374703 
13.4899999999819, -0.7338748157648876 
13.499999999981876, -0.7349949919556347 
13.509999999981853, -0.7357164920458044 
13.51999999998183, -0.73561154109507 
13.529999999981806, -0.7353613875012491 
13.539999999981783, -0.7502632493390272 
13.54999999998176, -0.760736098673586 
13.559999999981736, -0.7613699113588792 
13.569999999981713, -0.7610698000015979 
13.57999999998169, -0.7587746648012148 
13.589999999981666, -0.7557085613893761 
13.599999999981643, -0.7546299144200251 
13.60999999998162, -0.7544991907056889 
13.619999999981596, -0.7543552064628487 
13.629999999981573, -0.7541275397407952 
13.63999999998155, -0.753898074595338 
13.649999999981526, -0.7538577077062409 
13.659999999981503, -0.754373236508203 
13.66999999998148, -0.755446698962282 
13.679999999981456, -0.756009129663187 
13.689999999981433, -0.7558576374600046 
13.69999999998141, -0.7562578181689878 
13.709999999981386, -0.7792224808628835 
13.719999999981363, -0.7932545109994146 
13.72999999998134, -0.7937961859162467 
13.739999999981316, -0.7932694977133937 
13.749999999981293, -0.7881353077002524 
13.75999999998127, -0.7814543650145721 
13.769999999981247, -0.780177099232521 
13.779999999981223, -0.7800820189994895 
13.7899999999812, -0.7797184365966384 
13.799999999981177, -0.779162682457171 
13.809999999981153, -0.7787542726099961 
13.81999999998113, -0.7786378025513735 
13.829999999981107, -0.7787618197823337 
13.839999999981083, -0.7789671890819472 
13.84999999998106, -0.7789837569396074 
13.859999999981037, -0.7788591947442285 
13.869999999981014, -0.7801102761759194 
13.87999999998099, -0.7851382985435942 
13.889999999980967, -0.7881954204646539 
13.899999999980944, -0.7882852956439247 
13.90999999998092, -0.7872524194982566 
13.919999999980897, -0.7716147734909068 
13.929999999980874, -0.7545969105020001 
13.93999999998085, -0.7545830262789832 
13.949999999980827, -0.7544374612225817 
13.959999999980804, -0.7533792248296377 
13.96999999998078, -0.7518868439509963 
13.979999999980757, -0.7511312505857791 
13.989999999980734, -0.7509746392808998 
13.99999999998071, -0.7509503492903947 
14.009999999980687, -0.7509089945019028 
14.019999999980664, -0.750784837195934 
14.02999999998064, -0.750724501584966 
14.039999999980617, -0.7516769352838312 
14.049999999980594, -0.7543425493904755 
14.05999999998057, -0.7559261523530691 
14.069999999980547, -0.7558940377895746 
14.079999999980524, -0.754822447325259 
14.0899999999805, -0.7427814768638507 
14.099999999980477, -0.7314419559532104 
14.109999999980454, -0.7315831194621408 
14.11999999998043, -0.7314062318402713 
14.129999999980408, -0.7303516335649364 
14.139999999980384, -0.7290874440903573 
14.149999999980361, -0.7284734978099505 
14.159999999980338, -0.7283589534299302 
14.169999999980314, -0.7283934184794232 
14.179999999980291, -0.7284591457351455 
14.189999999980268, -0.7283896286765049 
14.199999999980244, -0.7283374187357843 
14.209999999980221, -0.7300972940828951 
14.219999999980198, -0.7363753543192074 
14.229999999980175, -0.7393196571487415 
14.239999999980151, -0.7393467323153983 
14.249999999980128, -0.7377809983818405 
14.259999999980105, -0.7201921142862755 
14.269999999980081, -0.7093192588884968 
14.279999999980058, -0.7087783802345536 
14.289999999980035, -0.7086680772303101 
14.299999999980011, -0.7082207534601535 
14.309999999979988, -0.7077511821805138 
14.319999999979965, -0.7074627515019578 
14.329999999979941, -0.7074960981348017 
14.339999999979918, -0.7079284110182533 
14.349999999979895, -0.7086570632114892 
14.359999999979872, -0.7088542335279854 
14.369999999979848, -0.7086133076225883 
14.379999999979825, -0.7111805708769786 
14.389999999979802, -0.7371610708509605 
14.399999999979778, -0.7416793079195017 
14.409999999979755, -0.7418282788925393 
14.419999999979732, -0.7411040386331408 
14.429999999979708, -0.7382506518272186 
14.439999999979685, -0.7362368099590811 
14.449999999979662, -0.7357121891637246 
14.459999999979638, -0.7356460848044574 
14.469999999979615, -0.7355188667938007 
14.479999999979592, -0.7353711079629569 
14.489999999979569, -0.7351953656678576 
14.499999999979545, -0.7354123809252516 
14.509999999979522, -0.7367228546366424 
14.519999999979499, -0.7387495089702921 
14.529999999979475, -0.7392033726540364 
14.539999999979452, -0.7388688862733632 
14.549999999979429, -0.7365808428707986 
14.559999999979405, -0.7213937131331766 
14.569999999979382, -0.7195547943720416 
14.579999999979359, -0.7196233789740633 
14.589999999979335, -0.7191477536313754 
14.599999999979312, -0.7178784244197525 
14.609999999979289, -0.7169941925674044 
14.619999999979266, -0.7166671701851338 
14.629999999979242, -0.7166775506279387 
14.639999999979219, -0.7167854255426803 
14.649999999979196, -0.7168814433551258 
14.659999999979172, -0.716758340821363 
14.669999999979149, -0.7171265425350813 
14.679999999979126, -0.7227199562563374 
14.689999999979102, -0.732358866450459 
14.69999999997908, -0.7335641992825341 
14.709999999979056, -0.7332770568737473 
14.719999999979033, -0.7288101607964643 
14.72999999997901, -0.7166512431033397 
14.739999999978986, -0.7137391100036897 
14.749999999978963, -0.7135907449259729 
14.75999999997894, -0.7134019213094102 
14.769999999978916, -0.7130241190027217 
14.779999999978893, -0.7127153504351991 
14.78999999997887, -0.7125788486704762 
14.799999999978846, -0.7128850111316484 
14.809999999978823, -0.7137680271365066 
14.8199999999788, -0.7145731889490347 
14.829999999978776, -0.7145511534212915 
14.839999999978753, -0.7141462693637343 
14.84999999997873, -0.7216276338297156 
14.859999999978706, -0.7287797339823643 
14.869999999978683, -0.7294990631474909 
14.87999999997866, -0.7293697603050874 
14.889999999978636, -0.7281575746590948 
14.899999999978613, -0.7262589331245521 
14.90999999997859, -0.7253513315035759 
14.919999999978566, -0.7251632453028305 
14.929999999978543, -0.7251459717588158 
14.93999999997852, -0.7251280776304179 
14.949999999978496, -0.7250403043531433 
14.959999999978473, -0.7249462896112564 
14.96999999997845, -0.7259771718014164 
14.979999999978427, -0.729982315454275 
14.989999999978403, -0.7328758081303535 
14.99999999997838, -0.7330045485790105 
15.009999999978357, -0.7319760818090392 
15.019999999978333, -0.7153282670911388 
15.02999999997831, -0.6981177072302092 
15.039999999978287, -0.6972194222897766 
15.049999999978263, -0.6971418762614892 
15.05999999997824, -0.6967184722715104 
15.069999999978217, -0.6962025829504501 
15.079999999978194, -0.6958770453333138 
15.08999999997817, -0.6958517774125819 
15.099999999978147, -0.6962382177526215 
15.109999999978124, -0.6970267556810028 
15.1199999999781, -0.6973790871526294 
15.129999999978077, -0.6971801189553904 
15.139999999978054, -0.6976161187509027 
15.14999999997803, -0.7126498755858645 
15.159999999978007, -0.7155024068842495 
15.169999999977984, -0.7157706795550817 
15.17999999997796, -0.7153954601433112 
15.189999999977937, -0.7138159215334684 
15.199999999977914, -0.7124581242905664 
15.20999999997789, -0.7119368100593774 
15.219999999977867, -0.711881434706646 
15.229999999977844, -0.7119133619839672 
15.23999999997782, -0.711966705880513 
15.249999999977797, -0.7118615773906828 
15.259999999977774, -0.7119554926386424 
15.26999999997775, -0.7149579519657204 
15.279999999977727, -0.7230472867613531 
15.289999999977704, -0.7251463941954699 
15.29999999997768, -0.725032629644022 
15.309999999977657, -0.7223932043894911 
15.319999999977634, -0.7083516152078635 
15.32999999997761, -0.7032042900385028 
15.339999999977588, -0.7028915582241998 
15.349999999977564, -0.7027608745712791 
15.359999999977541, -0.7024047850625865 
15.369999999977518, -0.7020866994464673 
15.379999999977494, -0.701893785465606 
15.389999999977471, -0.7021026400866192 
15.399999999977448, -0.7029670438019986 
15.409999999977424, -0.7041250703033151 
15.419999999977401, -0.7042969454186025 
15.429999999977378, -0.7038849239971678 
15.439999999977355, -0.702662667414039 
15.449999999977331, -0.6909963671284495 
15.459999999977308, -0.6901864446571625 
15.469999999977285, -0.6901992624495141 
15.479999999977261, -0.6896897152774086 
15.489999999977238, -0.6887059595640721 
15.499999999977215, -0.6880997767430488 
15.509999999977191, -0.6878961737841185 
15.519999999977168, -0.688012668479164 
15.529999999977145, -0.6883562818763636 
15.539999999977121, -0.6886439030866118 
15.549999999977098, -0.6885310975701423 
15.559999999977075, -0.6888433841410718 
15.569999999977052, -0.7059564325982062 
15.579999999977028, -0.7257524020911111 
15.589999999977005, -0.7267494307629644 
15.599999999976982, -0.7265056637730191 
15.609999999976958, -0.7243865542976295 
15.619999999976935, -0.7212856572624673 
15.629999999976912, -0.7201376239466294 
15.639999999976888, -0.7199767347609805 
15.649999999976865, -0.7198997902042974 
15.659999999976842, -0.7197811759503816 
15.669999999976818, -0.7196274847330096 
15.679999999976795, -0.7195703479692173 
15.689999999976772, -0.7204563799429957 
15.699999999976749, -0.7231292175932352 
15.709999999976725, -0.7248882701481009 
15.719999999976702, -0.7248957520107177 
15.729999999976679, -0.7236739058512771 
15.739999999976655, -0.7035778627099132 
15.749999999976632, -0.6862456614757136 
15.759999999976609, -0.68576836729317 
15.769999999976585, -0.6856695146069374 
15.779999999976562, -0.6851649788408064 
15.789999999976539, -0.6846104780841922 
15.799999999976515, -0.6842868128590703 
15.809999999976492, -0.6842852381072156 
15.819999999976469, -0.6846957779770767 
15.829999999976446, -0.6855026627648325 
15.839999999976422, -0.6858168468318546 
15.849999999976399, -0.6855902312601193 
15.859999999976376, -0.6858143582017754 
15.869999999976352, -0.6904983498940211 
15.879999999976329, -0.6894757773723303 
15.889999999976306, -0.6896381620590862 
15.899999999976282, -0.6893030320584123 
15.90999999997626, -0.6882091166444468 
15.919999999976236, -0.6873629162738476 
15.929999999976213, -0.6870091915898172 
15.93999999997619, -0.6870256264894838 
15.949999999976166, -0.6872482835632933 
15.959999999976143, -0.6875571968379106 
15.96999999997612, -0.6875284143119601 
15.979999999976096, -0.687462250736283 
15.989999999976073, -0.6949156301045988 
15.99999999997605, -0.7211355937582117 
16.009999999976028, -0.7240756349269292 
16.019999999976005, -0.7240379892440474 
16.02999999997598, -0.722652303360999 
16.039999999975958, -0.7188499234541093 
16.049999999975935, -0.7169920055750459 
16.05999999997591, -0.7166541932981603 
16.069999999975888, -0.7165898619611489 
16.079999999975865, -0.716457334260029 
16.08999999997584, -0.7163142575072782 
16.099999999975818, -0.7161706678690597 
16.109999999975795, -0.7166320513042762 
16.11999999997577, -0.7186900906577899 
16.129999999975748, -0.7211407716627798 
16.139999999975725, -0.7214427046339198 
16.1499999999757, -0.7208882311192675 
16.15999999997568, -0.7110689710801166 
16.169999999975655, -0.6842865560638693 
16.17999999997563, -0.6822631884025202 
16.18999999997561, -0.6822304979760437 
16.199999999975585, -0.681874752431377 
16.20999999997556, -0.6812981788024082 
16.21999999997554, -0.6809187698070289 
16.229999999975515, -0.6808086266296905 
16.239999999975492, -0.6811134690164057 
16.24999999997547, -0.6819233604446034 
16.259999999975445, -0.6825492689439465 
16.269999999975422, -0.6824611762393914 
16.2799999999754, -0.681898469828327 
16.289999999975375, -0.6801361971464891 
16.299999999975352, -0.6716518593038866 
16.30999999997533, -0.6717153059060962 
16.319999999975305, -0.6715906162039104 
16.329999999975282, -0.6709025729422199 
16.33999999997526, -0.6701622979665158 
16.349999999975235, -0.669777114722311 
16.359999999975212, -0.6697466579930188 
16.36999999997519, -0.670066981847192 
16.379999999975166, -0.6707201050845135 
16.389999999975142, -0.670981944908126 
16.39999999997512, -0.670761930823387 
16.409999999975096, -0.6712540003398693 
16.419999999975072, -0.6775437041973381 
16.42999999997505, -0.6764382640934533 
16.439999999975026, -0.6765948942597154 
16.449999999975002, -0.6762859917733051 
16.45999999997498, -0.6753112004182642 
16.469999999974956, -0.6745656810023322 
16.479999999974932, -0.6742465421750307 
16.48999999997491, -0.6742914497472668 
16.499999999974886, -0.6746113494298347 
16.509999999974863, -0.6750715359946828 
16.51999999997484, -0.6750950068479263 
16.529999999974816, -0.6748815243485302 
16.539999999974793, -0.681554609949189 
16.54999999997477, -0.7049165087706086 
16.559999999974746, -0.7068581146539183 
16.569999999974723, -0.7068679402967782 
16.5799999999747, -0.7060282157111606 
16.589999999974676, -0.7041278143081 
16.599999999974653, -0.7030639651269102 
16.60999999997463, -0.7027691686213953 
16.619999999974606, -0.7027727161597094 
16.629999999974583, -0.7028267336431174 
16.63999999997456, -0.7028485255218102 
16.649999999974536, -0.7027128725015939 
16.659999999974513, -0.7033775120427097 
16.66999999997449, -0.7096129032967688 
16.679999999974466, -0.717574670643704 
16.689999999974443, -0.7183242277632205 
16.69999999997442, -0.7179028099385284 
16.709999999974396, -0.7123645229721917 
16.719999999974373, -0.702641565274346 
16.72999999997435, -0.7006751257786445 
16.739999999974327, -0.7005597164665758 
16.749999999974303, -0.7003769528974614 
16.75999999997428, -0.7000833288856441 
16.769999999974257, -0.6998401201111829 
16.779999999974233, -0.6997719609949195 
16.78999999997421, -0.7003238667540628 
16.799999999974187, -0.7018428406852079 
16.809999999974163, -0.7029536982655865 
16.81999999997414, -0.70291641280982 
16.829999999974117, -0.7018970976531919 
16.839999999974093, -0.6856481557509054 
16.84999999997407, -0.6685811497935257 
16.859999999974047, -0.6682437067547523 
16.869999999974024, -0.668146512164129 
16.879999999974, -0.6676334653047995 
16.889999999973977, -0.6670830544858006 
16.899999999973954, -0.6667694973804746 
16.90999999997393, -0.6667804061844633 
16.919999999973907, -0.6672666134887785 
16.929999999973884, -0.6682865212226048 
16.93999999997386, -0.6687215518045126 
16.949999999973837, -0.6684992317557079 
16.959999999973814, -0.6668243962613355 
16.96999999997379, -0.6443339717992844 
16.979999999973767, -0.6367426041176778 
16.989999999973744, -0.6366890379374026 
16.99999999997372, -0.6365181928914077 
17.009999999973697, -0.6360550579742454 
17.019999999973674, -0.6357017247323787 
17.02999999997365, -0.635517248957208 
17.039999999973627, -0.6357842863714177 
17.049999999973604, -0.6371367336710354 
17.05999999997358, -0.6393844219797162 
17.069999999973557, -0.6398429532009371 
17.079999999973534, -0.6394293388491565 
17.08999999997351, -0.6330258621206885 
17.099999999973488, -0.6195755962507358 
17.109999999973464, -0.6171863194514672 
17.11999999997344, -0.6170347941546834 
17.129999999973418, -0.6169550870790663 
17.139999999973394, -0.6168616237589433 
17.14999999997337, -0.6167760387510806 
17.159999999973348, -0.6166801829844218 
17.169999999973324, -0.6181022718438773 
17.1799999999733, -0.6300124526799985 
17.189999999973278, -0.6392984340223085 
17.199999999973254, -0.6397645066232391 
17.20999999997323, -0.6393371231709378 
17.219999999973208, -0.6372103118463301 
17.229999999973185, -0.6354825550668166 
17.23999999997316, -0.6349101191228245 
17.249999999973138, -0.6348601393254106 
17.259999999973115, -0.6350066307495593 
17.26999999997309, -0.635308775552268 
17.279999999973068, -0.635357928125373 
17.289999999973045, -0.6351646110539954 
17.29999999997302, -0.6388452409045042 
17.309999999972998, -0.6602115601002351 
17.319999999972975, -0.6619125196396635 
17.32999999997295, -0.6620247195318363 
17.339999999972928, -0.6615877925361467 
17.349999999972905, -0.6605149505102181 
17.35999999997288, -0.6598222168890072 
17.36999999997286, -0.659563930991724 
17.379999999972835, -0.6596636871836253 
17.38999999997281, -0.6600711463193274 
17.39999999997279, -0.660568635808394 
17.409999999972765, -0.6605537712420659 
17.41999999997274, -0.6602598049514786 
17.42999999997272, -0.6662526549325317 
17.439999999972695, -0.6692998077224773 
17.449999999972672, -0.6695370478302756 
17.45999999997265, -0.6695003515702708 
17.469999999972625, -0.6688806859706312 
17.479999999972602, -0.6679481090604331 
17.48999999997258, -0.6674335534253112 
17.499999999972555, -0.6673005329699183 
17.509999999972532, -0.6675011429580127 
17.51999999997251, -0.6680176213260367 
17.529999999972485, -0.6683768227486027 
17.539999999972462, -0.6682399397427687 
17.54999999997244, -0.6682793730612124 
17.559999999972415, -0.6811369919461246 
17.569999999972392, -0.6839009233138664 
17.57999999997237, -0.6842517293901106 
17.589999999972346, -0.6840526716744051 
17.599999999972322, -0.6830455036725752 
17.6099999999723, -0.6820245822617849 
17.619999999972276, -0.6815521023519244 
17.629999999972252, -0.6814952063222266 
17.63999999997223, -0.6816730682584711 
17.649999999972206, -0.682007361611077 
17.659999999972182, -0.6820756593083984 
17.66999999997216, -0.6819079799665184 
17.679999999972136, -0.6852566564717938 
17.689999999972112, -0.7130520300604689 
17.69999999997209, -0.7195245802933798 
17.709999999972066, -0.7196957750157358 
17.719999999972043, -0.7189406520631625 
17.72999999997202, -0.7158237664066339 
17.739999999971996, -0.7136848114375474 
17.749999999971973, -0.7131398485111268 
17.75999999997195, -0.7130808674023763 
17.769999999971926, -0.7129919937562114 
17.779999999971903, -0.7128956118599566 
17.78999999997188, -0.7127375937510176 
17.799999999971856, -0.7129772536460065 
17.809999999971833, -0.7149620440877127 
17.81999999997181, -0.7185613647465285 
17.829999999971786, -0.7194007359205532 
17.839999999971763, -0.7191150208104767 
17.84999999997174, -0.7142121576037492 
17.859999999971716, -0.6883348091485275 
17.869999999971693, -0.6833447318902569 
17.87999999997167, -0.6832515176925646 
17.889999999971646, -0.6830399639005387 
17.899999999971623, -0.6825591996102126 
17.9099999999716, -0.6821907169275669 
17.919999999971576, -0.6820187710578578 
17.929999999971553, -0.6822665868623181 
17.93999999997153, -0.6831341061166243 
17.949999999971507, -0.6841414653677498 
17.959999999971483, -0.6842177542951672 
17.96999999997146, -0.6836793655537462 
17.979999999971437, -0.6781669650046274 
17.989999999971413, -0.6575846374731884 
17.99999999997139, -0.6565807246083214 
18.009999999971367, -0.656551579868182 
18.019999999971343, -0.6561386094190865 
18.02999999997132, -0.6555496158272481 
18.039999999971297, -0.6551920663836367 
18.049999999971273, -0.655118065533695 
18.05999999997125, -0.6555241198808769 
18.069999999971227, -0.6566300535621917 
18.079999999971204, -0.6574377571889455 
18.08999999997118, -0.6573581211418772 
18.099999999971157, -0.6560643575691216 
18.109999999971134, -0.6345338850024659 
18.11999999997111, -0.6195731193212675 
18.129999999971087, -0.6190219323236753 
18.139999999971064, -0.6189483247168035 
18.14999999997104, -0.6186694479024227 
18.159999999971017, -0.6184220774039858 
18.169999999970994, -0.6182424190148659 
18.17999999997097, -0.6184228943457655 
18.189999999970947, -0.6204336561662714 
18.199999999970924, -0.625969674792523 
18.2099999999709, -0.627678915594359 
18.219999999970877, -0.627575649694692 
18.229999999970854, -0.6256462245269099 
18.23999999997083, -0.6205789977089208 
18.249999999970807, -0.6186819179977725 
18.259999999970784, -0.6183537690066456 
18.26999999997076, -0.6183587229301717 
18.279999999970737, -0.6184483922260239 
18.289999999970714, -0.6185590391370314 
18.29999999997069, -0.6184427901834241 
18.309999999970668, -0.6188417723914902 
18.319999999970644, -0.6355415001259479 
18.32999999997062, -0.6544718077487973 
18.339999999970598, -0.6553377806665934 
18.349999999970574, -0.6552080590002808 
18.35999999997055, -0.6542576149460815 
18.369999999970528, -0.6531177690874114 
18.379999999970504, -0.6525852539713255 
18.38999999997048, -0.6524895671840797 
18.399999999970458, -0.6526941580028478 
18.409999999970434, -0.6531739339079763 
18.41999999997041, -0.653421617395592 
18.429999999970388, -0.6532378160638082 
18.439999999970365, -0.6536968413633341 
18.44999999997034, -0.6639699051478943 
18.459999999970318, -0.6631475207445622 
18.469999999970295, -0.6633415202740071 
18.47999999997027, -0.6631014373801605 
18.489999999970248, -0.6622422580624019 
18.499999999970225, -0.6615343990459444 
18.5099999999702, -0.6612116471480886 
18.519999999970178, -0.6612555258805777 
18.529999999970155, -0.6616516970757536 
18.53999999997013, -0.6623121308303066 
18.549999999970108, -0.662448888252944 
18.559999999970085, -0.6621461652266366 
18.56999999997006, -0.6630758347770804 
18.57999999997004, -0.6582141939892135 
18.589999999970015, -0.6567814310865069 
18.59999999996999, -0.6568294604017838 
18.60999999996997, -0.6564646135454355 
18.619999999969945, -0.6557103299187893 
18.62999999996992, -0.6552225882490409 
18.6399999999699, -0.6550412223427712 
18.649999999969875, -0.655252469729571 
18.659999999969852, -0.6559709999991805 
18.66999999996983, -0.6567712335606525 
18.679999999969805, -0.6567915553555347 
18.689999999969782, -0.6561730149955454 
18.69999999996976, -0.6466377243236049 
18.709999999969735, -0.6239813925322474 
18.719999999969712, -0.6228844995649164 
18.72999999996969, -0.6228429594702483 
18.739999999969665, -0.6225388239829793 
18.749999999969642, -0.622178574678767 
18.75999999996962, -0.6219449578140787 
18.769999999969595, -0.6219579243378348 
18.779999999969572, -0.622961700341503 
18.78999999996955, -0.6263068388519551 
18.799999999969526, -0.6283464645858524 
18.809999999969502, -0.6283681432228879 
18.81999999996948, -0.6269697233840131 
18.829999999969456, -0.6194432549779694 
18.839999999969432, -0.6156950269792456 
18.84999999996941, -0.6151041010064813 
18.859999999969386, -0.6150671001349619 
18.869999999969362, -0.6150645054955439 
18.87999999996934, -0.6151214132361961 
18.889999999969316, -0.6150292158592704 
18.899999999969292, -0.6151532732742321 
18.90999999996927, -0.6234588213136426 
18.919999999969246, -0.648729534548096 
18.929999999969223, -0.6510457111043289 
18.9399999999692, -0.6510266511689896 
18.949999999969176, -0.6501761187258915 
18.959999999969153, -0.6486586551650829 
18.96999999996913, -0.6478997692903358 
18.979999999969106, -0.6476941588359068 
18.989999999969083, -0.6478074629621089 
18.99999999996906, -0.6481603502531026 
19.009999999969036, -0.6484672231002603 
19.019999999969013, -0.6483543317090393 
19.02999999996899, -0.6483836750034595 
19.039999999968966, -0.6617381708327051 
19.049999999968943, -0.6665620225705234 
19.05999999996892, -0.6669487542522821 
19.069999999968896, -0.6668105064494166 
19.079999999968873, -0.665986826194029 
19.08999999996885, -0.6650812615700432 
19.099999999968826, -0.6646367606961382 
19.109999999968803, -0.6645791975678593 
19.11999999996878, -0.6648334221464057 
19.129999999968756, -0.6653704685347966 
19.139999999968733, -0.6655942259069815 
19.14999999996871, -0.6653878213358676 
19.159999999968687, -0.6663252201566093 
19.169999999968663, -0.6804210183966913 
19.17999999996864, -0.6814680467580339 
19.189999999968617, -0.6816687678832172 
19.199999999968593, -0.6813401066503221 
19.20999999996857, -0.6802245465623323 
19.219999999968547, -0.6793552358410844 
19.229999999968523, -0.6789928275583542 
19.2399999999685, -0.6790072403940148 
19.249999999968477, -0.6792446302581758 
19.259999999968453, -0.6795933424293455 
19.26999999996843, -0.6795884945433103 
19.279999999968407, -0.6794603877268626 
19.289999999968384, -0.6865188401451325 
19.29999999996836, -0.7146763498029016 
19.309999999968337, -0.7176900896087667 
19.319999999968314, -0.7176904385771966 
19.32999999996829, -0.716596679541664 
19.339999999968267, -0.7136972395026657 
19.349999999968244, -0.7121550939914183 
19.35999999996822, -0.7118089034518674 
19.369999999968197, -0.7117679142583883 
19.379999999968174, -0.7117019571890002 
19.38999999996815, -0.7116181799388924 
19.399999999968127, -0.7114763048782554 
19.409999999968104, -0.7119974617729746 
19.41999999996808, -0.7149816468844263 
19.429999999968057, -0.7187979545003768 
19.439999999968034, -0.7192839499337267 
19.44999999996801, -0.7187864199194712 
19.459999999967987, -0.709988278945189 
19.469999999967964, -0.6890974798277247 
19.47999999996794, -0.6866113896171433 
19.489999999967917, -0.6865473686973871 
19.499999999967894, -0.6862820427566138 
19.50999999996787, -0.6858424065574609 
19.519999999967848, -0.6855265712601384 
19.529999999967824, -0.6854310035263035 
19.5399999999678, -0.6858236436031783 
19.549999999967778, -0.6869072753954472 
19.559999999967754, -0.6877723561005169 
19.56999999996773, -0.6877230633612451 
19.579999999967708, -0.6868957646810109 
19.589999999967684, -0.6752612511621016 
19.59999999996766, -0.6590640966593315 
19.609999999967638, -0.658769899240272 
19.619999999967614, -0.6586793781838539 
19.62999999996759, -0.6581721884442092 
19.639999999967568, -0.6576243226301016 
19.649999999967545, -0.657313740233265 
19.65999999996752, -0.6573252770517325 
19.669999999967498, -0.657851377790319 
19.679999999967475, -0.659016489394993 
19.68999999996745, -0.6595525513639184 
19.699999999967428, -0.6593492122837687 
19.709999999967405, -0.657044284268355 
19.71999999996738, -0.6301150626898642 
19.729999999967358, -0.6214558239756205 
19.739999999967335, -0.6212656573309157 
19.74999999996731, -0.6211438043189691 
19.759999999967288, -0.6208212355422971 
19.769999999967265, -0.6205753048446294 
19.77999999996724, -0.6204171674553117 
19.78999999996722, -0.620789631754432 
19.799999999967195, -0.6232748820370574 
19.80999999996717, -0.6279358143435246 
19.81999999996715, -0.6287989706613019 
19.829999999967125, -0.6285097879636256 
19.8399999999671, -0.6252372275071992 
19.84999999996708, -0.6198644823941366 
19.859999999967055, -0.6183612806960181 
19.869999999967032, -0.6181659833151247 
19.87999999996701, -0.6181724433368155 
19.889999999966985, -0.6182541583629697 
19.899999999966962, -0.6182955685171247 
19.90999999996694, -0.6181577343642589 
19.919999999966915, -0.6195084912410335 
19.929999999966892, -0.6427338643423489 
19.93999999996687, -0.6552489862323125 
19.949999999966845, -0.6557314460502753 
19.959999999966822, -0.6554534205808233 
19.9699999999668, -0.6541872426108097 
19.979999999966775, -0.6530717510569349 
19.989999999966752, -0.6526144825723301 
19.99999999996673, -0.6525840221946048 
20.009999999966706, -0.652810338379502 
20.019999999966682, -0.6532418658854463 
20.02999999996666, -0.6533452602006583 
20.039999999966636, -0.6531201802578829 
20.049999999966612, -0.6558513731164646 
20.05999999996659, -0.6731481370644948 
20.069999999966566, -0.6743925250196029 
20.079999999966542, -0.6745125321648063 
20.08999999996652, -0.6740789678565906 
20.099999999966496, -0.6729419791609135 
20.109999999966472, -0.6721818389774417 
20.11999999996645, -0.6718939674918908 
20.129999999966426, -0.6719600900890365 
20.139999999966403, -0.6722691184860925 
20.14999999996638, -0.6726458554037738 
20.159999999966356, -0.6726050625950025 
20.169999999966333, -0.6724944825023186 
20.17999999996631, -0.6831216037484598 
20.189999999966286, -0.7062301405892666 
20.199999999966263, -0.7077513497349112 
20.20999999996624, -0.7076809515660861 
20.219999999966216, -0.706577136453453 
20.229999999966193, -0.7045320956838356 
20.23999999996617, -0.7035205168962733 
20.249999999966146, -0.7032842239103935 
20.259999999966123, -0.7032866907972475 
20.2699999999661, -0.7033223119933967 
20.279999999966076, -0.7033028251945235 
20.289999999966053, -0.703174617697974 
20.29999999996603, -0.7041393294630928 
20.309999999966006, -0.7105686505620102 
20.319999999965983, -0.7166618997713922 
20.32999999996596, -0.7171009874686448 
20.339999999965936, -0.7164819409364247 
20.349999999965913, -0.7089092696315249 
20.35999999996589, -0.6992046271895874 
20.369999999965867, -0.6977126120461052 
20.379999999965843, -0.6976275383388508 
20.38999999996582, -0.6974076987012834 
20.399999999965797, -0.6971052393336472 
20.409999999965773, -0.6968637276547658 
20.41999999996575, -0.6968456918538715 
20.429999999965727, -0.6974911384750566 
20.439999999965703, -0.6990703319882463 
20.44999999996568, -0.6999793694411013 
20.459999999965657, -0.6998679672727635 
20.469999999965633, -0.6984762618870611 
20.47999999996561, -0.6776813486181951 
20.489999999965587, -0.6646824990977754 
20.499999999965564, -0.6645133419026031 
20.50999999996554, -0.6643803906754994 
20.519999999965517, -0.6638511445465852 
20.529999999965494, -0.6633586186803844 
20.53999999996547, -0.6630877959924822 
20.549999999965447, -0.6631644741208422 
20.559999999965424, -0.6637854185094058 
20.5699999999654, -0.6649489591005593 
20.579999999965377, -0.6653174758810229 
20.589999999965354, -0.6650234966125987 
20.59999999996533, -0.6617140701944632 
20.609999999965307, -0.6335453102436749 
20.619999999965284, -0.6281105607978833 
20.62999999996526, -0.6280439161873248 
20.639999999965237, -0.6278663533986778 
20.649999999965214, -0.62748881339479 
20.65999999996519, -0.6272190096245889 
20.669999999965167, -0.6270834860253173 
20.679999999965144, -0.6275512416778999 
20.68999999996512, -0.6298400673454346 
20.699999999965097, -0.6330379592473546 
20.709999999965074, -0.633475026947855 
20.71999999996505, -0.632973654773524 
20.729999999965028, -0.6274144510779522 
20.739999999965004, -0.620480366186436 
20.74999999996498, -0.6190644601784991 
20.759999999964958, -0.6189395526110745 
20.769999999964934, -0.6189078414305934 
20.77999999996491, -0.6189209678499945 
20.789999999964888, -0.6188806684073526 
20.799999999964864, -0.6187835506824667 
20.80999999996484, -0.6211544086095353 
20.819999999964818, -0.6424001947704814 
20.829999999964794, -0.6511200847838446 
20.83999999996477, -0.6514215990738799 
20.849999999964748, -0.6509518753145089 
20.859999999964725, -0.6491905095326456 
20.8699999999647, -0.6479381218423343 
20.879999999964678, -0.647503204796817 
20.889999999964655, -0.6474980256743882 
20.89999999996463, -0.6476961324687789 
20.909999999964608, -0.6480267552023615 
20.919999999964585, -0.6480353144618731 
20.92999999996456, -0.6478555421169924 
20.939999999964538, -0.6539815591311382 
20.949999999964515, -0.6767611234634582 
20.95999999996449, -0.678503459532055 
20.969999999964468, -0.67854537580817 
20.979999999964445, -0.6779127326861075 
20.98999999996442, -0.6765596671591096 
20.9999999999644, -0.6757723239317656 
21.009999999964375, -0.6755202013605357 
21.01999999996435, -0.6755918670646942 
21.02999999996433, -0.675846384680753 
21.039999999964305, -0.6760846779639043 
21.04999999996428, -0.675977667604759 
21.05999999996426, -0.6762654406282094 
21.069999999964235, -0.6915872168701968 
21.079999999964212, -0.7126790955695774 
21.08999999996419, -0.7138362790355495 
21.099999999964165, -0.7136347810624872 
21.109999999964142, -0.7118009290457498 
21.11999999996412, -0.7090145674065482 
21.129999999964095, -0.7079122393855989 
21.139999999964072, -0.7077342804659573 
21.14999999996405, -0.7076914739345599 
21.159999999964025, -0.7076346955528556 
21.169999999964002, -0.7075268020688376 
21.17999999996398, -0.7074474357857912 
21.189999999963955, -0.7085324421747079 
21.199999999963932, -0.7127510292838568 
21.20999999996391, -0.715728687792558 
21.219999999963886, -0.7158563080265534 
21.229999999963862, -0.7147779056428155 
21.23999999996384, -0.7001360285420771 
21.249999999963816, -0.6871149082247292 
21.259999999963792, -0.6861614493218605 
21.26999999996377, -0.6860862982697381 
21.279999999963746, -0.6857622413136447 
21.289999999963722, -0.685389250743371 
21.2999999999637, -0.685132228212371 
21.309999999963676, -0.6851666127395448 
21.319999999963652, -0.6858207333534886 
21.32999999996363, -0.687214860595306 
21.339999999963606, -0.6878241323361002 
21.349999999963583, -0.687625083795259 
21.35999999996356, -0.6856834696522189 
21.369999999963536, -0.6613406552008525 
21.379999999963513, -0.6526879950802712 
21.38999999996349, -0.6526165975950434 
21.399999999963466, -0.6524460208271882 
21.409999999963443, -0.6519405569324306 
21.41999999996342, -0.6515350842655595 
21.429999999963396, -0.6513234113417123 
21.439999999963373, -0.6515133140574213 
21.44999999996335, -0.652467151499559 
21.459999999963326, -0.6540351039719062 
21.469999999963303, -0.6543810067217822 
21.47999999996328, -0.6539713619548567 
21.489999999963256, -0.6468358712176655 
21.499999999963233, -0.6229647746725708 
21.50999999996321, -0.6196621772740304 
21.519999999963186, -0.6195564599422387 
21.529999999963163, -0.6194147996052342 
21.53999999996314, -0.6191931245235089 
21.549999999963116, -0.6190286779077587 
21.559999999963093, -0.6189419927551031 
21.56999999996307, -0.6199170501191845 
21.579999999963047, -0.6255852775121115 
21.589999999963023, -0.6312221739816494 
21.599999999963, -0.6316378533633799 
21.609999999962977, -0.6311068573305848 
21.619999999962953, -0.6277539359098847 
21.62999999996293, -0.6249351890294437 
21.639999999962907, -0.6241734511920753 
21.649999999962883, -0.6240971065793415 
21.65999999996286, -0.6241667992478667 
21.669999999962837, -0.6243519351471466 
21.679999999962813, -0.6243645794435991 
21.68999999996279, -0.6242186194678809 
21.699999999962767, -0.6280981687099514 
21.709999999962744, -0.6558245452518182 
21.71999999996272, -0.6595731655616625 
21.729999999962697, -0.6597201152705088 
21.739999999962674, -0.659256646247452 
21.74999999996265, -0.6580196117387824 
21.759999999962627, -0.6572185889401938 
21.769999999962604, -0.6569250741226816 
21.77999999996258, -0.6569948912931796 
21.789999999962557, -0.6573337573421971 
21.799999999962534, -0.657773430317471 
21.80999999996251, -0.6577584902276429 
21.819999999962487, -0.6575204109057027 
21.829999999962464, -0.664914434369954 
21.83999999996244, -0.6751632542414808 
21.849999999962417, -0.6757536815916284 
21.859999999962394, -0.6757262576277249 
21.86999999996237, -0.6750554763781674 
21.879999999962347, -0.6739619165872238 
21.889999999962324, -0.6733624159835057 
21.8999999999623, -0.673195110253127 
21.909999999962277, -0.6733372306758303 
21.919999999962254, -0.6737180506901422 
21.92999999996223, -0.6739909131526927 
21.939999999962208, -0.6738555041222805 
21.949999999962184, -0.6742933929871064 
21.95999999996216, -0.6949449597202186 
21.969999999962138, -0.7087947972207025 
21.979999999962114, -0.7094245049965576 
21.98999999996209, -0.7091642146353206 
21.999999999962068, -0.7075254081706628 
22.009999999962044, -0.7056620869523546 
22.01999999996202, -0.7049162264457154 
22.029999999961998, -0.7047995716852516 
22.039999999961974, -0.7048041671673295 
22.04999999996195, -0.7048346879348549 
22.059999999961928, -0.7047547928749869 
22.069999999961905, -0.7047141910874355 
22.07999999996188, -0.7066348124280607 
22.089999999961858, -0.7140798085965576 
22.099999999961835, -0.7174885760127633 
22.10999999996181, -0.7175452444688472 
22.119999999961788, -0.7161086043308419 
22.129999999961765, -0.7043907583778223 
22.13999999996174, -0.6973178281381419 
22.149999999961718, -0.6966693723324463 
22.159999999961695, -0.6965818500314358 
22.16999999996167, -0.696291186519884 
22.179999999961648, -0.6959929497067354 
22.189999999961625, -0.6957757369786258 
22.1999999999616, -0.69590100715022 
22.20999999996158, -0.6967742480909348 
22.219999999961555, -0.6983390507695669 
22.22999999996153, -0.6988047175233282 
22.23999999996151, -0.6985159967299608 
22.249999999961485, -0.6955872749238131 
22.25999999996146, -0.6696956179453458 
22.26999999996144, -0.6646192951977209 
22.279999999961415, -0.6646199496545266 
22.289999999961392, -0.664370510088553 
22.29999999996137, -0.6637719635580739 
22.309999999961345, -0.6633359716403165 
22.319999999961322, -0.6631416007280873 
22.3299999999613, -0.6633495235048605 
22.339999999961275, -0.6641456588576076 
22.349999999961252, -0.6651675754354872 
22.35999999996123, -0.665278495102745 
22.369999999961205, -0.6647425976006274 
22.379999999961182, -0.6565911279641921 
22.38999999996116, -0.630688358548805 
22.399999999961135, -0.6288847683459908 
22.409999999961112, -0.6288523087071434 
22.41999999996109, -0.628579753173105 
22.429999999961066, -0.6282040373394018 
22.439999999961042, -0.6279556285652391 
22.44999999996102, -0.6279173477934368 
22.459999999960996, -0.6287144575912357 
22.469999999960972, -0.6315604831917558 
22.47999999996095, -0.6337617437513411 
22.489999999960926, -0.6338508841536131 
22.499999999960902, -0.6327245682046518 
22.50999999996088, -0.6243982657946021 
22.519999999960856, -0.6192362749077249 
22.529999999960832, -0.6184564289106583 
22.53999999996081, -0.6184020146910632 
22.549999999960786, -0.6183610203829023 
22.559999999960763, -0.6183733562242623 
22.56999999996074, -0.6182809825488929 
22.579999999960716, -0.6183503976997816 
22.589999999960693, -0.6237843401981791 
22.59999999996067, -0.646126178719408 
22.609999999960646, -0.6496438297245526 
22.619999999960623, -0.6496772725888795 
22.6299999999606, -0.6488305106060643 
22.639999999960576, -0.6469400577333495 
22.649999999960553, -0.64596258216958 
22.65999999996053, -0.6456862228509972 
22.669999999960506, -0.6457496695084731 
22.679999999960483, -0.6460066652097629 
22.68999999996046, -0.6462811350733816 
22.699999999960436, -0.6461909770364119 
22.709999999960413, -0.6462287396463275 
22.71999999996039, -0.6604482965374411 
22.729999999960366, -0.6750879263666912 
22.739999999960343, -0.6758362984575385 
22.74999999996032, -0.6757278065062263 
22.759999999960296, -0.674817781015479 
22.769999999960273, -0.6736185177157382 
22.77999999996025, -0.6730318439716825 
22.789999999960227, -0.6729063157245077 
22.799999999960203, -0.6730491342732374 
22.80999999996018, -0.6733831172159621 
22.819999999960157, -0.6735436927438129 
22.829999999960133, -0.6733778123573017 
22.83999999996011, -0.6747714404200401 
22.849999999960087, -0.7002220671434412 
22.859999999960063, -0.7111373993634648 
22.86999999996004, -0.711547798804424 
22.879999999960017, -0.7111250631295101 
22.889999999959993, -0.7089219691464264 
22.89999999995997, -0.7069143756320131 
22.909999999959947, -0.7062381522291439 
22.919999999959924, -0.7061577940987778 
22.9299999999599, -0.7061307555536133 
22.939999999959877, -0.7061122948337188 
22.949999999959854, -0.7059897190705384 
22.95999999995983, -0.7060580430616441 
22.969999999959807, -0.7082147217671855 
22.979999999959784, -0.7141793013791758 
22.98999999995976, -0.7161880658426019 
22.999999999959737, -0.7160978758853531 
23.009999999959714, -0.7136971051067454 
23.01999999995969, -0.697643196141812 
23.029999999959667, -0.6912563034709324 
23.039999999959644, -0.6908902367775979 
23.04999999995962, -0.6907724310456076 
23.059999999959597, -0.6904270267021165 
23.069999999959574, -0.6901144727262272 
23.07999999995955, -0.6899158284417618 
23.089999999959527, -0.6901151580623991 
23.099999999959504, -0.6910703162495697 
23.10999999995948, -0.6925129379653402 
23.119999999959457, -0.6928035024742852 
23.129999999959434, -0.6924071370467708 
23.13999999995941, -0.6876577449747657 
23.149999999959388, -0.6606989953100665 
23.159999999959364, -0.6576877439077194 
23.16999999995934, -0.6576801555851155 
23.179999999959318, -0.6573873585257616 
23.189999999959294, -0.6568384211639615 
23.19999999995927, -0.6564689194772064 
23.209999999959248, -0.6563346588464108 
23.219999999959224, -0.6566675195660184 
23.2299999999592, -0.6577651600563816 
23.239999999959178, -0.6589003891515144 
23.249999999959154, -0.6589529828253345 
23.25999999995913, -0.6581307672256551 
23.269999999959108, -0.6428461287924283 
23.279999999959085, -0.6223214125476527 
23.28999999995906, -0.6210742676940937 
23.299999999959038, -0.6210212546171566 
23.309999999959015, -0.6207903573454778 
23.31999999995899, -0.6205396885252213 
23.329999999958968, -0.6203535738122902 
23.339999999958945, -0.6203988956629584 
23.34999999995892, -0.6219108953680572 
23.359999999958898, -0.6274174913425308 
23.369999999958875, -0.630166108270009 
23.37999999995885, -0.6302110316080858 
23.389999999958828, -0.6289817113167543 
23.399999999958805, -0.6240253694584994 
23.40999999995878, -0.621563386838606 
23.41999999995876, -0.6210699938159359 
23.429999999958735, -0.6210511886809618 
23.43999999995871, -0.6211145655081882 
23.44999999995869, -0.6212426869769256 
23.459999999958665, -0.6211619953222506 
23.46999999995864, -0.6212377095404935 
23.47999999995862, -0.6314546976952415 
23.489999999958595, -0.6568443339943417 
23.499999999958572, -0.6585538877919659 
23.50999999995855, -0.6585210017429144 
23.519999999958525, -0.6577130032046818 
23.529999999958502, -0.6563737037203126 
23.53999999995848, -0.6556927020840129 
23.549999999958455, -0.6555110153334577 
23.559999999958432, -0.6556414155852175 
23.56999999995841, -0.6560159241049741 
23.579999999958385, -0.6563085994149744 
23.589999999958362, -0.6561814928843169 
23.59999999995834, -0.6563604404675328 
23.609999999958315, -0.6727025134162042 
23.619999999958292, -0.680064706566383 
23.62999999995827, -0.6805262489124847 
23.639999999958246, -0.6803445370674497 
23.649999999958222, -0.679323778763585 
23.6599999999582, -0.6782287545199371 
23.669999999958176, -0.6777216221471807 
23.679999999958152, -0.6776472393636264 
23.68999999995813, -0.677812775332209 
23.699999999958106, -0.6781436831751176 
23.709999999958082, -0.6782323525205435 
23.71999999995806, -0.6780601878545018 
23.729999999958036, -0.6808313023666646 
23.739999999958012, -0.7085413623915039 
23.74999999995799, -0.7159481700295838 
23.759999999957966, -0.7161718300932369 
23.769999999957943, -0.7155252357574431 
23.77999999995792, -0.7127267534620434 
23.789999999957896, -0.710668918103182 
23.799999999957873, -0.710094498107003 
23.80999999995785, -0.7100348372122257 
23.819999999957826, -0.7099701339274695 
23.829999999957803, -0.7099020750623918 
23.83999999995778, -0.7097524272339548 
23.849999999957756, -0.7099537494847027 
23.859999999957733, -0.7121255406269159 
23.86999999995771, -0.7165270482684304 
23.879999999957686, -0.7176356072363047 
23.889999999957663, -0.7174052142123234 
23.89999999995764, -0.7133015919773078 
23.909999999957616, -0.6912394332879256 
23.919999999957593, -0.6858879826933549 
23.92999999995757, -0.6857288018033438 
23.939999999957546, -0.6855537728422102 
23.949999999957523, -0.6851310059227034 
23.9599999999575, -0.6847905785287136 
23.969999999957476, -0.6846151341290017 
23.979999999957453, -0.6848678695856292 
23.98999999995743, -0.6858137805428907 
23.999999999957407, -0.6869873831953864 
24.009999999957383, -0.6871190881754267 
24.01999999995736, -0.6865999252943067 
24.029999999957337, -0.6801856214665595 
24.039999999957313, -0.65621695873952 
24.04999999995729, -0.6547126941193085 
24.059999999957267, -0.6546912295062892 
24.069999999957243, -0.6543289142923981 
24.07999999995722, -0.6537819206252861 
24.089999999957197, -0.6534378409366308 
24.099999999957173, -0.6533555913944405 
24.10999999995715, -0.6537811311505796 
24.119999999957127, -0.6550133193861866 
24.129999999957104, -0.65599805174204 
24.13999999995708, -0.6559613745107116 
24.149999999957057, -0.6547355131320839 
24.159999999957034, -0.6347414046343784 
24.16999999995701, -0.6194992863303262 
24.179999999956987, -0.6187477272576446 
24.189999999956964, -0.618684193391609 
24.19999999995694, -0.618446737564698 
24.209999999956917, -0.6182302643971598 
24.219999999956894, -0.6180589942804756 
24.22999999995687, -0.6182076015287928 
24.239999999956847, -0.6203599962048676 
24.249999999956824, -0.6269997072375781 
24.2599999999568, -0.6291731512063947 
24.269999999956777, -0.629121907705991 
24.279999999956754, -0.6275528820757736 
24.28999999995673, -0.6231880092805406 
24.299999999956707, -0.6213770413158914 
24.309999999956684, -0.6210230470774346 
24.31999999995666, -0.6210317341931317 
24.329999999956637, -0.6211415573431401 
24.339999999956614, -0.62128518167517 
24.34999999995659, -0.6211809625308828 
24.359999999956568, -0.6214154234830326 
24.369999999956544, -0.6365008031325273 
24.37999999995652, -0.6559055248258733 
24.389999999956498, -0.6568265033460952 
24.399999999956474, -0.6567265573566113 
24.40999999995645, -0.6558585489095425 
24.419999999956428, -0.6547395889758689 
24.429999999956404, -0.654197431366987 
24.43999999995638, -0.654087146405927 
24.449999999956358, -0.6542865298642694 
24.459999999956334, -0.6547725204928001 
24.46999999995631, -0.655053619422671 
24.479999999956288, -0.6548844094001839 
24.489999999956265, -0.6551304828981669 
24.49999999995624, -0.6650042474312126 
24.509999999956218, -0.6640301978722003 
24.519999999956195, -0.6642406839736689 
24.52999999995617, -0.6640252750000126 
24.539999999956148, -0.663183646682587 
24.549999999956125, -0.6624525924451884 
24.5599999999561, -0.662111340749284 
24.569999999956078, -0.6621369165593913 
24.579999999956055, -0.6625094369107113 
24.58999999995603, -0.6631631568903342 
24.599999999956008, -0.6633241701632032 
24.609999999955985, -0.6630420732295568 
24.61999999995596, -0.6639633446308199 
24.62999999995594, -0.6617334009504774 
24.639999999955915, -0.6602171879626573 
24.64999999995589, -0.6602842581881438 
24.65999999995587, -0.6599312246127699 
24.669999999955845, -0.6591341903899068 
24.67999999995582, -0.6586041586143231 
24.6899999999558, -0.6583968681985637 
24.699999999955775, -0.6585672428811242 
24.709999999955752, -0.6591848178939079 
24.71999999995573, -0.6599189418411693 
24.729999999955705, -0.659946607580469 
24.739999999955682, -0.6594405348174407 
24.74999999995566, -0.6548410657400505 
24.759999999955635, -0.6350620067741555 
24.769999999955612, -0.6340661899188509 
24.77999999995559, -0.6340347617634291 
24.789999999955565, -0.6336755183188708 
24.799999999955542, -0.6332055427845249 
24.80999999995552, -0.6329164881177672 
24.819999999955495, -0.632885947119551 
24.829999999955472, -0.6335401803236933 
24.83999999995545, -0.6355371561795361 
24.849999999955426, -0.6369469747819317 
24.859999999955402, -0.636933785628101 
24.86999999995538, -0.635409148313721 
24.879999999955356, -0.6220532195272912 
24.889999999955332, -0.6149215224631384 
24.89999999995531, -0.6142096168124738 
24.909999999955286, -0.6141557262285161 
24.919999999955262, -0.6140530061913324 
24.92999999995524, -0.613993749073121 
24.939999999955216, -0.6138722786390245 
24.949999999955192, -0.6140576778231167 
24.95999999995517, -0.6190490779943487 
24.969999999955146, -0.6357038019702524 
24.979999999955123, -0.6384941123590273 
24.9899999999551, -0.6384714844097115 
24.999999999955076, -0.6374071879048302 
