t, s[1].omega / s[0].omega 
0, -0.7699976642530191 
0.009999999999999995, -0.7697416232326602 
0.019999999999999934, -0.7694368515866995 
0.029999999999999874, -0.7690736895852148 
0.04000000000000012, -0.7686440823294964 
0.050000000000000405, -0.7681482543018745 
0.06000000000000069, -0.7675983046718596 
0.07000000000000098, -0.767019240752686 
0.08000000000000126, -0.7664495440277193 
0.09000000000000155, -0.7659424298486771 
0.10000000000000184, -0.765566998890802 
0.11000000000000212, -0.7654071483270768 
0.12000000000000241, -0.765556309794327 
0.130000000000002, -0.7661078975221624 
0.1400000000000009, -0.7671438085490578 
0.1499999999999998, -0.7687245592929035 
0.1599999999999987, -0.7708833078402563 
0.1699999999999976, -0.7736226384988403 
0.1799999999999965, -0.7769097685926952 
0.1899999999999954, -0.7806653457629934 
0.1999999999999943, -0.7847456106172611 
0.2099999999999932, -0.7889286482266499 
0.2199999999999921, -0.7929276120003145 
0.229999999999991, -0.7964494435420025 
0.2399999999999899, -0.7992818112980242 
0.2499999999999888, -0.8013522161958848 
0.2599999999999877, -0.8027183070868913 
0.2699999999999866, -0.8035079328376857 
0.2799999999999855, -0.8038576005666549 
0.2899999999999844, -0.8038774512134459 
0.2999999999999833, -0.8036417686495412 
0.3099999999999822, -0.8031939579583487 
0.3199999999999811, -0.8025589646742199 
0.32999999999998, -0.8017637006882735 
0.3399999999999789, -0.8008732351219802 
0.3499999999999778, -0.8000563109604297 
0.35999999999997667, -0.7996935379185552 
0.36999999999997557, -0.8005213656445266 
0.37999999999997447, -0.8037418271280716 
0.38999999999997337, -0.8109165229743768 
0.39999999999997227, -0.823392580453219 
0.40999999999997117, -0.8412422074524688 
0.41999999999997006, -0.8624253726259395 
0.42999999999996896, -0.883355399112598 
0.43999999999996786, -0.9008373933849038 
0.44999999999996676, -0.9135542441817132 
0.45999999999996566, -0.9219140090946331 
0.46999999999996456, -0.9270481488400145 
0.47999999999996346, -0.9300543856865895 
0.48999999999996235, -0.9317302001099648 
0.49999999999996125, -0.9325795200779382 
0.5099999999999602, -0.9328935840863692 
0.519999999999959, -0.9328227360654331 
0.529999999999958, -0.9324208737452331 
0.5399999999999568, -0.9316650604858101 
0.5499999999999557, -0.930456036844161 
0.5599999999999546, -0.9286060772033832 
0.5699999999999535, -0.9258272123038294 
0.5799999999999524, -0.9217525640290916 
0.5899999999999513, -0.9160563294015935 
0.5999999999999502, -0.9087453268781684 
0.6099999999999491, -0.9005682483197507 
0.619999999999948, -0.8931776962368172 
0.6299999999999469, -0.8885536152416792 
0.6399999999999458, -0.8878260336384038 
0.6499999999999447, -0.8905243605095439 
0.6599999999999436, -0.8950299796374642 
0.6699999999999425, -0.8996987204385908 
0.6799999999999414, -0.9035746861896403 
0.6899999999999403, -0.9063910266682418 
0.6999999999999392, -0.9082568556283268 
0.7099999999999381, -0.9093913395342013 
0.719999999999937, -0.90999252835407 
0.7299999999999359, -0.9101963112185256 
0.7399999999999348, -0.910071925910987 
0.7499999999999337, -0.9096231614615885 
0.7599999999999326, -0.9087807409595566 
0.7699999999999315, -0.9073778190472197 
0.7799999999999304, -0.9051027268016634 
0.7899999999999293, -0.901430235581923 
0.7999999999999282, -0.8955616366608362 
0.8099999999999271, -0.8864758247111858 
0.819999999999926, -0.8732778755484469 
0.8299999999999249, -0.8559283359367731 
0.8399999999999238, -0.8359157311619707 
0.8499999999999227, -0.816005086009002 
0.8599999999999216, -0.7989412299404951 
0.8699999999999205, -0.7862272225413565 
0.8799999999999194, -0.7779043323960984 
0.8899999999999183, -0.7731040412639477 
0.8999999999999172, -0.7707032188636412 
0.9099999999999161, -0.7697268741105152 
0.919999999999915, -0.7694848267977855 
0.9299999999999139, -0.7695521012797653 
0.9399999999999128, -0.7696933587227007 
0.9499999999999117, -0.7697872262197307 
0.9599999999999106, -0.769770109563611 
0.9699999999999095, -0.7696001367656528 
0.9799999999999084, -0.7692360590780082 
0.9899999999999073, -0.7686269867000575 
0.9999999999999062, -0.767712379149134 
1.0099999999999052, -0.7664343798568958 
1.019999999999904, -0.764762211415144 
1.029999999999903, -0.7627185980495599 
1.039999999999902, -0.7603889498356106 
1.0499999999999008, -0.7579014572243138 
1.0599999999998997, -0.7553895671258324 
1.0699999999998986, -0.7529614984783055 
1.0799999999998975, -0.7506905064454533 
1.0899999999998964, -0.7486216269694016 
1.0999999999998953, -0.7467835915605742 
1.1099999999998942, -0.7451978348581072 
1.119999999999893, -0.743881986807654 
1.129999999999892, -0.7428487441552458 
1.1399999999998909, -0.7421024033533982 
1.1499999999998898, -0.7416355151422418 
1.1599999999998887, -0.7414276002765463 
1.1699999999998876, -0.741446820266366 
1.1799999999998865, -0.7416542220469217 
1.1899999999998854, -0.7420092078965231 
1.1999999999998843, -0.7424746538699344 
1.2099999999998832, -0.7430205242962874 
1.219999999999882, -0.7436253368369267 
1.229999999999881, -0.7442749494006216 
1.2399999999998799, -0.7449581313456486 
1.2499999999998788, -0.745659217023812 
1.2599999999998777, -0.7463503940318663 
1.2699999999998766, -0.7469885898641716 
1.2799999999998755, -0.7475214058145351 
1.2899999999998744, -0.7479011215925685 
1.2999999999998733, -0.7480989103898474 
1.3099999999998722, -0.748110632807266 
1.319999999999871, -0.7479527389508833 
1.32999999999987, -0.7476541839124022 
1.3399999999998689, -0.7472513445605092 
1.3499999999998678, -0.7467896792827365 
1.3599999999998666, -0.7463329377231216 
1.3699999999998655, -0.7459793862391745 
1.3799999999998644, -0.7458832787539635 
1.3899999999998633, -0.7462771027111428 
1.3999999999998622, -0.7474859056517166 
1.4099999999998611, -0.7499210715595181 
1.41999999999986, -0.754039671653631 
1.429999999999859, -0.7602575807705131 
1.4399999999998578, -0.7688098748161175 
1.4499999999998567, -0.7795688111545724 
1.4599999999998556, -0.7918797558766333 
1.4699999999998545, -0.804557872869261 
1.4799999999998534, -0.8161946632995691 
1.4899999999998523, -0.8256940225959435 
1.4999999999998512, -0.8326546539590322 
1.5099999999998501, -0.8373157064805072 
1.519999999999849, -0.8402191158423797 
1.529999999999848, -0.8419090441095243 
1.5399999999998468, -0.8427988025799376 
1.5499999999998457, -0.8431574310924246 
1.5599999999998446, -0.8431395452552563 
1.5699999999998435, -0.8428167572738914 
1.5799999999998424, -0.8421978858382859 
1.5899999999998413, -0.8412377352989433 
1.5999999999998402, -0.8398388078336824 
1.6099999999998391, -0.8378544882080459 
1.619999999999838, -0.835110155041003 
1.629999999999837, -0.8314688235811654 
1.6399999999998358, -0.826963840683485 
1.6499999999998347, -0.8219660212774811 
1.6599999999998336, -0.8172425765260807 
1.6699999999998325, -0.8137504833979973 
1.6799999999998314, -0.8122450964328067 
1.6899999999998303, -0.8129591042241243 
1.6999999999998292, -0.8154769745676645 
1.709999999999828, -0.8189156942260855 
1.719999999999827, -0.8223767976517251 
1.729999999999826, -0.8252987135837625 
1.7399999999998248, -0.8274944284014263 
1.7499999999998237, -0.8290072904720033 
1.7599999999998226, -0.8299646438991403 
1.7699999999998215, -0.8304931790927602 
1.7799999999998204, -0.8306846718693102 
1.7899999999998193, -0.8305860812579654 
1.7999999999998182, -0.8301956314264869 
1.809999999999817, -0.8294549689159025 
1.819999999999816, -0.8282326942617075 
1.8299999999998149, -0.8262996580417623 
1.8399999999998138, -0.8233077332782655 
1.8499999999998127, -0.8188072581756266 
1.8599999999998116, -0.8123627470672046 
1.8699999999998105, -0.8037958376644273 
1.8799999999998094, -0.7934419481996583 
1.8899999999998083, -0.7821766306334682 
1.8999999999998072, -0.7711151972803453 
1.909999999999806, -0.761210169877877 
1.919999999999805, -0.7530235254998356 
1.9299999999998039, -0.7467229796006112 
1.9399999999998028, -0.7421920010593166 
1.9499999999998017, -0.7391537019524419 
1.9599999999998006, -0.737269502191004 
1.9699999999997995, -0.736207344143249 
1.9799999999997984, -0.7356823264995012 
1.9899999999997973, -0.7354735976504986 
1.9999999999997962, -0.7354231746897716 
2.0099999999998173, -0.7354241248068377 
2.0199999999998384, -0.7354052800970033 
2.0299999999998595, -0.7353176597805494 
2.0399999999998806, -0.735125542042903 
2.0499999999999017, -0.734803422792784 
2.059999999999923, -0.7343383667698758 
2.069999999999944, -0.7337346948007486 
2.079999999999965, -0.7330156003452396 
2.089999999999986, -0.7322173989673584 
2.100000000000007, -0.7313778114719633 
2.1100000000000283, -0.7305250670470322 
2.1200000000000494, -0.729673992456139 
2.1300000000000705, -0.7288297948910374 
2.1400000000000916, -0.7279956626266281 
2.1500000000001127, -0.7271797651361734 
2.160000000000134, -0.7263995350912359 
2.170000000000155, -0.7256834074697409 
2.180000000000176, -0.7250708559519194 
2.190000000000197, -0.7246110055190278 
2.2000000000002182, -0.7243595553276436 
2.2100000000002393, -0.7243739708993281 
2.2200000000002604, -0.7247077618596147 
2.2300000000002815, -0.7254054139283086 
2.2400000000003026, -0.7264994468322329 
2.2500000000003237, -0.7280099235268355 
2.260000000000345, -0.7299449852254639 
2.270000000000366, -0.7322993619682969 
2.280000000000387, -0.7350471050909192 
2.290000000000408, -0.7381262370239565 
2.3000000000004293, -0.7414185791779113 
2.3100000000004504, -0.7447382756343986 
2.3200000000004715, -0.7478502712574531 
2.3300000000004926, -0.7505281386654746 
2.3400000000005137, -0.7526249552457271 
2.3500000000005348, -0.7541084764893698 
2.360000000000556, -0.7550399729138024 
2.370000000000577, -0.7555230190940735 
2.380000000000598, -0.7556591894711632 
2.390000000000619, -0.7555257417918492 
2.4000000000006403, -0.7551710913079008 
2.4100000000006614, -0.7546198994530942 
2.4200000000006825, -0.7538840258630322 
2.4300000000007036, -0.7529816944838842 
2.4400000000007247, -0.7519732089867417 
2.450000000000746, -0.7510265791633925 
2.460000000000767, -0.7505250725071648 
2.470000000000788, -0.7512047511719775 
2.480000000000809, -0.7542362394004212 
2.49000000000083, -0.7610399089169629 
2.5000000000008513, -0.7725920490165359 
2.5100000000008724, -0.7883965974802855 
2.5200000000008935, -0.8061163643223841 
2.5300000000009146, -0.8227016598503607 
2.5400000000009357, -0.8360705440241963 
2.550000000000957, -0.8457121468363649 
2.560000000000978, -0.8521550221217241 
2.570000000000999, -0.8562458099201482 
2.58000000000102, -0.8587436244646801 
2.5900000000010412, -0.8602010996467193 
2.6000000000010624, -0.8609783591645798 
2.6100000000010835, -0.8612908074198413 
2.6200000000011046, -0.8612506936550787 
2.6300000000011257, -0.8608916966173018 
2.6400000000011468, -0.8601750944140674 
2.650000000001168, -0.8589765516014181 
2.660000000001189, -0.8570506009066629 
2.67000000000121, -0.8539711678665203 
2.680000000001231, -0.8490623737579822 
2.6900000000012523, -0.8413854520127119 
2.7000000000012734, -0.8299391901461602 
2.7100000000012945, -0.8142435620430357 
2.7200000000013156, -0.7951221755551612 
2.7300000000013367, -0.7748903374696 
2.740000000001358, -0.756387063193611 
2.750000000001379, -0.7416081027458676 
2.7600000000014, -0.7311276785995414 
2.770000000001421, -0.7244387201597448 
2.780000000001442, -0.7205794629061486 
2.7900000000014633, -0.718588584641462 
2.8000000000014844, -0.7177082986665684 
2.8100000000015055, -0.7174191528983134 
2.8200000000015266, -0.7173985068966179 
2.8300000000015477, -0.717459930195232 
2.840000000001569, -0.7174997049312882 
2.85000000000159, -0.7174579921870274 
2.860000000001611, -0.7172938549733356 
2.870000000001632, -0.7169713102309692 
2.8800000000016532, -0.7164545994303447 
2.8900000000016743, -0.7157122673998267 
2.9000000000016954, -0.7147288501790696 
2.9100000000017165, -0.7135185585167786 
2.9200000000017377, -0.7121306183198921 
2.9300000000017588, -0.7106388114341076 
2.94000000000178, -0.7091197614997538 
2.950000000001801, -0.7076336601220984 
2.960000000001822, -0.7062173699746725 
2.970000000001843, -0.7048893126699245 
2.9800000000018643, -0.70365940242024 
2.9900000000018854, -0.7025379389487945 
3.0000000000019065, -0.7015408014153877 
3.0100000000019276, -0.7006909316996236 
3.0200000000019487, -0.7000170602070945 
3.03000000000197, -0.6995506438203144 
3.040000000001991, -0.6993219272793456 
3.050000000002012, -0.6993561626787688 
3.060000000002033, -0.6996710700881749 
3.070000000002054, -0.7002762924085962 
3.0800000000020753, -0.701174860387235 
3.0900000000020964, -0.7023657618891165 
3.1000000000021175, -0.7038458508978921 
3.1100000000021386, -0.705608695845455 
3.1200000000021597, -0.7076378579974544 
3.130000000002181, -0.7098934267769297 
3.140000000002202, -0.7122949502703954 
3.150000000002223, -0.7147113855537076 
3.160000000002244, -0.7169737047629036 
3.1700000000022652, -0.7189163778347024 
3.1800000000022863, -0.7204284853731904 
3.1900000000023074, -0.7214800680571686 
3.2000000000023285, -0.7221089339375844 
3.2100000000023496, -0.7223853766354155 
3.2200000000023707, -0.7223803715551816 
3.230000000002392, -0.7221487127906158 
3.240000000002413, -0.7217253385704631 
3.250000000002434, -0.7211300188608541 
3.260000000002455, -0.7203787243927009 
3.2700000000024763, -0.7195048624694652 
3.2800000000024974, -0.7185984902242526 
3.2900000000025185, -0.7178748696003827 
3.3000000000025396, -0.7177787060626637 
3.3100000000025607, -0.7191002303096592 
3.3200000000025818, -0.7229998306190162 
3.330000000002603, -0.7307253959844389 
3.340000000002624, -0.7428475035493923 
3.350000000002645, -0.7583724371219577 
3.360000000002666, -0.7747925629332536 
3.3700000000026873, -0.7894663925228322 
3.3800000000027084, -0.800962406364311 
3.3900000000027295, -0.8091758340119481 
3.4000000000027506, -0.8146961769292365 
3.4100000000027717, -0.8182540240933674 
3.420000000002793, -0.820467925876116 
3.430000000002814, -0.8217850781106677 
3.440000000002835, -0.8225002183068908 
3.450000000002856, -0.8227921350495299 
3.460000000002877, -0.8227540998912255 
3.4700000000028983, -0.8224112866596209 
3.4800000000029194, -0.8217236614938169 
3.4900000000029405, -0.8205733119178534 
3.5000000000029616, -0.8187351854856061 
3.5100000000029827, -0.815835376295361 
3.520000000003004, -0.8113215471767491 
3.530000000003025, -0.8045145159658681 
3.540000000003046, -0.79484715677882 
3.550000000003067, -0.7823029736121938 
3.5600000000030882, -0.7677666512429512 
3.5700000000031094, -0.752849558951988 
3.5800000000031305, -0.7392116608372284 
3.5900000000031516, -0.7279439115296185 
3.6000000000031727, -0.7194049277207317 
3.6100000000031938, -0.7134072830440871 
3.620000000003215, -0.7094871410229311 
3.630000000003236, -0.7071104564178047 
3.640000000003257, -0.7057908023731472 
3.650000000003278, -0.7051395908379952 
3.6600000000032993, -0.7048739855291087 
3.6700000000033204, -0.7048023454637036 
3.6800000000033415, -0.7048011382888946 
3.6900000000033626, -0.7047920112993438 
3.7000000000033837, -0.7047234513163841 
3.710000000003405, -0.7045587339649472 
3.720000000003426, -0.704270567804086 
3.730000000003447, -0.7038419895129973 
3.740000000003468, -0.7032713374873076 
3.750000000003489, -0.7025764700317174 
3.7600000000035103, -0.701792525132265 
3.7700000000035314, -0.700961586478962 
3.7800000000035525, -0.7001194268043549 
3.7900000000035736, -0.6992871565125485 
3.8000000000035947, -0.6984715630465301 
3.810000000003616, -0.6976719472617476 
3.820000000003637, -0.6968885235947531 
3.830000000003658, -0.6961287015952089 
3.840000000003679, -0.6954103916190238 
3.8500000000037002, -0.6947633075677848 
3.8600000000037213, -0.6942292889565965 
3.8700000000037424, -0.6938618033695916 
3.8800000000037635, -0.6937241686449562 
3.8900000000037847, -0.6938861711892593 
3.9000000000038058, -0.6944194773469541 
3.910000000003827, -0.6953929277119922 
3.920000000003848, -0.6968687808072731 
3.930000000003869, -0.6988998673666968 
3.94000000000389, -0.7015256088474144 
3.9500000000039113, -0.7047626710129455 
3.9600000000039324, -0.7085851893610658 
3.9700000000039535, -0.7128931303016199 
3.9800000000039746, -0.717479673786794 
3.9900000000039957, -0.7220276793153008 
4.000000000004016, -0.7261694952892903 
4.010000000003993, -0.7296022945158605 
4.02000000000397, -0.7321862026783099 
4.030000000003946, -0.7339540140909537 
4.040000000003923, -0.7350427431198029 
4.0500000000039, -0.73561247193853 
4.0600000000038765, -0.7357964270463334 
4.070000000003853, -0.7356840730754273 
4.08000000000383, -0.7353216819632391 
4.090000000003807, -0.7347176972625149 
4.100000000003783, -0.733847421462348 
4.11000000000376, -0.7326568478573305 
4.120000000003737, -0.7310690580675359 
4.130000000003713, -0.7289992683173901 
4.14000000000369, -0.7263836374676297 
4.150000000003667, -0.7232131728946527 
4.1600000000036434, -0.7195300591869719 
4.17000000000362, -0.7153334575267051 
4.180000000003597, -0.7104940763611284 
4.1900000000035735, -0.7050103870723247 
4.20000000000355, -0.6995189849594681 
4.210000000003527, -0.6951419912203218 
4.220000000003504, -0.6925901208208778 
4.23000000000348, -0.6917305371501399 
4.240000000003457, -0.6919553356475984 
4.250000000003434, -0.6926634204169775 
4.26000000000341, -0.6934612599327064 
4.270000000003387, -0.6941520805622026 
4.280000000003364, -0.6946621216605666 
4.2900000000033405, -0.694976451955896 
4.300000000003317, -0.695098913148712 
4.310000000003294, -0.6950303484092745 
4.320000000003271, -0.694757080845074 
4.330000000003247, -0.6942447526104913 
4.340000000003224, -0.6934367796422504 
4.350000000003201, -0.6922608579852342 
4.360000000003177, -0.6906492590866723 
4.370000000003154, -0.6885738694276553 
4.380000000003131, -0.6860815974002552 
4.390000000003107, -0.6833022274546243 
4.400000000003084, -0.6804138901964412 
4.410000000003061, -0.6775871953673361 
4.4200000000030375, -0.6749451799550539 
4.430000000003014, -0.672555398928081 
4.440000000002991, -0.6704441146608258 
4.450000000002968, -0.6686156406923294 
4.460000000002944, -0.6670667843757901 
4.470000000002921, -0.6657941080472998 
4.480000000002898, -0.6647956159282314 
4.490000000002874, -0.6640693598789089 
4.500000000002851, -0.663611100504875 
4.510000000002828, -0.6634125227729112 
4.520000000002804, -0.663460852767533 
4.530000000002781, -0.6637400842725113 
4.540000000002758, -0.6642334610976739 
4.5500000000027345, -0.6649264593670128 
4.560000000002711, -0.6658092589330321 
4.570000000002688, -0.6668774400306563 
4.580000000002665, -0.6681293197223979 
4.590000000002641, -0.6695583303932647 
4.600000000002618, -0.6711401680852689 
4.610000000002595, -0.672818247667915 
4.620000000002571, -0.674496632173061 
4.630000000002548, -0.6760517375078668 
4.640000000002525, -0.677364664386227 
4.6500000000025015, -0.6783574477527694 
4.660000000002478, -0.6790093398287799 
4.670000000002455, -0.6793457821405537 
4.6800000000024315, -0.6794136912000949 
4.690000000002408, -0.6792600110028066 
4.700000000002385, -0.6789206704793751 
4.710000000002362, -0.6784189514153819 
4.720000000002338, -0.6777708051281449 
4.730000000002315, -0.6769972143134548 
4.740000000002292, -0.6761474966355967 
4.750000000002268, -0.6753410270385738 
4.760000000002245, -0.6748354274377517 
4.770000000002222, -0.6751181148067069 
4.7800000000021985, -0.6769763123561411 
4.790000000002175, -0.6814120293870574 
4.800000000002152, -0.6891994452478968 
4.810000000002129, -0.7001101743581108 
4.820000000002105, -0.7125246412818642 
4.830000000002082, -0.7242650303515996 
4.840000000002059, -0.7339347642839469 
4.850000000002035, -0.7412634704609502 
4.860000000002012, -0.7465701374610749 
4.870000000001989, -0.7502935105574434 
4.880000000001965, -0.7528289318349852 
4.890000000001942, -0.7544972284399724 
4.900000000001919, -0.7555421868829295 
4.9100000000018955, -0.756136277800047 
4.920000000001872, -0.7563905072075501 
4.930000000001849, -0.7563638769633623 
4.940000000001826, -0.7560687198811055 
4.950000000001802, -0.7554698542709393 
4.960000000001779, -0.7544773178253672 
4.970000000001756, -0.7529359172354624 
4.980000000001732, -0.7506228775744275 
4.990000000001709, -0.7472777630016632 
5.000000000001686, -0.7426930116727533 
5.0100000000016625, -0.7368562378811342 
5.020000000001639, -0.7300539105490311 
5.030000000001616, -0.722822063479978 
5.0400000000015925, -0.715755272607817 
5.050000000001569, -0.7093200540737811 
5.060000000001546, -0.7037819234233156 
5.070000000001523, -0.699231845932233 
5.080000000001499, -0.6956462938590191 
5.090000000001476, -0.6929382109289121 
5.100000000001453, -0.6909890825945502 
5.110000000001429, -0.6896674877922406 
5.120000000001406, -0.6888410621863803 
5.130000000001383, -0.6883855674159467 
5.1400000000013595, -0.6881917003537076 
5.150000000001336, -0.6881690362855685 
5.160000000001313, -0.6882468690564637 
5.17000000000129, -0.688372698810636 
5.180000000001266, -0.6885097992412033 
5.190000000001243, -0.688635205241853 
5.20000000000122, -0.6887385326739993 
5.210000000001196, -0.6888206004648527 
5.220000000001173, -0.6888898555367369 
5.23000000000115, -0.6889554586221286 
5.240000000001126, -0.6890187375326435 
5.250000000001103, -0.6890674116044714 
5.26000000000108, -0.6890767114477798 
5.2700000000010565, -0.6890176090804527 
5.280000000001033, -0.6888675386632975 
5.29000000000101, -0.6886176111333909 
5.300000000000987, -0.6882739152413915 
5.310000000000963, -0.6878553541677851 
5.32000000000094, -0.6873923071455731 
5.330000000000917, -0.6869291313954211 
5.340000000000893, -0.6865315167035404 
5.35000000000087, -0.686298286340214 
5.360000000000847, -0.6863761338273534 
5.3700000000008234, -0.6869744131132453 
5.3800000000008, -0.6883753518471363 
5.390000000000777, -0.6909330734089433 
5.4000000000007535, -0.6950521266401429 
5.41000000000073, -0.7011315516141171 
5.420000000000707, -0.7094549287977839 
5.430000000000684, -0.7200129665709705 
5.44000000000066, -0.7322950974887548 
5.450000000000637, -0.7451990082088338 
5.460000000000614, -0.757272776121089 
5.47000000000059, -0.7672847072401582 
5.480000000000567, -0.7747078675105359 
5.490000000000544, -0.7797270986929694 
5.5000000000005205, -0.7828882643829279 
5.510000000000497, -0.7847611324178858 
5.520000000000474, -0.7857843637250429 
5.5300000000004506, -0.7862459139294847 
5.540000000000427, -0.7863132115328142 
5.550000000000404, -0.7860656984111888 
5.560000000000381, -0.7855143962819168 
5.570000000000357, -0.7846058618695791 
5.580000000000334, -0.7832098855392602 
5.590000000000311, -0.7810887514076913 
5.600000000000287, -0.777845311082315 
5.610000000000264, -0.7728545809005121 
5.620000000000241, -0.7652168274040551 
5.6300000000002175, -0.7538582685556363 
5.640000000000194, -0.7380171255296932 
5.650000000000171, -0.7181836813675406 
5.660000000000148, -0.6967383565695664 
5.670000000000124, -0.6770813673652126 
5.680000000000101, -0.6617100368526858 
5.690000000000078, -0.6512283569142923 
5.700000000000054, -0.6448531219106426 
5.710000000000031, -0.641354227573723 
5.720000000000008, -0.639637279009856 
5.729999999999984, -0.6389217301817731 
5.739999999999961, -0.6387150458580908 
5.749999999999938, -0.6387301142737538 
5.7599999999999145, -0.6388082858818644 
5.769999999999891, -0.6388638759925905 
5.779999999999868, -0.638848617159519 
5.789999999999845, -0.6387306715644596 
5.799999999999821, -0.6384837716658225 
5.809999999999798, -0.6380841370084179 
5.819999999999775, -0.6375141916738556 
5.829999999999751, -0.6367713313173298 
5.839999999999728, -0.6358767047034976 
5.849999999999705, -0.6348762863417685 
5.8599999999996815, -0.6338298951615451 
5.869999999999658, -0.6327930445564312 
5.879999999999635, -0.6318024372185678 
5.8899999999996115, -0.6308722651875862 
5.899999999999588, -0.6300003624030204 
5.909999999999565, -0.6291785049073362 
5.919999999999542, -0.6284015429498061 
5.929999999999518, -0.6276730621675769 
5.939999999999495, -0.6270080777493856 
5.949999999999472, -0.6264343937114887 
5.959999999999448, -0.625993872466198 
5.969999999999425, -0.6257439604577308 
5.979999999999402, -0.6257591891642794 
5.9899999999993785, -0.6261322361107656 
5.999999999999355, -0.6269743196052128 
6.009999999999332, -0.6284148244903436 
6.019999999999309, -0.6305995453620584 
6.029999999999285, -0.6336851049347899 
6.039999999999262, -0.6378234449731363 
6.049999999999239, -0.6431254763938232 
6.059999999999215, -0.6495917811098945 
6.069999999999192, -0.6570137592781344 
6.079999999999169, -0.6648959896257021 
6.089999999999145, -0.6725049451718814 
6.099999999999122, -0.679104675660342 
6.109999999999099, -0.6842489958096347 
6.1199999999990755, -0.6878937728671854 
6.129999999999052, -0.6902755989796652 
6.139999999999029, -0.6917170948621879 
6.149999999999006, -0.6924998331133618 
6.159999999998982, -0.6928224221621821 
6.169999999998959, -0.6928035751050662 
6.179999999998936, -0.6924958793593505 
6.189999999998912, -0.6918941524582902 
6.199999999998889, -0.6909322194617786 
6.209999999998866, -0.6894641074386617 
6.2199999999988425, -0.6872243844090461 
6.229999999998819, -0.6837632826692891 
6.239999999998796, -0.6783688958762281 
6.2499999999987725, -0.670051275065943 
6.259999999998749, -0.6577864397410839 
6.269999999998726, -0.6412310686574365 
6.279999999998703, -0.6215865746871574 
6.289999999998679, -0.6015202435956146 
6.299999999998656, -0.583767738419474 
6.309999999998633, -0.569808083026707 
6.319999999998609, -0.5597403907197187 
6.329999999998586, -0.5529067753678799 
6.339999999998563, -0.5484692877803682 
6.3499999999985395, -0.545692913093386 
6.359999999998516, -0.544021222589411 
6.369999999998493, -0.5430626542939176 
6.37999999999847, -0.5425526777078709 
6.389999999998446, -0.5423170787838221 
6.399999999998423, -0.542243145885355 
6.4099999999984, -0.5422590234542465 
6.419999999998376, -0.5423198566332089 
6.429999999998353, -0.5423992992235177 
6.43999999999833, -0.5424851579417769 
6.449999999998306, -0.5425778004831108 
6.459999999998283, -0.5426893086986151 
6.46999999999826, -0.5428407301307305 
6.4799999999982365, -0.5430553003509044 
6.489999999998213, -0.5433478194421564 
6.49999999999819, -0.5437135405732312 
6.509999999998167, -0.5441221132462515 
6.519999999998143, -0.5445215822457319 
6.52999999999812, -0.5448527764117669 
6.539999999998097, -0.545067162137468 
6.549999999998073, -0.5451380517288438 
6.55999999999805, -0.545060437692225 
6.569999999998027, -0.5448430776143949 
6.5799999999980034, -0.5444995856631126 
6.58999999999798, -0.5440428753136651 
6.599999999997957, -0.5434840946171645 
6.6099999999979335, -0.5428359652346357 
6.61999999999791, -0.5421208848032011 
6.629999999997887, -0.5413848229286018 
6.639999999997864, -0.540716554351288 
6.64999999999784, -0.5402625155285115 
6.659999999997817, -0.5401987212137425 
6.669999999997794, -0.5405652171689117 
6.67999999999777, -0.5408577486644481 
6.689999999997747, -0.539598809270116 
6.699999999997724, -0.5348684827895224 
6.7099999999977005, -0.5262754852925526 
6.719999999997677, -0.5159738245774906 
6.729999999997654, -0.5067864848226412 
6.7399999999976306, -0.500125197727458 
6.749999999997607, -0.49592946585419073 
6.759999999997584, -0.49353919659930645 
6.769999999997561, -0.4922901083003041 
6.779999999997537, -0.49170024744681873 
6.789999999997514, -0.4914646039562186 
6.799999999997491, -0.4914028286788775 
6.809999999997467, -0.49141181959676816 
6.819999999997444, -0.491433148694809 
6.829999999997421, -0.4914331569825194 
6.8399999999973975, -0.49139196639187677 
6.849999999997374, -0.4912986770350085 
6.859999999997351, -0.49115097077154635 
6.869999999997328, -0.49095733434195166 
6.879999999997304, -0.49073913754862497 
6.889999999997281, -0.4905290399655904 
6.899999999997258, -0.49036354311414804 
6.909999999997234, -0.4902711697191703 
6.919999999997211, -0.49026108068333063 
6.929999999997188, -0.49031743705845826 
6.939999999997164, -0.49040269064486813 
6.949999999997141, -0.4904691507218152 
6.959999999997118, -0.4904735668332423 
6.9699999999970945, -0.49038740211684695 
6.979999999997071, -0.49019882195105824 
6.989999999997048, -0.4899082497463999 
6.999999999997025, -0.4895222010335135 
7.009999999997001, -0.4890489971821661 
7.019999999996978, -0.4884977312741805 
7.029999999996955, -0.4878806509876477 
7.039999999996931, -0.48721890674425844 
7.049999999996908, -0.48655096615623483 
7.059999999996885, -0.4859388308461014 
7.0699999999968615, -0.4854523996647452 
7.079999999996838, -0.48507505953084407 
7.089999999996815, -0.484422864824814 
7.0999999999967915, -0.4822536493076587 
7.109999999996768, -0.47633798142299133 
7.119999999996745, -0.46495912826058766 
7.129999999996722, -0.4493981545246667 
7.139999999996698, -0.43355876878658195 
7.149999999996675, -0.4206626051085066 
7.159999999996652, -0.4115986900867206 
7.169999999996628, -0.4057565901526338 
7.179999999996605, -0.402168089284663 
7.189999999996582, -0.40002599579953363 
7.1999999999965585, -0.3987768276777913 
7.209999999996535, -0.39807073753550165 
7.219999999996512, -0.39769444559711997 
7.229999999996489, -0.3975203029089148 
7.239999999996465, -0.3974733261376406 
7.249999999996442, -0.39751143172385034 
7.259999999996419, -0.3976144073657149 
7.269999999996395, -0.39777853936649754 
7.279999999996372, -0.39801472136963467 
7.289999999996349, -0.3983480443319533 
7.299999999996325, -0.39881654241933767 
7.309999999996302, -0.39946648579164074 
7.319999999996279, -0.4003418861948971 
7.3299999999962555, -0.4014670973617539 
7.339999999996232, -0.4028246930790262 
7.349999999996209, -0.4043378773227122 
7.359999999996186, -0.4058739575608471 
7.369999999996162, -0.4072792827835527 
7.379999999996139, -0.40843034630530656 
7.389999999996116, -0.4092667326505861 
7.399999999996092, -0.4097877077705049 
7.409999999996069, -0.4100252955489405 
7.419999999996046, -0.41001602900748574 
7.4299999999960225, -0.4097818826140541 
7.439999999995999, -0.4093187520393503 
7.449999999995976, -0.4085864825862126 
7.4599999999959525, -0.4074948945980463 
7.469999999995929, -0.4058828951431578 
7.479999999995906, -0.4034952768174752 
7.489999999995883, -0.39998228250031687 
7.499999999995859, -0.39498216492017063 
7.509999999995836, -0.388347789178534 
7.519999999995813, -0.3804294696648511 
7.529999999995789, -0.37209626073513713 
7.539999999995766, -0.3643320344117862 
7.549999999995743, -0.3577713010362583 
7.5599999999957195, -0.3525795132652642 
7.569999999995696, -0.34861768224952927 
7.579999999995673, -0.3456395817859852 
7.58999999999565, -0.3434063097453349 
7.599999999995626, -0.34172776483156186 
7.609999999995603, -0.34046756973315084 
7.61999999999558, -0.3395356687447879 
7.629999999995556, -0.3388795493210047 
7.639999999995533, -0.3384780674732514 
7.64999999999551, -0.338339167346194 
7.659999999995486, -0.33850215891109803 
7.669999999995463, -0.33904554196052356 
7.67999999999544, -0.34010217061493425 
7.6899999999954165, -0.3418844639164784 
7.699999999995393, -0.3447223121827273 
7.70999999999537, -0.34911165494109864 
7.719999999995347, -0.3557520015710138 
7.729999999995323, -0.36549542417032443 
7.7399999999953, -0.37903110858578515 
7.749999999995277, -0.3961340108315807 
7.759999999995253, -0.414856678280292 
7.76999999999523, -0.4319695670511311 
7.779999999995207, -0.4450077809172425 
7.789999999995183, -0.45362394890915364 
7.79999999999516, -0.4588766317047165 
7.809999999995137, -0.4619972731427652 
7.8199999999951135, -0.46385955400123563 
7.82999999999509, -0.46497851083987296 
7.839999999995067, -0.46563836803107544 
7.849999999995044, -0.46599331641697733 
7.85999999999502, -0.4661252615000051 
7.869999999994997, -0.46607372574950096 
7.879999999994974, -0.4658513518027492 
7.88999999999495, -0.4654534379578152 
7.899999999994927, -0.4648670190536649 
7.909999999994904, -0.4640830384284203 
7.9199999999948805, -0.4631116522688635 
7.929999999994857, -0.46199470297937567 
7.939999999994834, -0.46080531871567443 
7.9499999999948106, -0.4596301697929352 
7.959999999994787, -0.45854334434370864 
7.969999999994764, -0.45758739507100865 
7.979999999994741, -0.4567696566679566 
7.989999999994717, -0.4560708920865951 
7.999999999994694, -0.45545892989441594 
8.00999999999467, -0.4549012498303707 
8.019999999994647, -0.4543732850892203 
8.029999999994624, -0.453862010901219 
8.0399999999946, -0.45336658331733987 
8.049999999994577, -0.45289867863541317 
8.059999999994554, -0.4524849366998388 
8.06999999999453, -0.4521734991863527 
8.079999999994508, -0.45204683662440565 
8.089999999994484, -0.45224404985041755 
8.099999999994461, -0.45299716438865795 
8.109999999994438, -0.4546857553736018 
8.119999999994414, -0.45790622963344435 
8.129999999994391, -0.46351870030773024 
8.139999999994368, -0.4725440399644323 
8.149999999994344, -0.48564976929735043 
8.159999999994321, -0.502088944597336 
8.169999999994298, -0.5189678954151711 
8.179999999994275, -0.5326407962063099 
8.189999999994251, -0.5414871912489916 
8.199999999994228, -0.5464480801854271 
8.209999999994205, -0.5492149099130516 
8.219999999994181, -0.5509367220287061 
8.229999999994158, -0.5521404447345484 
8.239999999994135, -0.5530265873288271 
8.249999999994111, -0.5536738732955596 
8.259999999994088, -0.5541227604353274 
8.269999999994065, -0.5543999036715781 
8.279999999994041, -0.554522582654943 
8.289999999994018, -0.5544982039070993 
8.299999999993995, -0.5543235515577659 
8.309999999993972, -0.5539855210952809 
8.319999999993948, -0.5534649559976805 
8.329999999993925, -0.5527453177448314 
8.339999999993902, -0.5518260721864544 
8.349999999993878, -0.5507357526085559 
8.359999999993855, -0.5495350273477844 
8.369999999993832, -0.5483033707335558 
8.379999999993808, -0.5471151200655077 
8.389999999993785, -0.5460194210099056 
8.399999999993762, -0.5450340109928682 
8.409999999993738, -0.544151896649252 
8.419999999993715, -0.5433538868810363 
8.429999999993692, -0.5426204144120872 
8.439999999993669, -0.541939377425001 
8.449999999993645, -0.5413099924633308 
8.459999999993622, -0.5407445584580887 
8.469999999993599, -0.5402703436585387 
8.479999999993575, -0.5399331943713422 
8.489999999993552, -0.539803795571993 
8.499999999993529, -0.53998719647642 
8.509999999993505, -0.5406361690843197 
8.519999999993482, -0.5419687986340792 
8.529999999993459, -0.5442895619921224 
8.539999999993436, -0.5480091080848538 
8.549999999993412, -0.5536471120597449 
8.559999999993389, -0.5617797755915599 
8.569999999993366, -0.5728626808157975 
8.579999999993342, -0.5868685899814335 
8.589999999993319, -0.6028506143623156 
8.599999999993296, -0.6188878348371942 
8.609999999993272, -0.632847524578493 
8.619999999993249, -0.6434783258605342 
8.629999999993226, -0.6507643451043209 
8.639999999993202, -0.6554182929667585 
8.64999999999318, -0.6582642869057155 
8.659999999993156, -0.6599444791169542 
8.669999999993133, -0.6608809295765579 
8.67999999999311, -0.6613265711127229 
8.689999999993086, -0.6614200732906315 
8.699999999993063, -0.6612220621007083 
8.70999999999304, -0.660732508039888 
8.719999999993016, -0.6598930482334937 
8.729999999992993, -0.6585779679127146 
8.73999999999297, -0.6565805442974797 
8.749999999992946, -0.6536125852727454 
8.759999999992923, -0.64935416928672 
8.7699999999929, -0.6435935227196715 
8.779999999992876, -0.6364279518677287 
8.789999999992853, -0.6283658866123826 
8.79999999999283, -0.6201747699858132 
8.809999999992806, -0.6125669639967679 
8.819999999992783, -0.6059804999132414 
8.82999999999276, -0.6005621502149378 
8.839999999992736, -0.5962656194453724 
8.849999999992713, -0.5929554474765719 
8.85999999999269, -0.5904731984690587 
8.869999999992666, -0.5886686421826408 
8.879999999992643, -0.587410427666532 
8.88999999999262, -0.5865876356788566 
8.899999999992596, -0.5861083587602415 
8.909999999992573, -0.5858978594745408 
8.91999999999255, -0.5858970315952986 
8.929999999992527, -0.5860612115055458 
8.939999999992503, -0.5863592775552992 
8.94999999999248, -0.586772993647853 
8.959999999992457, -0.587296375705882 
8.969999999992433, -0.5879343204532042 
8.97999999999241, -0.5886989964742327 
8.989999999992387, -0.5896022077108851 
8.999999999992363, -0.5906430722291189 
9.00999999999234, -0.591793598253451 
9.019999999992317, -0.5929894327519649 
9.029999999992294, -0.5941354890404013 
9.03999999999227, -0.5951299874618363 
9.049999999992247, -0.5958957093391846 
9.059999999992224, -0.5963986662313905 
9.0699999999922, -0.5966445917752662 
9.079999999992177, -0.5966611803213745 
9.089999999992154, -0.5964797200177313 
9.09999999999213, -0.5961234312750936 
9.109999999992107, -0.595602620262293 
9.119999999992084, -0.5949141468042887 
9.12999999999206, -0.5940432975210062 
9.139999999992037, -0.5929673091056845 
9.149999999992014, -0.5916594068870942 
9.15999999999199, -0.5900870252030119 
9.169999999991967, -0.5881813388061251 
9.179999999991944, -0.5857244877315766 
9.18999999999192, -0.5821032161032853 
9.199999999991897, -0.576097884847319 
9.209999999991874, -0.5663835400666881 
9.21999999999185, -0.553098890331424 
9.229999999991827, -0.53867237472125 
9.239999999991804, -0.5261219446042995 
9.24999999999178, -0.5169700504424167 
9.259999999991757, -0.5110892298370956 
9.269999999991734, -0.5076349064672582 
9.27999999999171, -0.5057468928220693 
9.289999999991688, -0.5047889888703574 
9.299999999991664, -0.5043507931364883 
9.309999999991641, -0.5041851877540343 
9.319999999991618, -0.5041486349252355 
9.329999999991594, -0.5041589695514029 
9.339999999991571, -0.504168876286192 
9.349999999991548, -0.5041504993815704 
9.359999999991524, -0.5040876272874205 
9.369999999991501, -0.5039731936486789 
9.379999999991478, -0.5038103163847552 
9.389999999991455, -0.5036144777936132 
9.399999999991431, -0.5034134496589352 
9.409999999991408, -0.5032419842551341 
9.419999999991385, -0.5031312604583213 
9.429999999991361, -0.5030969067003053 
9.439999999991338, -0.5031310986522692 
9.449999999991315, -0.503202889422161 
9.459999999991291, -0.5032674655209998 
9.469999999991268, -0.5032803540414208 
9.479999999991245, -0.5032094066753542 
9.489999999991221, -0.503039209338091 
9.499999999991198, -0.5027682235172946 
9.509999999991175, -0.5024029956962119 
9.519999999991152, -0.5019536314937831 
9.529999999991128, -0.5014326265280452 
9.539999999991105, -0.5008577427012539 
9.549999999991082, -0.5002595263460208 
9.559999999991058, -0.49969438745341777 
9.569999999991035, -0.4992628138465304 
9.579999999991012, -0.49912415613104094 
9.589999999990988, -0.49947276485129033 
9.599999999990965, -0.5003820855397565 
9.609999999990942, -0.5013833373333684 
9.619999999990918, -0.5009113038392154 
9.629999999990895, -0.4966183091532317 
9.639999999990872, -0.48751647394163466 
9.649999999990849, -0.4756936079505853 
9.659999999990825, -0.464557822599262 
9.669999999990802, -0.4561091232560638 
9.679999999990779, -0.45052419771698016 
9.689999999990755, -0.4471366318588156 
9.699999999990732, -0.4451982017830849 
9.709999999990709, -0.44414295282366234 
9.719999999990685, -0.4436014871844682 
9.729999999990662, -0.44334837287444034 
9.739999999990639, -0.4432503982410031 
9.749999999990616, -0.4432300775548758 
9.759999999990592, -0.44324290261334215 
9.769999999990569, -0.44326431107170616 
9.779999999990546, -0.443283181178148 
9.789999999990522, -0.4432996641661139 
9.799999999990499, -0.4433254455907593 
9.809999999990476, -0.4433840860742432 
9.819999999990452, -0.4435086775242289 
9.829999999990429, -0.4437347891845766 
9.839999999990406, -0.4440888722414765 
9.849999999990382, -0.44457495282671344 
9.85999999999036, -0.44516471922905854 
9.869999999990336, -0.44579744790737985 
9.879999999990313, -0.44639388020192305 
9.88999999999029, -0.44687962618834975 
9.899999999990266, -0.4472050024108135 
9.909999999990243, -0.44735037102051933 
9.91999999999022, -0.4473176067122785 
9.929999999990196, -0.4471161493343664 
9.939999999990173, -0.4467505169478766 
9.94999999999015, -0.4462106420150208 
9.959999999990126, -0.4454623292040919 
9.969999999990103, -0.44443278281937737 
9.97999999999008, -0.44298336452494447 
9.989999999990056, -0.44085714414534277 
9.999999999990033, -0.437586547310715 
10.00999999999001, -0.4323715161448024 
10.019999999989986, -0.4240592418079939 
10.029999999989963, -0.41158938691558655 
10.03999999998994, -0.3951297306302559 
10.049999999989916, -0.3768719517666438 
10.059999999989893, -0.3599105333928048 
10.06999999998987, -0.3462437843407039 
10.079999999989846, -0.3362021623954848 
10.089999999989823, -0.32917257581691817 
10.0999999999898, -0.3243443980749575 
10.109999999989776, -0.32103974895645004 
10.119999999989753, -0.3187748878885628 
10.12999999998973, -0.3172277166253388 
10.139999999989707, -0.3161915547045056 
10.149999999989683, -0.3155385159420312 
10.15999999998966, -0.31519522135019734 
10.169999999989637, -0.31512854999083545 
10.179999999989613, -0.3153389843411648 
10.18999999998959, -0.3158600695826982 
10.199999999989567, -0.31676347304731056 
10.209999999989543, -0.31816970658648536 
10.21999999998952, -0.3202641493971258 
10.229999999989497, -0.3233148422311762 
10.239999999989474, -0.32767843759153575 
10.24999999998945, -0.3337573802977537 
10.259999999989427, -0.3418395096038822 
10.269999999989404, -0.35177264513399237 
10.27999999998938, -0.36263953580799535 
10.289999999989357, -0.37290973844232345 
10.299999999989334, -0.38124370264235635 
10.30999999998931, -0.3871846383931873 
10.319999999989287, -0.3910574049976738 
10.329999999989264, -0.3934552912864312 
10.33999999998924, -0.39489463778926914 
10.349999999989217, -0.39572583358148844 
10.359999999989194, -0.39616069172089796 
10.36999999998917, -0.39631843330497557 
10.379999999989147, -0.39625998746358826 
10.389999999989124, -0.3960091701339573 
10.3999999999891, -0.39556615082436175 
10.409999999989077, -0.394918996478102 
10.419999999989054, -0.39405783937657757 
10.42999999998903, -0.39299266930165505 
10.439999999989007, -0.3917688465312764 
10.449999999988984, -0.3904686560193459 
10.45999999998896, -0.3891922747514178 
10.469999999988937, -0.38802741660819706 
10.479999999988914, -0.3870262377646397 
10.48999999998889, -0.38619981517975344 
10.499999999988868, -0.3855268658281066 
10.509999999988844, -0.3849682744437977 
10.519999999988821, -0.3844811032363261 
10.529999999988798, -0.3840286915036519 
10.539999999988774, -0.38358560423973015 
10.549999999988751, -0.3831382382887921 
10.559999999988728, -0.3826833431423961 
10.569999999988704, -0.38222687747952144 
10.579999999988681, -0.3817849592200661 
10.589999999988658, -0.381388057441859 
10.599999999988635, -0.38108924615017514 
10.609999999988611, -0.38097632988445096 
10.619999999988588, -0.3811826309658844 
10.629999999988565, -0.3818730208281178 
10.639999999988541, -0.38313165914710556 
10.649999999988518, -0.38459326774855895 
10.659999999988495, -0.3847211496313069 
10.669999999988471, -0.38045103866703806 
10.679999999988448, -0.3691597792156259 
10.689999999988425, -0.3522897353841988 
10.699999999988401, -0.3348295796639174 
10.709999999988378, -0.32069537943564025 
10.719999999988355, -0.3107978328036148 
10.729999999988332, -0.3043538072599393 
10.739999999988308, -0.30028218005638935 
10.749999999988285, -0.2977333135462625 
10.759999999988262, -0.29614417580499663 
10.769999999988238, -0.29516563387291483 
10.779999999988215, -0.29458745952187104 
10.789999999988192, -0.29428621166889257 
10.799999999988168, -0.2941934280004811 
10.809999999988145, -0.2942777202758132 
10.819999999988122, -0.2945359168384922 
10.829999999988098, -0.29499026139283474 
10.839999999988075, -0.295689826641989 
10.849999999988052, -0.29671457652570415 
10.859999999988029, -0.298179657301389 
10.869999999988005, -0.3002347019474808 
10.879999999987982, -0.3030469196175011 
10.889999999987959, -0.3067488198283857 
10.899999999987935, -0.3113351607129651 
10.909999999987912, -0.3165407462473068 
10.919999999987889, -0.3218196344008703 
10.929999999987865, -0.3265391352464739 
10.939999999987842, -0.3302767767520415 
10.949999999987819, -0.33295069510457853 
10.959999999987796, -0.3347176834340293 
10.969999999987772, -0.3358060572768059 
10.979999999987749, -0.3364137913563704 
10.989999999987726, -0.33667858277772206 
10.999999999987702, -0.33668231527772174 
11.009999999987679, -0.3364636235430434 
11.019999999987656, -0.33602923773830573 
11.029999999987632, -0.3353640859087904 
11.039999999987609, -0.3344440011677723 
11.049999999987586, -0.33325506405332794 
11.059999999987562, -0.33181836207536114 
11.06999999998754, -0.3302081257137345 
11.079999999987516, -0.32854527899544766 
11.089999999987493, -0.3269625081766962 
11.09999999998747, -0.3255622025181884 
11.109999999987446, -0.3243936553578356 
11.119999999987423, -0.3234556832185923 
11.1299999999874, -0.3227131776987603 
11.139999999987376, -0.32211544502134887 
11.149999999987353, -0.3216107421436485 
11.15999999998733, -0.3211555345204813 
11.169999999987306, -0.32071846314150065 
11.179999999987283, -0.3202801188054925 
11.18999999998726, -0.3198306176591636 
11.199999999987236, -0.31936692050714505 
11.209999999987213, -0.318890948752034 
11.21999999998719, -0.3184082918270173 
11.229999999987166, -0.31792531905774296 
11.239999999987143, -0.31743763310508333 
11.24999999998712, -0.3168895199683689 
11.259999999987096, -0.31605307353189305 
11.269999999987073, -0.31423378429337995 
11.27999999998705, -0.30978926640705634 
11.289999999987026, -0.30007072383216044 
11.299999999987003, -0.28331576809165 
11.30999999998698, -0.2617986428432872 
11.319999999986956, -0.24094129433982867 
11.329999999986933, -0.2245697261853981 
11.33999999998691, -0.21321840004450907 
11.349999999986887, -0.2057689190745698 
11.359999999986863, -0.20094442373448768 
11.36999999998684, -0.19779935169473833 
11.379999999986817, -0.19572573801600265 
11.389999999986793, -0.19435352694308078 
11.39999999998677, -0.19346420472462683 
11.409999999986747, -0.19293502109787364 
11.419999999986723, -0.19270732961345635 
11.4299999999867, -0.19277149795742227 
11.439999999986677, -0.19316403847256372 
11.449999999986654, -0.19397592151381388 
11.45999999998663, -0.19537407384370437 
11.469999999986607, -0.19764077736417487 
11.479999999986584, -0.20123597534143373 
11.48999999998656, -0.20687548353183782 
11.499999999986537, -0.21556269453611 
11.509999999986514, -0.228357233631439 
11.51999999998649, -0.2454865624835824 
11.529999999986467, -0.26493186785937745 
11.539999999986444, -0.28250149103237027 
11.54999999998642, -0.2948987874679537 
11.559999999986397, -0.3020294494630775 
11.569999999986374, -0.3056700626758696 
11.57999999998635, -0.30747888863307715 
11.589999999986327, -0.308416615881795 
11.599999999986304, -0.30893886021071 
11.60999999998628, -0.30924637435648034 
11.619999999986257, -0.30942755385537996 
11.629999999986234, -0.30952306574518673 
11.63999999998621, -0.3095531611187677 
11.649999999986187, -0.3095297217610806 
11.659999999986164, -0.3094628528793394 
11.66999999998614, -0.3093660228464582 
11.679999999986117, -0.3092608267278901 
11.689999999986094, -0.3091804966754785 
11.69999999998607, -0.3091701161765078 
11.709999999986048, -0.3092818043273241 
11.719999999986024, -0.30956479680291876 
11.729999999986001, -0.31005183033963457 
11.739999999985978, -0.3107440379454867 
11.749999999985954, -0.3115989142023975 
11.759999999985931, -0.31253016610798856 
11.769999999985908, -0.313427161252195 
11.779999999985884, -0.31418836746088774 
11.789999999985861, -0.31474873149692484 
11.799999999985838, -0.31508508857647055 
11.809999999985815, -0.3152022718441787 
11.819999999985791, -0.3151131742842895 
11.829999999985768, -0.3148219962320414 
11.839999999985745, -0.31431179499439094 
11.849999999985721, -0.3135331561125151 
11.859999999985698, -0.3123909103910135 
11.869999999985675, -0.31072998412591707 
11.879999999985651, -0.30833250355851727 
11.889999999985628, -0.30495802117586174 
11.899999999985605, -0.3004673341804948 
11.909999999985581, -0.2950065888269545 
11.919999999985558, -0.28908511351893507 
11.929999999985535, -0.28338394963940133 
11.939999999985512, -0.2784295578286187 
11.949999999985488, -0.27443090558970196 
11.959999999985465, -0.27134233555649345 
11.969999999985442, -0.26900171607401047 
11.979999999985418, -0.26722976000700294 
11.989999999985395, -0.26587432704585146 
11.999999999985372, -0.2648216720347146 
12.009999999985348, -0.2639942302456212 
12.019999999985325, -0.2633451079482885 
12.029999999985302, -0.2628536448242307 
12.039999999985278, -0.2625240413618487 
12.049999999985255, -0.2623884871574365 
12.059999999985232, -0.2625166771602524 
12.069999999985209, -0.2630347823979339 
12.079999999985185, -0.26415832370969616 
12.089999999985162, -0.2662423405119359 
12.099999999985139, -0.2698380425491482 
12.109999999985115, -0.27568402535099834 
12.119999999985092, -0.28438764914156145 
12.129999999985069, -0.2953439866947172 
12.139999999985045, -0.3051291380272223 
12.149999999985022, -0.30834564950570675 
12.159999999984999, -0.3030212074924892 
12.169999999984976, -0.29307601123399685 
12.179999999984952, -0.28341485992631504 
12.189999999984929, -0.27617275270420455 
12.199999999984906, -0.2713511692465945 
12.209999999984882, -0.268299700760563 
12.219999999984859, -0.2664059318674724 
12.229999999984836, -0.2652430085899339 
12.239999999984812, -0.2645430310065099 
12.249999999984789, -0.2641457162191658 
12.259999999984766, -0.2639591669054954 
12.269999999984742, -0.2639354860478876 
12.27999999998472, -0.26405739374410053 
12.289999999984696, -0.2643323014620028 
12.299999999984673, -0.26479152026276287 
12.30999999998465, -0.2654930413966742 
12.319999999984626, -0.2665263206044908 
12.329999999984603, -0.26801631749611154 
12.33999999998458, -0.2701205979105258 
12.349999999984556, -0.2730062589739456 
12.359999999984533, -0.2767858895580519 
12.36999999998451, -0.28140293341588163 
12.379999999984486, -0.28651997953797015 
12.389999999984463, -0.29154873723129604 
12.39999999998444, -0.29589442267259825 
12.409999999984416, -0.29923079545028725 
12.419999999984393, -0.3015582978333705 
12.42999999998437, -0.3030648240870659 
12.439999999984346, -0.303971610574062 
12.449999999984323, -0.3044561091760917 
12.4599999999843, -0.30463633973935356 
12.469999999984276, -0.30457984446655206 
12.479999999984253, -0.30431677550084946 
12.48999999998423, -0.30385147548527885 
12.499999999984206, -0.3031739040103882 
12.509999999984183, -0.3022742779582442 
12.51999999998416, -0.301162171359382 
12.529999999984136, -0.29988450391193383 
12.539999999984113, -0.29852964990388 
12.54999999998409, -0.2972085756663169 
12.559999999984067, -0.2960213910991104 
12.569999999984043, -0.29503030233490163 
12.57999999998402, -0.2942518207636356 
12.589999999983997, -0.29366475554346344 
12.599999999983973, -0.2932244485925155 
12.60999999998395, -0.29287713432853546 
12.619999999983927, -0.2925717847912004 
12.629999999983903, -0.2922676036789235 
12.63999999998388, -0.2919361320741186 
12.649999999983857, -0.2915587678860418 
12.659999999983834, -0.2911217190286908 
12.66999999998381, -0.29060986171729436 
12.679999999983787, -0.2899991165218701 
12.689999999983764, -0.28924422716871323 
12.69999999998374, -0.2882543170369844 
12.709999999983717, -0.2868402245288496 
12.719999999983694, -0.2846062217056485 
12.72999999998367, -0.28076853375434563 
12.739999999983647, -0.27401471107420716 
12.749999999983624, -0.26289442657275464 
12.7599999999836, -0.24727729870715862 
12.769999999983577, -0.22961230038559374 
12.779999999983554, -0.21348451886711492 
12.78999999998353, -0.20096930177602168 
12.799999999983507, -0.19214326859875744 
12.809999999983484, -0.18617026966598607 
12.81999999998346, -0.18215719254882398 
12.829999999983437, -0.179434542347006 
12.839999999983414, -0.17756035205634565 
12.84999999998339, -0.17625862433274944 
12.859999999983367, -0.17536382860940572 
12.869999999983344, -0.17478412693336745 
12.87999999998332, -0.17448081677389182 
12.889999999983297, -0.17446032123298538 
12.899999999983274, -0.17477724510513587 
12.90999999998325, -0.17554998542623534 
12.919999999983228, -0.17699395545859012 
12.929999999983204, -0.1794812122363043 
12.939999999983181, -0.18363425933352767 
12.949999999983158, -0.19043286221356412 
12.959999999983134, -0.20118091392560436 
12.969999999983111, -0.21683304775376006 
12.979999999983088, -0.23602074236722137 
12.989999999983064, -0.25328853562201603 
12.999999999983041, -0.2625545378488422 
13.009999999983018, -0.26348515621142404 
13.019999999982995, -0.2603453761309992 
13.029999999982971, -0.25668633596847473 
13.039999999982948, -0.2538383220265874 
13.049999999982925, -0.25191793367856424 
13.059999999982901, -0.250700373438909 
13.069999999982878, -0.2499535764819732 
13.079999999982855, -0.24951147036369198 
13.089999999982831, -0.2492694427417185 
13.099999999982808, -0.24916697488704642 
13.109999999982785, -0.24917388601198112 
13.119999999982761, -0.24928235329413026 
13.129999999982738, -0.2495037642545131 
13.139999999982715, -0.2498691635877747 
13.149999999982692, -0.25043209670932376 
13.159999999982668, -0.25127235086067284 
13.169999999982645, -0.25249804488965016 
13.179999999982622, -0.2542408440575561 
13.189999999982598, -0.25663387242000935 
13.199999999982575, -0.2597573770944167 
13.209999999982552, -0.26354897201344907 
13.219999999982528, -0.26772512747862115 
13.229999999982505, -0.2718166072131013 
13.239999999982482, -0.27535865889439587 
13.249999999982458, -0.27809378719946726 
13.259999999982435, -0.2800134648557304 
13.269999999982412, -0.28125606712004014 
13.279999999982389, -0.28199092044980517 
13.289999999982365, -0.282356674708651 
13.299999999982342, -0.2824458669886819 
13.309999999982319, -0.28230966553554687 
13.319999999982295, -0.28196734023033587 
13.329999999982272, -0.2814161045465709 
13.339999999982249, -0.2806427888094475 
13.349999999982225, -0.27964023573830576 
13.359999999982202, -0.27842793231922713 
13.369999999982179, -0.2770682471150488 
13.379999999982156, -0.27566397732693426 
13.389999999982132, -0.27433188532301767 
13.399999999982109, -0.2731670123756105 
13.409999999982086, -0.27221993064143823 
13.419999999982062, -0.2714949094274747 
13.429999999982039, -0.2709613534072908 
13.439999999982016, -0.27056876098917165 
13.449999999981992, -0.2702605507746088 
13.459999999981969, -0.26998499885389976 
13.469999999981946, -0.26970165582318756 
13.479999999981922, -0.26938233828508984 
13.4899999999819, -0.26900764277224776 
13.499999999981876, -0.2685609148803453 
13.509999999981853, -0.26802071345218387 
13.51999999998183, -0.26735059343515283 
13.529999999981806, -0.26648181789677294 
13.539999999981783, -0.2652795819018076 
13.54999999998176, -0.2634761822383501 
13.559999999981736, -0.2605542780914205 
13.569999999981713, -0.25561537761195124 
13.57999999998169, -0.2474696726510092 
13.589999999981666, -0.23541614547033513 
13.599999999981643, -0.2205143869827626 
13.60999999998162, -0.20553284924928353 
13.619999999981596, -0.19295709832649702 
13.629999999981573, -0.18361780619654053 
13.63999999998155, -0.17711235090981509 
13.649999999981526, -0.1726785734780611 
13.659999999981503, -0.16964816990806578 
13.66999999998148, -0.1675474793212742 
13.679999999981456, -0.16606861140006965 
13.689999999981433, -0.16502046598934078 
13.69999999998141, -0.16429069852570913 
13.709999999981386, -0.16382208410706256 
13.719999999981363, -0.16360087573710386 
13.72999999998134, -0.16365534906174944 
13.739999999981316, -0.16406493055978993 
13.749999999981293, -0.16498313493562483 
13.75999999998127, -0.16668057317156718 
13.769999999981247, -0.16961431058468684 
13.779999999981223, -0.17451086026814305 
13.7899999999812, -0.18235553770789426 
13.799999999981177, -0.19389494163394008 
13.809999999981153, -0.20794983674634207 
13.81999999998113, -0.21932676218534292 
13.829999999981107, -0.2214874263163192 
13.839999999981083, -0.21425949000419392 
13.84999999998106, -0.20364349486400055 
13.859999999981037, -0.19444542089338598 
13.869999999981014, -0.18795085266062986 
13.87999999998099, -0.18372392432331008 
13.889999999980967, -0.18104330122096463 
13.899999999980944, -0.17935125183424624 
13.90999999998092, -0.17828887591398518 
13.919999999980897, -0.17764129375982995 
13.929999999980874, -0.17728655974143612 
13.93999999998085, -0.17716285776148497 
13.949999999980827, -0.17725086019171316 
13.959999999980804, -0.17756695026746946 
13.96999999998078, -0.17816488549876847 
13.979999999980757, -0.17914535903229667 
13.989999999980734, -0.1806741285551754 
13.99999999998071, -0.18300876953099127 
14.009999999980687, -0.1865274670272067 
14.019999999980664, -0.19172977475051955 
14.02999999998064, -0.19912543702030677 
14.039999999980617, -0.20887932343572052 
14.049999999980594, -0.2202525510570613 
14.05999999998057, -0.23146077569966783 
14.069999999980547, -0.24062962866661528 
14.079999999980524, -0.24699747437646327 
14.0899999999805, -0.2509518721083216 
14.099999999980477, -0.25327207100122 
14.109999999980454, -0.2546071708520269 
14.11999999998043, -0.25536782804671626 
14.129999999980408, -0.255785919431821 
14.139999999980384, -0.2559870521293129 
14.149999999980361, -0.25603864427394246 
14.159999999980338, -0.25597741011210984 
14.169999999980314, -0.25582538745279665 
14.179999999980291, -0.25560080384182265 
14.189999999980268, -0.2553267206182449 
14.199999999980244, -0.2550374639641396 
14.209999999980221, -0.25478081694421667 
14.219999999980198, -0.25461405986461394 
14.229999999980175, -0.2545944002989589 
14.239999999980151, -0.2547665900253673 
14.249999999980128, -0.25515023885761506 
14.259999999980105, -0.2557286066853325 
14.269999999980081, -0.2564432143801348 
14.279999999980058, -0.25720186891178476 
14.289999999980035, -0.25790277186861993 
14.299999999980011, -0.25846366869991966 
14.309999999979988, -0.258838304260319 
14.319999999979965, -0.25901306205121977 
14.329999999979941, -0.25899130840187407 
14.339999999979918, -0.25877621710930265 
14.349999999979895, -0.25835699314454147 
14.359999999979872, -0.25769779086891614 
14.369999999979848, -0.2567272445566359 
14.379999999979825, -0.25532956475532564 
14.389999999979802, -0.2533464579757976 
14.399999999979778, -0.25061205285927945 
14.409999999979755, -0.247044963678208 
14.419999999979732, -0.24277418609579837 
14.429999999979708, -0.2381840409395088 
14.439999999979685, -0.23377567761031778 
14.449999999979662, -0.2299389587809189 
14.459999999979638, -0.22683450424486656 
14.469999999979615, -0.2244330326517733 
14.479999999979592, -0.2226128501621832 
14.489999999979569, -0.22123379723638587 
14.499999999979545, -0.22017259130569217 
14.509999999979522, -0.21933356313065672 
14.519999999979499, -0.21864846606648833 
14.529999999979475, -0.21807263774997548 
14.539999999979452, -0.21758076243608335 
14.549999999979429, -0.21716378567435868 
14.559999999979405, -0.2168277873013696 
14.569999999979382, -0.21659501460016703 
14.579999999979359, -0.2165060229256616 
14.589999999979335, -0.21661775488225107 
14.599999999979312, -0.21697892337319563 
14.609999999979289, -0.21752594961096597 
14.619999999979266, -0.21776575988627145 
14.629999999979242, -0.2161047645523962 
14.639999999979219, -0.20934362557199404 
14.649999999979196, -0.1945298675733489 
14.659999999979172, -0.17344987232658945 
14.669999999979149, -0.15242545879022473 
14.679999999979126, -0.13609417925478817 
14.689999999979102, -0.12504093271643643 
14.69999999997908, -0.11795596095923647 
14.709999999979056, -0.11344604207170243 
14.719999999979033, -0.1105343137949472 
14.72999999997901, -0.1086195395948785 
14.739999999978986, -0.10734885560977483 
14.749999999978963, -0.10652154049618759 
14.75999999997894, -0.10603162561593275 
14.769999999978916, -0.1058381070818711 
14.779999999978893, -0.10595397660051545 
14.78999999997887, -0.10645057960251933 
14.799999999978846, -0.10747897181806328 
14.809999999978823, -0.1093153120096377 
14.8199999999788, -0.11244172825343743 
14.829999999978776, -0.117665787577129 
14.839999999978753, -0.1262080671816434 
14.84999999997873, -0.13939968915491513 
14.859999999978706, -0.15709613577098802 
14.869999999978683, -0.1748026474524693 
14.87999999997866, -0.18472887964969623 
14.889999999978636, -0.18417950170902406 
14.899999999978613, -0.17799925406997213 
14.90999999997859, -0.17139478564863891 
14.919999999978566, -0.16637030413914997 
14.929999999978543, -0.16299012321784861 
14.93999999997852, -0.16081287699726343 
14.949999999978496, -0.1594300542471656 
14.959999999978473, -0.15856313902370733 
14.96999999997845, -0.15804196701663753 
14.979999999978427, -0.1577705459279898 
14.989999999978403, -0.1577030153494461 
14.99999999997838, -0.15783080329764182 
15.009999999978357, -0.158178750636797 
15.019999999978333, -0.15880884704835535 
15.02999999997831, -0.1598316305623983 
15.039999999978287, -0.16142621614587332 
15.049999999978263, -0.16386869094601228 
15.05999999997824, -0.1675599086760939 
15.069999999978217, -0.17301482428838824 
15.079999999978194, -0.18071486406412055 
15.08999999997817, -0.19069342960678615 
15.099999999978147, -0.20198326117777862 
15.109999999978124, -0.21267336913399304 
15.1199999999781, -0.22105950400896163 
15.129999999978077, -0.22668163358454882 
15.139999999978054, -0.23008756048291795 
15.14999999997803, -0.23205487022393592 
15.159999999978007, -0.23317425689893723 
15.169999999977984, -0.2338037543658235 
15.17999999997796, -0.23414133539503465 
15.189999999977937, -0.2342933761487231 
15.199999999977914, -0.23431732018330154 
15.20999999997789, -0.234245735972635 
15.219999999977867, -0.234100607443059 
15.229999999977844, -0.23390327180830078 
15.23999999997782, -0.2336821204890745 
15.249999999977797, -0.23347757495069993 
15.259999999977774, -0.23334252234120836 
15.26999999997775, -0.23333715672206937 
15.279999999977727, -0.23351920841195142 
15.289999999977704, -0.23393133753350287 
15.29999999997768, -0.23458657525111043 
15.309999999977657, -0.23545392466576615 
15.319999999977634, -0.23645214714222015 
15.32999999997761, -0.23746336674381543 
15.339999999977588, -0.23836734040471544 
15.349999999977564, -0.23907724663710309 
15.359999999977541, -0.23955414502462982 
15.369999999977518, -0.23979656478137054 
15.379999999977494, -0.23981903055881298 
15.389999999977471, -0.2396327583030272 
15.399999999977448, -0.2392326159089324 
15.409999999977424, -0.23858868772017772 
15.419999999977401, -0.2376408466575488 
15.429999999977378, -0.23629903816090034 
15.439999999977355, -0.23445901739513206 
15.449999999977331, -0.23204745342457406 
15.459999999977308, -0.22909527566373494 
15.469999999977285, -0.22579333910273358 
15.479999999977261, -0.22245786136807158 
15.489999999977238, -0.21940334291817548 
15.499999999977215, -0.21682462056578 
15.509999999977191, -0.21477078941850372 
15.519999999977168, -0.21319082143360238 
15.529999999977145, -0.2119907095677703 
15.539999999977121, -0.21107119963813434 
15.549999999977098, -0.21034560477744346 
15.559999999977075, -0.2097458252776468 
15.569999999977052, -0.20922248506061725 
15.579999999977028, -0.2087421738913912 
15.589999999977005, -0.20828344561759984 
15.599999999976982, -0.20783249505656162 
15.609999999976958, -0.20737840472012703 
15.619999999976935, -0.20690595642784654 
15.629999999976912, -0.20637994719259437 
15.639999999976888, -0.2057054280601979 
15.649999999976865, -0.20462823708070346 
15.659999999976842, -0.20251666413926395 
15.669999999976818, -0.19802854095701755 
15.679999999976795, -0.18910551265482847 
15.689999999976772, -0.1744212930703995 
15.699999999976749, -0.15587197624491778 
15.709999999976725, -0.13797345323040353 
15.719999999976702, -0.12395204481394964 
15.729999999976679, -0.1142370597642098 
15.739999999976655, -0.10784564618508845 
15.749999999976632, -0.10367394676242739 
15.759999999976609, -0.1009130388275264 
15.769999999976585, -0.09904689200121063 
15.779999999976562, -0.09776328974258798 
15.789999999976539, -0.09687924682452015 
15.799999999976515, -0.09629403480360145 
15.809999999976492, -0.09596361239555617 
15.819999999976469, -0.09589022983371906 
15.829999999976446, -0.0961243916895545 
15.839999999976422, -0.09677983513122332 
15.849999999976399, -0.09806489352187191 
15.859999999976376, -0.10033198368939004 
15.869999999976352, -0.10412367016365247 
15.879999999976329, -0.11008812903154783 
15.889999999976306, -0.11833073863277632 
15.899999999976282, -0.12653053116172083 
15.90999999997626, -0.1283124413872909 
15.919999999976236, -0.11825722245301214 
15.929999999976213, -0.10037724265819585 
15.93999999997619, -0.08328305610366646 
15.949999999976166, -0.07095094419525555 
15.959999999976143, -0.06303461146658322 
15.96999999997612, -0.058108494023910204 
15.979999999976096, -0.05502246403200171 
15.989999999976073, -0.053055855674821815 
15.99999999997605, -0.05179192038667826 
16.009999999976028, -0.05099889320408526 
16.019999999976005, -0.05055698702054301 
16.02999999997598, -0.050420622965095675 
16.039999999975958, -0.050604282081081385 
16.049999999975935, -0.05118690424966643 
16.05999999997591, -0.05233650057510991 
16.069999999975888, -0.054363634398004054 
16.079999999975865, -0.05781815779495038 
16.08999999997584, -0.06363143737839701 
16.099999999975818, -0.07319875377249704 
16.109999999975795, -0.08787990789993115 
16.11999999997577, -0.10675211804659937 
16.129999999975748, -0.12345839027418529 
16.139999999975725, -0.12985654063694393 
16.1499999999757, -0.1259758032320685 
16.15999999997568, -0.1183660709533908 
16.169999999975655, -0.11160985639108896 
16.17999999997563, -0.10682441861105008 
16.18999999997561, -0.10368982044230916 
16.199999999975585, -0.1016807869230775 
16.20999999997556, -0.10040019225433176 
16.21999999997554, -0.0995976555318114 
16.229999999975515, -0.0991286055825667 
16.239999999975492, -0.09891917153197481 
16.24999999997547, -0.09894589321862138 
16.259999999975445, -0.09922828145406981 
16.269999999975422, -0.09983256274075282 
16.2799999999754, -0.10088754616020028 
16.289999999975375, -0.10261660780257564 
16.299999999975352, -0.10539187521048106 
16.30999999997533, -0.10981095281130862 
16.319999999975305, -0.11675747548433468 
16.329999999975282, -0.12727466958924846 
16.33999999997526, -0.14185822513729066 
16.349999999975235, -0.15904974317050674 
16.359999999975212, -0.17503894972697634 
16.36999999997519, -0.18639133393852167 
16.379999999975166, -0.19274033920967823 
16.389999999975142, -0.19575552592039536 
16.39999999997512, -0.1970741609939431 
16.409999999975096, -0.19764072858667686 
16.419999999975072, -0.1978902572240738 
16.42999999997505, -0.19800479093158002 
16.439999999975026, -0.19805908929216262 
16.449999999975002, -0.19808594655427475 
16.45999999997498, -0.19810352712388857 
16.469999999974956, -0.1981274724780851 
16.479999999974932, -0.198177640610595 
16.48999999997491, -0.19828328387365907 
16.499999999974886, -0.19848767648551033 
16.509999999974863, -0.19885177961492875 
16.51999999997484, -0.19945575838632099 
16.529999999974816, -0.20039628374506294 
16.539999999974793, -0.20177525530862236 
16.54999999997477, -0.2036719961185049 
16.559999999974746, -0.2060926090976985 
16.569999999974723, -0.20891087105257208 
16.5799999999747, -0.21185315407472846 
16.589999999974676, -0.2145800775216605 
16.599999999974653, -0.2168282336069148 
16.60999999997463, -0.21849605586040233 
16.619999999974606, -0.2196207732387882 
16.629999999974583, -0.22030246103762158 
16.63999999997456, -0.22064293624944892 
16.649999999974536, -0.2207182584666564 
16.659999999974513, -0.22057359608009866 
16.66999999997449, -0.22022748525881672 
16.679999999974466, -0.21967966511197018 
16.689999999974443, -0.21892226834570558 
16.69999999997442, -0.21795581593715663 
16.709999999974396, -0.2168081910966908 
16.719999999974373, -0.21554748124932632 
16.72999999997435, -0.2142761239793852 
16.739999999974327, -0.21310420522224321 
16.749999999974303, -0.21211749358050583 
16.75999999997428, -0.21135916772618937 
16.769999999974257, -0.21082961937239517 
16.779999999974233, -0.21049617735824774 
16.78999999997421, -0.21030509497573072 
16.799999999974187, -0.21019367639417755 
16.809999999974163, -0.21010195178263186 
16.81999999997414, -0.20998132094223804 
16.829999999974117, -0.20979720468980304 
16.839999999974093, -0.20952537352838857 
16.84999999997407, -0.2091440370705512 
16.859999999974047, -0.20862351435826448 
16.869999999974024, -0.20791305695839885 
16.879999999974, -0.20692189275193607 
16.889999999973977, -0.20549047149484903 
16.899999999973954, -0.2033526536674258 
16.90999999997393, -0.200112733411924 
16.919999999973907, -0.1953165862701484 
16.929999999973884, -0.18873109358796655 
16.93999999997386, -0.180753361698952 
16.949999999973837, -0.17246318319819334 
16.959999999973814, -0.16503026562147022 
16.96999999997379, -0.1590856380127728 
16.979999999973767, -0.15465932468677313 
16.989999999973744, -0.15147390409829903 
16.99999999997372, -0.14919800235310238 
17.009999999973697, -0.14755513802745748 
17.019999999973674, -0.14634401141165493 
17.02999999997365, -0.14542749579089123 
17.039999999973627, -0.14471662127257182 
17.049999999973604, -0.14415752628119177 
17.05999999997358, -0.14372272869287364 
17.069999999973557, -0.14340644451905943 
17.079999999973534, -0.14322339885271723 
17.08999999997351, -0.14320993305971966 
17.099999999973488, -0.1434231514254394 
17.109999999973464, -0.14392271893873726 
17.11999999997344, -0.14468596743737058 
17.129999999973418, -0.14532853903559223 
17.139999999973394, -0.1444468378606352 
17.14999999997337, -0.13892113385105906 
17.159999999973348, -0.12537360197866182 
17.169999999973324, -0.10499557108817492 
17.1799999999733, -0.0842329736945064 
17.189999999973278, -0.06813605134906242 
17.199999999973254, -0.05737863784581317 
17.20999999997323, -0.05057988184395336 
17.219999999973208, -0.04629900416400234 
17.229999999973185, -0.04355090080600168 
17.23999999997316, -0.041742457135216834 
17.249999999973138, -0.04053140393694395 
17.259999999973115, -0.03972532081654438 
17.26999999997309, -0.03922335650813726 
17.279999999973068, -0.03898664236988557 
17.289999999973045, -0.03902753406983152 
17.29999999997302, -0.03941356866472852 
17.309999999972998, -0.04028632380273349 
17.319999999972975, -0.04189643792524926 
17.32999999997295, -0.04464387209841113 
17.339999999972928, -0.049046279201457724 
17.349999999972905, -0.05532907907113956 
17.35999999997288, -0.06194959462580768 
17.36999999997286, -0.06342267867958484 
17.379999999972835, -0.05316613733877834 
17.38999999997281, -0.03343706533646076 
17.39999999997279, -0.013833965899148887 
17.409999999972765, 0.00030241401378951975 
17.41999999997274, 0.008788429960118097 
17.42999999997272, 0.013790624164794495 
17.439999999972695, 0.016707562697054222 
17.449999999972672, 0.018392508307925774 
17.45999999997265, 0.019326585685132815 
17.469999999972625, 0.01977331806278857 
17.479999999972602, 0.01986985772812865 
17.48999999997258, 0.019673515926037145 
17.499999999972555, 0.01918060859578523 
17.509999999972532, 0.018325809340845357 
17.51999999997251, 0.016963508774132503 
17.529999999972485, 0.014830320852374032 
17.539999999972462, 0.011501216480204442 
17.54999999997244, 0.006430441176508868 
17.559999999972415, -0.0005195733857018629 
17.569999999972392, -0.00699677559506634 
17.57999999997237, -0.006998900112132745 
17.589999999972346, 0.005634099189824628 
17.599999999972322, 0.026153852286119782 
17.6099999999723, 0.04459586472772809 
17.619999999972276, 0.05696104260617872 
17.629999999972252, 0.0643272313263717 
17.63999999997223, 0.06857312095728513 
17.649999999972206, 0.07100921329642762 
17.659999999972182, 0.07239131539693563 
17.66999999997216, 0.07313396871931946 
17.679999999972136, 0.07346042547042658 
17.689999999972112, 0.07348472901749839 
17.69999999997209, 0.07325220680989084 
17.709999999972066, 0.07275617949988497 
17.719999999972043, 0.0719405061932469 
17.72999999997202, 0.0706962516534251 
17.739999999971996, 0.06887493478641667 
17.749999999971973, 0.06640071309225296 
17.75999999997195, 0.06372723437086894 
17.769999999971926, 0.06299697109983507 
17.779999999971903, 0.06886642170767823 
17.78999999997188, 0.08435530446109803 
17.799999999971856, 0.10425809594119369 
17.809999999971833, 0.1207088663157724 
17.81999999997181, 0.1313581477411762 
17.829999999971786, 0.1375843634621281 
17.839999999971763, 0.1411240790147479 
17.84999999997174, 0.14312919783281947 
17.859999999971716, 0.1442553221668888 
17.869999999971693, 0.1448648412968246 
17.87999999997167, 0.14516098109331602 
17.889999999971646, 0.14526157632099274 
17.899999999971623, 0.14523958760371375 
17.9099999999716, 0.1451490892002407 
17.919999999971576, 0.14505019203582742 
17.929999999971553, 0.14504773112092367 
17.93999999997153, 0.1453650166203648 
17.949999999971507, 0.1464691866139925 
17.959999999971483, 0.14917812072702982 
17.96999999997146, 0.15441187397211675 
17.979999999971437, 0.1622132965343057 
17.989999999971413, 0.17098161743577286 
17.99999999997139, 0.17859843863538977 
18.009999999971367, 0.18407102038176937 
18.019999999971343, 0.18756665307136927 
18.02999999997132, 0.18964358391818106 
18.039999999971297, 0.19079962204883755 
18.049999999971273, 0.1913783245717962 
18.05999999997125, 0.1916017098351953 
18.069999999971227, 0.19161574431289383 
18.079999999971204, 0.19152160316173344 
18.08999999997118, 0.19139393894510676 
18.099999999971157, 0.19129232187913248 
18.109999999971134, 0.19127042336658828 
18.11999999997111, 0.1913846433607556 
18.129999999971087, 0.1917008856511661 
18.139999999971064, 0.1922944850919473 
18.14999999997104, 0.19323416165758425 
18.159999999971017, 0.1945424727422493 
18.169999999970994, 0.19614517251759303 
18.17999999997097, 0.19785514658868092 
18.189999999970947, 0.199430782190582 
18.199999999970924, 0.20067421618851192 
18.2099999999709, 0.20148700100541697 
18.219999999970877, 0.20185554411099527 
18.229999999970854, 0.20180710516407024 
18.23999999997083, 0.20137938329539126 
18.249999999970807, 0.2006165575553036 
18.259999999970784, 0.19958331105211813 
18.26999999997076, 0.19837813151405903 
18.279999999970737, 0.1971265012676085 
18.289999999970714, 0.19595077135945854 
18.29999999997069, 0.1949371718422413 
18.309999999970668, 0.19412323282505745 
18.319999999970644, 0.19350776728963537 
18.32999999997062, 0.19306886566663678 
18.339999999970598, 0.19277703956898135 
18.349999999970574, 0.19259975878505686 
18.35999999997055, 0.1924995000218202 
18.369999999970528, 0.19242913567423567 
18.379999999970504, 0.19232806155204035 
18.38999999997048, 0.1921203973353937 
18.399999999970458, 0.19171311676841787 
18.409999999970434, 0.19098928168152057 
18.41999999997041, 0.18979310429748333 
18.429999999970388, 0.1879124490091663 
18.439999999970365, 0.18508553459672114 
18.44999999997034, 0.18109333804702624 
18.459999999970318, 0.17599666133244543 
18.469999999970295, 0.17038911617159164 
18.47999999997027, 0.16524957661941653 
18.489999999970248, 0.1613159953596795 
18.499999999970225, 0.15869216739064146 
18.5099999999702, 0.15705996181523613 
18.519999999970178, 0.1560402438126452 
18.529999999970155, 0.15535535291942965 
18.53999999997013, 0.1548346780834973 
18.549999999970108, 0.15437541822972856 
18.559999999970085, 0.15390671415535814 
18.56999999997006, 0.1533640073979397 
18.57999999997004, 0.15266850049472774 
18.589999999970015, 0.15170444882676806 
18.59999999996999, 0.15028513448585346 
18.60999999996997, 0.14809429973516233 
18.619999999969945, 0.14458761890820848 
18.62999999996992, 0.1388655254670614 
18.6399999999699, 0.12968642563080504 
18.649999999969875, 0.11622838061676596 
18.659999999969852, 0.1001726276213808 
18.66999999996983, 0.08646176701663036 
18.679999999969805, 0.07874067178456759 
18.689999999969782, 0.07602002285796283 
18.69999999996976, 0.07564567968002632 
18.709999999969735, 0.07594067383598227 
18.719999999969712, 0.07625510148172113 
18.72999999996969, 0.0764125995444007 
18.739999999969665, 0.0763897410033529 
18.749999999969642, 0.07619368524936167 
18.75999999996962, 0.07582173815025071 
18.769999999969595, 0.07524553951707365 
18.779999999969572, 0.07439730605159536 
18.78999999996955, 0.07314680280846977 
18.799999999969526, 0.0712574731942445 
18.809999999969502, 0.06830374192589729 
18.81999999996948, 0.06352648635813732 
18.829999999969456, 0.05564195215147131 
18.839999999969432, 0.042874006948340634 
18.84999999996941, 0.02424082195194131 
18.859999999969386, 0.0030327041833250407 
18.869999999969362, -0.012261630229900565 
18.87999999996934, -0.017657489244026436 
18.889999999969316, -0.01670811536087974 
18.899999999969292, -0.013957315616084428 
18.90999999996927, -0.011448384320936335 
18.919999999969246, -0.009608877059089511 
18.929999999969223, -0.008354881073874922 
18.9399999999692, -0.0075306845923169595 
18.949999999969176, -0.007018735396528862 
18.959999999969153, -0.0067517629618808455 
18.96999999996913, -0.006706699388618548 
18.979999999969106, -0.006901725831542313 
18.989999999969083, -0.007402251827348336 
18.99999999996906, -0.008340016181933686 
19.009999999969036, -0.009952771810761856 
19.019999999969013, -0.012657339702002873 
19.02999999996899, -0.017168861089269186 
19.039999999968966, -0.02463761233183725 
19.049999999968943, -0.036569802080666465 
19.05999999996892, -0.05379674966149117 
19.069999999968896, -0.07395993209359114 
19.079999999968873, -0.09083581219077774 
19.08999999996885, -0.09996987783833916 
19.099999999968826, -0.10270243720596021 
19.109999999968803, -0.10248797000265816 
19.11999999996878, -0.10150361785424873 
19.129999999968756, -0.10056163614095241 
19.139999999968733, -0.0998487752743178 
19.14999999996871, -0.09935753840582019 
19.159999999968687, -0.09904463262695881 
19.169999999968663, -0.09887610708929406 
19.17999999996864, -0.09883708388079311 
19.189999999968617, -0.09893356816376556 
19.199999999968593, -0.09919497791290692 
19.20999999996857, -0.09968036459233323 
19.219999999968547, -0.1004901333602928 
19.229999999968523, -0.10178519077764406 
19.2399999999685, -0.10381465467705084 
19.249999999968477, -0.10694656776741725 
19.259999999968453, -0.11167105231157323 
19.26999999996843, -0.11848612963180609 
19.279999999968407, -0.12752479744098216 
19.289999999968384, -0.13798566593750725 
19.29999999996836, -0.1480666412815315 
19.309999999968337, -0.156033151333292 
19.319999999968314, -0.16134346940376965 
19.32999999996829, -0.1645027770978919 
19.339999999968267, -0.1662781864639671 
19.349999999968244, -0.16725553043694502 
19.35999999996822, -0.16778628433129197 
19.369999999968197, -0.1680619073846042 
19.379999999968174, -0.1681843827763054 
19.38999999996815, -0.16820982511483282 
19.399999999968127, -0.16817281410296858 
19.409999999968104, -0.16810059670730132 
19.41999999996808, -0.16802255318627785 
19.429999999968057, -0.1679770638007796 
19.439999999968034, -0.16801580811396885 
19.44999999996801, -0.1682047185175197 
19.459999999967987, -0.16862102100903914 
19.469999999967964, -0.16934553862569532 
19.47999999996794, -0.17044726654609982 
19.489999999967917, -0.17195554614523584 
19.499999999967894, -0.1738220799855978 
19.50999999996787, -0.17589571418212252 
19.519999999967848, -0.1779475788253832 
19.529999999967824, -0.17975267329720107 
19.5399999999678, -0.18117192884955852 
19.549999999967778, -0.18217396900514685 
19.559999999967754, -0.1827997088418472 
19.56999999996773, -0.18311405880095635 
19.579999999967708, -0.18317404732677867 
19.589999999967684, -0.18301595202866547 
19.59999999996766, -0.18265391989018756 
19.609999999967638, -0.18208459447712763 
19.619999999967614, -0.18129675577130824 
19.62999999996759, -0.18028711169705475 
19.639999999967568, -0.17908059119362513 
19.649999999967545, -0.17774568191708534 
19.65999999996752, -0.1763903496485329 
19.669999999967498, -0.17513417290144234 
19.679999999967475, -0.17407281563473725 
19.68999999996745, -0.17325691214738811 
19.699999999967428, -0.17269145961353488 
19.709999999967405, -0.17234628457920528 
19.71999999996738, -0.17216806613640934 
19.729999999967358, -0.172091665606545 
19.739999999967335, -0.172051581037054 
19.74999999996731, -0.17199195083916546 
19.759999999967288, -0.17187147358896887 
19.769999999967265, -0.17166146775075364 
19.77999999996724, -0.17133855173741613 
19.78999999996722, -0.17087435735213943 
19.799999999967195, -0.17022306451916283 
19.80999999996717, -0.16930548783638702 
19.81999999996715, -0.16798835651241606 
19.829999999967125, -0.1660632005567835 
19.8399999999671, -0.16324815701104206 
19.84999999996708, -0.15926792120310918 
19.859999999967055, -0.1540603675627175 
19.869999999967032, -0.1480049317905589 
19.87999999996701, -0.14187371668009852 
19.889999999966985, -0.13642757266700903 
19.899999999966962, -0.13205761957402837 
19.90999999996694, -0.12877207566301058 
19.919999999966915, -0.12638096771612692 
19.929999999966892, -0.12465435712153772 
19.93999999996687, -0.12339397973471315 
19.949999999966845, -0.12244960378816475 
19.959999999966822, -0.1217142262140372 
19.9699999999668, -0.1211145541454652 
19.979999999966775, -0.12060196122892475 
19.989999999966752, -0.12014482730214233 
19.99999999996673, -0.11972181052363509 
20.009999999966706, -0.11931452456320335 
20.019999999966682, -0.11889572794974859 
20.02999999996666, -0.11840334179638548 
20.039999999966636, -0.11767758279757894 
20.049999999966612, -0.1163173460277757 
20.05999999996659, -0.1134196491023963 
20.069999999966566, -0.10738026418748596 
20.079999999966542, -0.09655225402075587 
20.08999999996652, -0.08135160998782962 
20.099999999966496, -0.06520953174835004 
20.109999999966472, -0.0517273649073499 
20.11999999996645, -0.04210118220297997 
20.129999999966426, -0.035727275254309056 
20.139999999966403, -0.03158944871636004 
20.14999999996638, -0.02887411493341054 
20.159999999966356, -0.0270472137126459 
20.169999999966333, -0.02578134620198306 
20.17999999996631, -0.024880581363981868 
20.189999999966286, -0.024230070155978053 
20.199999999966263, -0.02376632380032401 
20.20999999996624, -0.02346080090113655 
20.219999999966216, -0.02331135056562472 
20.229999999966193, -0.02333680973260418 
20.23999999996617, -0.023566505933280225 
20.249999999966146, -0.024001691756808472 
20.259999999966123, -0.024484229830063257 
20.2699999999661, -0.024332461242599385 
20.279999999966076, -0.021670265011876556 
20.289999999966053, -0.013339583444222309 
20.29999999996603, 0.0021519740112206113 
20.309999999966006, 0.02060859674832314 
20.319999999965983, 0.036475464507361804 
20.32999999996596, 0.047393822069119775 
20.339999999965936, 0.05413793795333147 
20.349999999965913, 0.05814690052600889 
20.35999999996589, 0.06050856797676766 
20.369999999965867, 0.061891317884573395 
20.379999999965843, 0.06268233935692917 
20.38999999996582, 0.06310410735171751 
20.399999999965797, 0.06328495243352428 
20.409999999965773, 0.06329862322713989 
20.41999999996575, 0.06318707650994601 
20.429999999965727, 0.06297654508212697 
20.439999999965703, 0.06269680761789839 
20.44999999996568, 0.062420917817911814 
20.459999999965657, 0.062362037361872714 
20.469999999965633, 0.06308661207435252 
20.47999999996561, 0.06582310107688517 
20.489999999965587, 0.07234737492921652 
20.499999999965564, 0.08335859284786563 
20.50999999996554, 0.09650303288907809 
20.519999999965517, 0.10806223998690764 
20.529999999965494, 0.11627313711666894 
20.53999999996547, 0.1214583361354838 
20.549999999965447, 0.12456067762796315 
20.559999999965424, 0.12636811965765998 
20.5699999999654, 0.1273940303127459 
20.579999999965377, 0.1279503596970295 
20.589999999965354, 0.12822679505746232 
20.59999999996533, 0.12834292179984427 
20.609999999965307, 0.12837966934670914 
20.619999999965284, 0.1283999900639983 
20.62999999996526, 0.12846627564372967 
20.639999999965237, 0.12866030023505973 
20.649999999965214, 0.12911034725831008 
20.65999999996519, 0.13002478567652004 
20.669999999965167, 0.13170932315442557 
20.679999999965144, 0.13449642772908116 
20.68999999996512, 0.13850120640589922 
20.699999999965097, 0.14332221795729788 
20.709999999965074, 0.14811102251007227 
20.71999999996505, 0.15209855389914423 
20.729999999965028, 0.15498179019795627 
20.739999999965004, 0.1568482172501339 
20.74999999996498, 0.15793069308766935 
20.759999999964958, 0.15845519935460156 
20.769999999964934, 0.15859786262581438 
20.77999999996491, 0.15849075596971346 
20.789999999964888, 0.15823648416827907 
20.799999999964864, 0.1579175602478158 
20.80999999996484, 0.15760018373914247 
20.819999999964818, 0.15733655756532586 
20.829999999964794, 0.1571688814940094 
20.83999999996477, 0.15713506652171613 
20.849999999964748, 0.15727369229682703 
20.859999999964725, 0.1576242456791649 
20.8699999999647, 0.15821798859629368 
20.879999999964678, 0.15905703799896614 
20.889999999964655, 0.16008869607584583 
20.89999999996463, 0.16119589348711366 
20.909999999964608, 0.16222304442631483 
20.919999999964585, 0.16302637038656026 
20.92999999996456, 0.1635110799800008 
20.939999999964538, 0.1636334324330952 
20.949999999964515, 0.16338088413445168 
20.95999999996449, 0.1627558541320075 
20.969999999964468, 0.161777699366983 
20.979999999964445, 0.1605009239465451 
20.98999999996442, 0.1590317498670493 
20.9999999999644, 0.15751832362107382 
21.009999999964375, 0.1561086665550864 
21.01999999996435, 0.15490450055948463 
21.02999999996433, 0.15394437077692197 
21.039999999964305, 0.15321852533303357 
21.04999999996428, 0.15269411493929277 
21.05999999996426, 0.15233311150761042 
21.069999999964235, 0.15209878690827863 
21.079999999964212, 0.15195397631269542 
21.08999999996419, 0.15185563114374853 
21.099999999964165, 0.1517493956056053 
21.109999999964142, 0.15156640143252498 
21.11999999996412, 0.15122172715820564 
21.129999999964095, 0.15061096379320238 
21.139999999964072, 0.1496011952125538 
21.14999999996405, 0.1480186941428592 
21.159999999964025, 0.14565052962075326 
21.169999999964002, 0.14230134024300714 
21.17999999996398, 0.1379528360058385 
21.189999999963955, 0.13297253027699624 
21.199999999963932, 0.12810576970489237 
21.20999999996391, 0.12407360602597843 
21.219999999963886, 0.1211589323130059 
21.229999999963862, 0.11921938320152696 
21.23999999996384, 0.11795657475465901 
21.249999999963816, 0.1171067766926489 
21.259999999963792, 0.1164901020173474 
21.26999999996377, 0.11599352892824084 
21.279999999963746, 0.11554244757994132 
21.289999999963722, 0.11507749860401398 
21.2999999999637, 0.11453702521267788 
21.309999999963676, 0.11384138095278998 
21.319999999963652, 0.11287432537814587 
21.32999999996363, 0.11145532274826875 
21.339999999963606, 0.1092953029832405 
21.349999999963583, 0.10593447403639258 
21.35999999996356, 0.10069957307927517 
21.369999999963536, 0.09284413617601224 
21.379999999963513, 0.08220637545987372 
21.38999999996349, 0.0702826038586593 
21.399999999963466, 0.06000169794242218 
21.409999999963443, 0.05328606573292438 
21.41999999996342, 0.049776734056557935 
21.429999999963396, 0.048156235674652395 
21.439999999963373, 0.04740026804763 
21.44999999996335, 0.04697440756670353 
21.459999999963326, 0.04664409611237596 
21.469999999963303, 0.04631069157601233 
21.47999999996328, 0.04592639796405603 
21.489999999963256, 0.04545512970159817 
21.499999999963233, 0.04485232528022296 
21.50999999996321, 0.04404939368393644 
21.519999999963186, 0.04293444678240107 
21.529999999963163, 0.041321740100173546 
21.53999999996314, 0.03890037408933051 
21.549999999963116, 0.03515422262132156 
21.559999999963093, 0.029272994704544253 
21.56999999996307, 0.020198586717666243 
21.579999999963047, 0.007237268227215023 
21.589999999963023, -0.008186921862356365 
21.599999999963, -0.022277066206744845 
21.609999999962977, -0.03169162446435979 
21.619999999962953, -0.036261967853251365 
21.62999999996293, -0.0378890743324346 
21.639999999962907, -0.038227091141641564 
21.649999999962883, -0.0381251377565185 
21.65999999996286, -0.03792313598981525 
21.669999999962837, -0.03773918967767426 
21.679999999962813, -0.03761213452909827 
21.68999999996279, -0.037559354024574415 
21.699999999962767, -0.03759968968899873 
21.709999999962744, -0.03776477877567534 
21.71999999996272, -0.03810862493775876 
21.729999999962697, -0.03872024406763778 
21.739999999962674, -0.03974315487625675 
21.74999999996265, -0.04140555171901521 
21.759999999962627, -0.04406210512305473 
21.769999999962604, -0.04823080764757699 
21.77999999996258, -0.05454997837280092 
21.789999999962557, -0.06347256059070974 
21.799999999962534, -0.07455897409406867 
21.80999999996251, -0.08594576840941327 
21.819999999962487, -0.09526448084729652 
21.829999999962464, -0.1014255451556821 
21.83999999996244, -0.10490820164878767 
21.849999999962417, -0.10670905256413228 
21.859999999962394, -0.10760537919126031 
21.86999999996237, -0.10804443159045903 
21.879999999962347, -0.10825392633804179 
21.889999999962324, -0.10834680044298695 
21.8999999999623, -0.1083822014708602 
21.909999999962277, -0.10839678602379746 
21.919999999962254, -0.10842125858282496 
21.92999999996223, -0.10849059530662694 
21.939999999962208, -0.1086518510918788 
21.949999999962184, -0.1089710356492232 
21.95999999996216, -0.10953941258554938 
21.969999999962138, -0.11047861591391624 
21.979999999962114, -0.11194102058008948 
21.98999999996209, -0.11409407327606216 
21.999999999962068, -0.11706656763501148 
22.009999999962044, -0.12084049461500998 
22.01999999996202, -0.12513325765191954 
22.029999999961998, -0.12941080600410668 
22.039999999961974, -0.13311813678512865 
22.04999999996195, -0.13594863746129432 
22.059999999961928, -0.13790123213260913 
22.069999999961905, -0.13914651633600758 
22.07999999996188, -0.13988286297501085 
22.089999999961858, -0.1402679507916917 
22.099999999961835, -0.14040763183424596 
22.10999999996181, -0.1403669031312521 
22.119999999961788, -0.140184570927353 
22.129999999961765, -0.13988653037370885 
22.13999999996174, -0.139497490598094 
22.149999999961718, -0.13905095092077818 
22.159999999961695, -0.1385953866309242 
22.16999999996167, -0.13819382941859637 
22.179999999961648, -0.13791641601493843 
22.189999999961625, -0.13782931780944177 
22.1999999999616, -0.13798398128782435 
22.20999999996158, -0.13840683123054565 
22.219999999961555, -0.13908731045818254 
22.22999999996153, -0.1399670321038042 
22.23999999996151, -0.1409414297796815 
22.249999999961485, -0.14188391696218186 
22.25999999996146, -0.14268411629892871 
22.26999999996144, -0.14327551729946808 
22.279999999961415, -0.1436370857666766 
22.289999999961392, -0.14377573547110029 
22.29999999996137, -0.14370544907258742 
22.309999999961345, -0.143432320001345 
22.319999999961322, -0.14294684136724067 
22.3299999999613, -0.14222249289769476 
22.339999999961275, -0.14122176668066685 
22.349999999961252, -0.13991335817758863 
22.35999999996123, -0.13830184769829929 
22.369999999961205, -0.1364585800780725 
22.379999999961182, -0.13452700705298545 
22.38999999996116, -0.13268409442652945 
22.399999999961135, -0.13107874926934554 
22.409999999961112, -0.1297914736286329 
22.41999999996109, -0.12883359817349457 
22.429999999961066, -0.12816905211940652 
22.439999999961042, -0.1277366833374442 
22.44999999996102, -0.12746541586697618 
22.459999999960996, -0.12728452753170058 
22.469999999960972, -0.12713154964635093 
22.47999999996095, -0.12695696664069325 
22.489999999960926, -0.12672393016485292 
22.499999999960902, -0.12640295854973407 
22.50999999996088, -0.12596303503844225 
22.519999999960856, -0.12535997315040096 
22.529999999960832, -0.12452132931512187 
22.53999999996081, -0.12332671963803214 
22.549999999960786, -0.12158688408620857 
22.559999999960763, -0.11904109508955604 
22.56999999996074, -0.1154224636491771 
22.579999999960716, -0.11064258211229139 
22.589999999960693, -0.10501717307661995 
22.59999999996067, -0.0992556688143157 
22.609999999960646, -0.09409732909571247 
22.619999999960623, -0.08994711830932836 
22.6299999999606, -0.08683507100313309 
22.639999999960576, -0.08458717672086022 
22.649999999960553, -0.08298290015809862 
22.65999999996053, -0.08182883698112683 
22.669999999960506, -0.08097628004858044 
22.679999999960483, -0.0803171046676047 
22.68999999996046, -0.07977479738391381 
22.699999999960436, -0.07929557959959072 
22.709999999960413, -0.0788400786806216 
22.71999999996039, -0.07837470632736371 
22.729999999960366, -0.07786084936716173 
22.739999999960343, -0.07723768734193812 
22.74999999996032, -0.07639000196298698 
22.759999999960296, -0.07508629121138437 
22.769999999960273, -0.07287559167746568 
22.77999999996025, -0.06899019437062329 
22.789999999960227, -0.06249420829027956 
22.799999999960203, -0.05304824638958905 
22.80999999996018, -0.04185494684459346 
22.819999999960157, -0.03118761348360018 
22.829999999960133, -0.022674968121858964 
22.83999999996011, -0.01660181629014428 
22.849999999960087, -0.012490986399617631 
22.859999999960063, -0.009741491688200977 
22.86999999996004, -0.007880002762205131 
22.879999999960017, -0.006585583272397627 
22.889999999959993, -0.005651463908399935 
22.89999999995997, -0.00494604117459866 
22.909999999959947, -0.0043852085657304606 
22.919999999959924, -0.003913917943803602 
22.9299999999599, -0.003492749113177383 
22.939999999959877, -0.003085109626395879 
22.949999999959854, -0.002638932295063296 
22.95999999995983, -0.0020513739422698975 
22.969999999959807, -0.0010952026692637106 
22.979999999959784, 0.0005787258794189803 
22.98999999995976, 0.0037159328015305033 
22.999999999959737, 0.00978940601762325 
23.009999999959714, 0.019248851313806443 
23.01999999995969, 0.030576688717234162 
23.029999999959667, 0.041060387196887704 
23.039999999959644, 0.04900722924873581 
23.04999999995962, 0.0543292738843653 
23.059999999959597, 0.05766989893045756 
23.069999999959574, 0.05969813589950872 
23.07999999995955, 0.06089896712805639 
23.089999999959527, 0.06158608496526541 
23.099999999959504, 0.06195691176332933 
23.10999999995948, 0.062137040566588184 
23.119999999959457, 0.06220933283634396 
23.129999999959434, 0.0622332605361642 
23.13999999995941, 0.06226033176915478 
23.149999999959388, 0.062350923987912976 
23.159999999959364, 0.0625988557699538 
23.16999999995934, 0.06317165924550495 
23.179999999959318, 0.06436936542602684 
23.189999999959294, 0.06666816955745672 
23.19999999995927, 0.0706167944479054 
23.209999999959248, 0.07640561915891034 
23.219999999959224, 0.08334111677000237 
23.2299999999592, 0.09005480998379248 
23.239999999959178, 0.09546098743492443 
23.249999999959154, 0.09927078544732186 
23.25999999995913, 0.10172808009598591 
23.269999999959108, 0.10321048043395911 
23.279999999959085, 0.10403929816291987 
23.28999999995906, 0.10444557701253476 
23.299999999959038, 0.10458891321230317 
23.309999999959015, 0.10458111182898988 
23.31999999995899, 0.10450314959800241 
23.329999999958968, 0.10441674844417063 
23.339999999958945, 0.10437405532674697 
23.34999999995892, 0.10442784277261505 
23.359999999958898, 0.1046431663270477 
23.369999999958875, 0.10510947198172652 
23.37999999995885, 0.1059474320579297 
23.389999999958828, 0.10729498739000745 
23.399999999958805, 0.10924888255227747 
23.40999999995878, 0.11176125923099949 
23.41999999995876, 0.11456863759513647 
23.429999999958735, 0.11726824023069526 
23.43999999995871, 0.11951334173725822 
23.44999999995869, 0.12114478392535266 
23.459999999958665, 0.12217248149477233 
23.46999999995864, 0.1226885562759377 
23.47999999995862, 0.12280187573577324 
23.489999999958595, 0.12261369636412985 
23.499999999958572, 0.1222169023189835 
23.50999999995855, 0.12169954609747013 
23.519999999958525, 0.12114314537498039 
23.529999999958502, 0.12061647206245289 
23.53999999995848, 0.12017091358205753 
23.549999999958455, 0.11984161772673277 
23.559999999958432, 0.11965341716977795 
23.56999999995841, 0.11962736131479967 
23.579999999958385, 0.1197835528747363 
23.589999999958362, 0.1201370191144964 
23.59999999995834, 0.12068529751902668 
23.609999999958315, 0.12139144273708843 
23.619999999958292, 0.12217400832273624 
23.62999999995827, 0.12291734288411478 
23.639999999958246, 0.12350135594258715 
23.649999999958222, 0.12383077359647669 
23.6599999999582, 0.12384493659879844 
23.669999999958176, 0.12350977034207578 
23.679999999958152, 0.12280852030346157 
23.68999999995813, 0.12174589531232852 
23.699999999958106, 0.12036746618249952 
23.709999999958082, 0.11877846815311906 
23.71999999995806, 0.1171351495409989 
23.729999999958036, 0.11559914172452176 
23.739999999958012, 0.1142841483325566 
23.74999999995799, 0.11323427571398903 
23.759999999957966, 0.11243941801185922 
23.769999999957943, 0.11186385080040598 
23.77999999995792, 0.11146727677236737 
23.789999999957896, 0.1112130693737325 
23.799999999957873, 0.1110670965916464 
23.80999999995785, 0.11099186830346311 
23.819999999957826, 0.11094000470626889 
23.829999999957803, 0.11085011928335972 
23.83999999995778, 0.11064624651737447 
23.849999999957756, 0.11023866856996847 
23.859999999957733, 0.10952208886526278 
23.86999999995771, 0.10837026067170652 
23.879999999957686, 0.10663574219961311 
23.889999999957663, 0.10417743269674747 
23.89999999995764, 0.10094459299621479 
23.909999999957616, 0.09710549528576698 
23.919999999957593, 0.09310039965103137 
23.92999999995757, 0.08947337836014932 
23.939999999957546, 0.08658284812431831 
23.949999999957523, 0.0844810908253022 
23.9599999999575, 0.08302154542968128 
23.969999999957476, 0.08201153577070656 
23.979999999957453, 0.08129193690861211 
23.98999999995743, 0.08075154558332899 
23.999999999957407, 0.08031495377795606 
24.009999999957383, 0.07992602157369263 
24.01999999995736, 0.07953358842526945 
24.029999999957337, 0.07907976481919655 
24.039999999957313, 0.07848937591385854 
24.04999999995729, 0.07765825848727752 
24.059999999957267, 0.07643727833059598 
24.069999999957243, 0.07461017458103796 
24.07999999995722, 0.07187283879070633 
24.089999999957197, 0.06785128232317397 
24.099999999957173, 0.0622485891994886 
24.10999999995715, 0.05520190796413116 
24.119999999957127, 0.047624177099568496 
24.129999999957104, 0.04089649546719197 
24.13999999995708, 0.03592762751724661 
24.149999999957057, 0.032715066977177756 
24.159999999957034, 0.030757841853583368 
24.16999999995701, 0.029548691998609156 
24.179999999956987, 0.028745959458960017 
24.189999999956964, 0.02815330250999628 
24.19999999995694, 0.02766171743807554 
24.209999999956917, 0.027205650197580138 
24.219999999956894, 0.02673604288312842 
24.22999999995687, 0.026203266923165502 
24.239999999956847, 0.025543951789882852 
24.249999999956824, 0.024667509761381563 
24.2599999999568, 0.02343873184757011 
24.269999999956777, 0.02165311507907266 
24.279999999956754, 0.019005685341959337 
24.28999999995673, 0.015073033716496747 
24.299999999956707, 0.00938071400419122 
24.309999999956684, 0.0016969606800940305 
24.31999999995666, -0.007078421109587074 
24.329999999956637, -0.015668128403549534 
24.339999999956614, -0.022507517206658563 
24.34999999995659, -0.02699099920444547 
24.359999999956568, -0.029544144474626395 
24.369999999956544, -0.030879012510165515 
24.37999999995652, -0.03154204800494069 
24.389999999956498, -0.03185564827561767 
24.399999999956474, -0.03199182877043862 
24.40999999995645, -0.0320422821386498 
24.419999999956428, -0.03206134456484318 
24.429999999956404, -0.03209004699915804 
24.43999999995638, -0.03217067207244646 
24.449999999956358, -0.03235757017058472 
24.459999999956334, -0.03272741489418743 
24.46999999995631, -0.03339096715648597 
24.479999999956288, -0.034507633395034217 
24.489999999956265, -0.03630062852491192 
24.49999999995624, -0.03905814601451662 
24.509999999956218, -0.04307804916254483 
24.519999999956195, -0.04848844151210414 
24.52999999995617, -0.054954132555675904 
24.539999999956148, -0.06155527328708944 
24.549999999956125, -0.06720862794112611 
24.5599999999561, -0.07132812338317886 
24.569999999956078, -0.07398445202911297 
24.579999999956055, -0.07556746297057713 
24.58999999995603, -0.07646418656940165 
24.599999999956008, -0.07694661645190068 
24.609999999955985, -0.07718067760149355 
24.61999999995596, -0.07726312930486222 
24.62999999995594, -0.07725232036703501 
24.639999999955915, -0.07718875231759191 
24.64999999995589, -0.07710873673082816 
24.65999999995587, -0.07705407136699464 
24.669999999955845, -0.07707900785120059 
24.67999999995582, -0.07725480478722817 
24.6899999999558, -0.07767210019827207 
24.699999999955775, -0.07844083732021725 
24.709999999955752, -0.0796839995930575 
24.71999999995573, -0.0815142070971609 
24.729999999955705, -0.08397843364565893 
24.739999999955682, -0.08697609981687318 
24.74999999995566, -0.09021207964729243 
24.759999999955635, -0.0932747465404918 
24.769999999955612, -0.09582148426292822 
24.77999999995559, -0.09771137206630066 
24.789999999955565, -0.09898664152255693 
24.799999999955542, -0.0997732072279172 
24.80999999995552, -0.10020026505470658 
24.819999999955495, -0.10036693806717259 
24.829999999955472, -0.10033916260290779 
24.83999999995545, -0.10015811496405531 
24.849999999955426, -0.09985133841258684 
24.859999999955402, -0.09944403584642594 
24.86999999995538, -0.09896940918787317 
24.879999999955356, -0.098475700094633 
24.889999999955332, -0.0980267972003053 
24.89999999995531, -0.09769556345433048 
24.909999999955286, -0.0975532669691546 
24.919999999955262, -0.09765959277610078 
24.92999999995524, -0.09805354376873406 
24.939999999955216, -0.09874147156086556 
24.949999999955192, -0.09968185839268631 
24.95999999995517, -0.10077745575914565 
24.969999999955146, -0.10189124436597999 
24.979999999955123, -0.10288737160896651 
24.9899999999551, -0.10367207061167985 
24.999999999955076, -0.10420747993074805 
