t, s[1].omega / s[0].omega 
0, -0.8201684047329438 
0.009999999999999995, -0.8366553316019057 
0.019999999999999934, -0.8509147479646602 
0.029999999999999874, -0.8617111955696439 
0.04000000000000012, -0.8691082816604732 
0.050000000000000405, -0.8738385502598429 
0.06000000000000069, -0.8767198128895988 
0.07000000000000098, -0.8783955580890741 
0.08000000000000126, -0.8792978575356335 
0.09000000000000155, -0.8796904055276341 
0.10000000000000184, -0.8797186662462215 
0.11000000000000212, -0.8794445609582032 
0.12000000000000241, -0.8788628644369089 
0.130000000000002, -0.8779006319748524 
0.1400000000000009, -0.876400113271119 
0.1499999999999998, -0.8740852309119156 
0.1599999999999987, -0.870517290271047 
0.1699999999999976, -0.865066965405618 
0.1799999999999965, -0.8569783217616349 
0.1899999999999954, -0.8456571927652338 
0.1999999999999943, -0.831249401243551 
0.2099999999999932, -0.8151848526925626 
0.2199999999999921, -0.799939105305384 
0.229999999999991, -0.7878073760396288 
0.2399999999999899, -0.7797531278711757 
0.2499999999999888, -0.7753425012637027 
0.2599999999999877, -0.773465924787025 
0.2699999999999866, -0.7730257181013042 
0.2799999999999855, -0.773239194927667 
0.2899999999999844, -0.7736511369750996 
0.2999999999999833, -0.774036584693871 
0.3099999999999822, -0.7743005154922089 
0.3199999999999811, -0.7744077090018232 
0.32999999999998, -0.7743413167982952 
0.3399999999999789, -0.7740798482135471 
0.3499999999999778, -0.7735840194667334 
0.35999999999997667, -0.7727895334634776 
0.36999999999997557, -0.7716071711123772 
0.37999999999997447, -0.7699363934830721 
0.38999999999997337, -0.7676986268617363 
0.39999999999997227, -0.7648844025346032 
0.40999999999997117, -0.7615874784184695 
0.41999999999997006, -0.7579945754331805 
0.42999999999996896, -0.7543310252554651 
0.43999999999996786, -0.7507994642014975 
0.44999999999996676, -0.7475463978873581 
0.45999999999996566, -0.7446607051935544 
0.46999999999996456, -0.7421878795508794 
0.47999999999996346, -0.7401446457757899 
0.48999999999996235, -0.7385276472682525 
0.49999999999996125, -0.7373167656437852 
0.5099999999999602, -0.7364762920611381 
0.519999999999959, -0.7359569571109585 
0.529999999999958, -0.73570020337937 
0.5399999999999568, -0.7356442101057866 
0.5499999999999557, -0.735730028826654 
0.5599999999999546, -0.7359062465051263 
0.5699999999999535, -0.7361315481073512 
0.5799999999999524, -0.7363755578051526 
0.5899999999999513, -0.7366186418048108 
0.5999999999999502, -0.7368507812204024 
0.6099999999999491, -0.7370687786191727 
0.619999999999948, -0.7372711226377857 
0.6299999999999469, -0.7374515094263396 
0.6399999999999458, -0.7375942526507557 
0.6499999999999447, -0.7376751344170207 
0.6599999999999436, -0.7376682610240889 
0.6699999999999425, -0.7375551357906314 
0.6799999999999414, -0.7373306585188499 
0.6899999999999403, -0.7370038532688957 
0.6999999999999392, -0.7365955434695853 
0.7099999999999381, -0.736136882248507 
0.719999999999937, -0.7356713480176877 
0.7299999999999359, -0.7352606705870086 
0.7399999999999348, -0.7349934219846482 
0.7499999999999337, -0.7349936161720666 
0.7599999999999326, -0.7354255015175526 
0.7699999999999315, -0.7364903483390919 
0.7799999999999304, -0.7384120416391248 
0.7899999999999293, -0.7414101215951787 
0.7999999999999282, -0.7456596793473814 
0.8099999999999271, -0.7512364587517963 
0.819999999999926, -0.7580471534693546 
0.8299999999999249, -0.7657600502123354 
0.8399999999999238, -0.773785152586741 
0.8499999999999227, -0.7813748144826129 
0.8599999999999216, -0.7878549159831258 
0.8699999999999205, -0.7928571536612549 
0.8799999999999194, -0.7963813718610162 
0.8899999999999183, -0.7986723742052828 
0.8999999999999172, -0.8000463030776211 
0.9099999999999161, -0.8007780750617044 
0.919999999999915, -0.8010636282498599 
0.9299999999999139, -0.8010233295650007 
0.9399999999999128, -0.8007167836548461 
0.9499999999999117, -0.8001551776667309 
0.9599999999999106, -0.7993076614928366 
0.9699999999999095, -0.7981030818660383 
0.9799999999999084, -0.7964314683069911 
0.9899999999999073, -0.794153540892583 
0.9999999999999062, -0.7911305433803095 
1.0099999999999052, -0.7872841429670661 
1.019999999999904, -0.7826754782214532 
1.029999999999903, -0.7775617446570121 
1.039999999999902, -0.7724027016263422 
1.0499999999999008, -0.7678385432850973 
1.0599999999998997, -0.7645694153941819 
1.0699999999998986, -0.7630172230960927 
1.0799999999998975, -0.7630380909602361 
1.0899999999998964, -0.7640578571006243 
1.0999999999998953, -0.765453287913024 
1.1099999999998942, -0.7667982752952015 
1.119999999999893, -0.7678911601413677 
1.129999999999892, -0.768679192050603 
1.1399999999998909, -0.76917904711956 
1.1499999999998898, -0.76942547591871 
1.1599999999998887, -0.7694447227811473 
1.1699999999998876, -0.7692415780636987 
1.1799999999998865, -0.7687914469371092 
1.1899999999998854, -0.7680331178346911 
1.1999999999998843, -0.7668625545062902 
1.2099999999998832, -0.7651341960571337 
1.219999999999882, -0.7626833793208224 
1.229999999999881, -0.7593834266670653 
1.2399999999998799, -0.7552283303991223 
1.2499999999998788, -0.7503906891797565 
1.2599999999998777, -0.7451964139527575 
1.2699999999998766, -0.7400215244233843 
1.2799999999998755, -0.7351844288494424 
1.2899999999998744, -0.7308941175994816 
1.2999999999998733, -0.7272542057650841 
1.3099999999998722, -0.7242909087601522 
1.319999999999871, -0.7219800283182886 
1.32999999999987, -0.7202650409749829 
1.3399999999998689, -0.719068359681686 
1.3499999999998678, -0.7182999586793228 
1.3599999999998666, -0.7178657558218092 
1.3699999999998655, -0.7176756910705431 
1.3799999999998644, -0.717650118143047 
1.3899999999998633, -0.7177233616255728 
1.3999999999998622, -0.7178444442303296 
1.4099999999998611, -0.7179760611617629 
1.41999999999986, -0.7180931882713506 
1.429999999999859, -0.7181820826121477 
1.4399999999998578, -0.7182391650851156 
1.4499999999998567, -0.7182682534478254 
1.4599999999998556, -0.7182750980347996 
1.4699999999998545, -0.7182604835333964 
1.4799999999998534, -0.7182155115770847 
1.4899999999998523, -0.7181224556352418 
1.4999999999998512, -0.7179612228021055 
1.5099999999998501, -0.7177175970663543 
1.519999999999849, -0.7173886960691651 
1.529999999999848, -0.7169841106068735 
1.5399999999998468, -0.71652480232378 
1.5499999999998457, -0.7160429406060735 
1.5599999999998446, -0.7155846100249547 
1.5699999999998435, -0.7152154740777966 
1.5799999999998424, -0.7150280027196568 
1.5899999999998413, -0.715147797407012 
1.5999999999998402, -0.7157359203924374 
1.6099999999998391, -0.7169842796558278 
1.619999999999838, -0.7191020245612834 
1.629999999999837, -0.7222915587284923 
1.6399999999998358, -0.7267117553998474 
1.6499999999998347, -0.7324239346778638 
1.6599999999998336, -0.7393192661513669 
1.6699999999998325, -0.7470460788067622 
1.6799999999998314, -0.7549946244759371 
1.6899999999998303, -0.7624146195955104 
1.6999999999998292, -0.7686613263042225 
1.709999999999828, -0.7734182155737583 
1.719999999999827, -0.7767302473674582 
1.729999999999826, -0.7788618900093903 
1.7399999999998248, -0.7801266804206305 
1.7499999999998237, -0.7807869504282057 
1.7599999999998226, -0.7810249959099337 
1.7699999999998215, -0.7809496810691143 
1.7799999999998204, -0.7806109190612045 
1.7899999999998193, -0.7800099929183311 
1.7999999999998182, -0.7791025293793984 
1.809999999999817, -0.7777943448493001 
1.819999999999816, -0.7759319522479304 
1.8299999999998149, -0.7732917020711068 
1.8399999999998138, -0.7695755909482671 
1.8499999999998127, -0.7644286973435379 
1.8599999999998116, -0.7575077729504827 
1.8699999999998105, -0.7486594573436847 
1.8799999999998094, -0.7382526630343632 
1.8899999999998083, -0.7274618130140438 
1.8999999999998072, -0.7179700588178485 
1.909999999999806, -0.7110503030516429 
1.919999999999805, -0.7069353586618827 
1.9299999999998039, -0.7050325105374939 
1.9399999999998028, -0.7045058101061941 
1.9499999999998017, -0.7046658249545115 
1.9599999999998006, -0.7050734686211768 
1.9699999999997995, -0.7054946793491494 
1.9799999999997984, -0.705822782928815 
1.9899999999997973, -0.7060162826435961 
1.9999999999997962, -0.7060595002372981 
2.0099999999998173, -0.7059401869792059 
2.0199999999998384, -0.7056372603329847 
2.0299999999998595, -0.7051146669356944 
2.0399999999998806, -0.704320986436218 
2.0499999999999017, -0.7031975693761605 
2.059999999999923, -0.7016983912015307 
2.069999999999944, -0.6998185522298769 
2.079999999999965, -0.6976163010868573 
2.089999999999986, -0.6952089693568241 
2.100000000000007, -0.692739882386606 
2.1100000000000283, -0.6903375754577988 
2.1200000000000494, -0.6880917928817919 
2.1300000000000705, -0.6860524177385627 
2.1400000000000916, -0.6842416536330568 
2.1500000000001127, -0.6826678597380695 
2.160000000000134, -0.6813349719113003 
2.170000000000155, -0.6802465637928591 
2.180000000000176, -0.6794059968260633 
2.190000000000197, -0.6788146026650456 
2.2000000000002182, -0.6784695696374992 
2.2100000000002393, -0.6783627143169121 
2.2200000000002604, -0.6784807399144971 
2.2300000000002815, -0.6788069729397483 
2.2400000000003026, -0.6793240491978856 
2.2500000000003237, -0.6800166896622024 
2.260000000000345, -0.6808735257517393 
2.270000000000366, -0.6818867663064216 
2.280000000000387, -0.6830483884428042 
2.290000000000408, -0.6843420216215358 
2.3000000000004293, -0.6857317225454121 
2.3100000000004504, -0.6871527281428604 
2.3200000000004715, -0.6885127416784637 
2.3300000000004926, -0.6897097644569697 
2.3400000000005137, -0.6906608399515907 
2.3500000000005348, -0.6913244836288756 
2.360000000000556, -0.691703064338189 
2.370000000000577, -0.6918277491443561 
2.380000000000598, -0.6917392017048375 
2.390000000000619, -0.6914742822756492 
2.4000000000006403, -0.6910613690284341 
2.4100000000006614, -0.6905230306141141 
2.4200000000006825, -0.6898853378709318 
2.4300000000007036, -0.6891957127253822 
2.4400000000007247, -0.688554015657655 
2.450000000000746, -0.6881627361393695 
2.460000000000767, -0.6883973714674793 
2.470000000000788, -0.6898778705886255 
2.480000000000809, -0.6934737277103153 
2.49000000000083, -0.700107881289387 
2.5000000000008513, -0.7102391319090042 
2.5100000000008724, -0.7232095581151732 
2.5200000000008935, -0.73714541522348 
2.5300000000009146, -0.7498693031984717 
2.5400000000009357, -0.7600403394638465 
2.550000000000957, -0.7674369703153944 
2.560000000000978, -0.7724971955478293 
2.570000000000999, -0.7758239277962135 
2.58000000000102, -0.7779426282461144 
2.5900000000010412, -0.7792406335615576 
2.6000000000010624, -0.7799793381855425 
2.6100000000010835, -0.7803230079654186 
2.6200000000011046, -0.7803638465499265 
2.6300000000011257, -0.7801377338159988 
2.6400000000011468, -0.7796297437969774 
2.650000000001168, -0.7787695115324584 
2.660000000001189, -0.7774172171980877 
2.67000000000121, -0.7753448139985447 
2.680000000001231, -0.7722287789223512 
2.6900000000012523, -0.7676912704315891 
2.7000000000012734, -0.7614357382015714 
2.7100000000012945, -0.753466636083372 
2.7200000000013156, -0.7442500315820467 
2.7300000000013367, -0.7346282999273626 
2.740000000001358, -0.7255071747322417 
2.750000000001379, -0.7175560576774018 
2.7600000000014, -0.7110986148764085 
2.770000000001421, -0.7061667120238232 
2.780000000001442, -0.7026096332245296 
2.7900000000014633, -0.7001898032885571 
2.8000000000014844, -0.6986476615629742 
2.8100000000015055, -0.6977404856345195 
2.8200000000015266, -0.6972626904680516 
2.8300000000015477, -0.6970529573607664 
2.840000000001569, -0.6969922635774027 
2.85000000000159, -0.6969966306128083 
2.860000000001611, -0.6970081029896543 
2.870000000001632, -0.6969867189975341 
2.8800000000016532, -0.6969052467670923 
2.8900000000016743, -0.6967473409032029 
2.9000000000016954, -0.6965083083331493 
2.9100000000017165, -0.696195952121444 
2.9200000000017377, -0.6958282502540343 
2.9300000000017588, -0.6954265682607003 
2.94000000000178, -0.695007014907125 
2.950000000001801, -0.6945748669466354 
2.960000000001822, -0.694125243955792 
2.970000000001843, -0.6936490431981464 
2.9800000000018643, -0.6931402293259962 
2.9900000000018854, -0.6926009938035952 
3.0000000000019065, -0.692044007103293 
3.0100000000019276, -0.6914932660704718 
3.0200000000019487, -0.6909853522942779 
3.03000000000197, -0.6905718194012749 
3.040000000001991, -0.6903221393186235 
3.050000000002012, -0.6903258506712833 
3.060000000002033, -0.6906924440320249 
3.070000000002054, -0.6915480284251727 
3.0800000000020753, -0.6930285735385192 
3.0900000000020964, -0.6952697027040327 
3.1000000000021175, -0.6983917404734135 
3.1100000000021386, -0.7024759770853739 
3.1200000000021597, -0.7075261128760217 
3.130000000002181, -0.7134135268465714 
3.140000000002202, -0.7198246822732086 
3.150000000002223, -0.7262607777089343 
3.160000000002244, -0.7321445533953052 
3.1700000000022652, -0.7370134590243217 
3.1800000000022863, -0.7406713437540798 
3.1900000000023074, -0.7431884714963284 
3.2000000000023285, -0.744783326430519 
3.2100000000023496, -0.745697880611917 
3.2200000000023707, -0.7461288236916097 
3.230000000002392, -0.7462092600917535 
3.240000000002413, -0.746013841996622 
3.250000000002434, -0.7455680470793273 
3.260000000002455, -0.7448531206394354 
3.2700000000024763, -0.7438039494217021 
3.2800000000024974, -0.7422990213099773 
3.2900000000025185, -0.7401421123722856 
3.3000000000025396, -0.7370364929325632 
3.3100000000025607, -0.7325578397064282 
3.3200000000025818, -0.7261523875046613 
3.330000000002603, -0.7172420438810377 
3.340000000002624, -0.7055797846355277 
3.350000000002645, -0.6918348854704945 
3.360000000002666, -0.677819371931933 
3.3700000000026873, -0.6656954118161684 
3.3800000000027084, -0.6567654646980107 
3.3900000000027295, -0.6510782189073203 
3.4000000000027506, -0.6479150359809659 
3.4100000000027717, -0.6464018351793892 
3.420000000002793, -0.645831913236542 
3.430000000002814, -0.6457342695971299 
3.440000000002835, -0.6458299804987687 
3.450000000002856, -0.6459667958332342 
3.460000000002877, -0.6460656581236204 
3.4700000000028983, -0.6460847964594276 
3.4800000000029194, -0.6459979479571463 
3.4900000000029405, -0.6457823179429745 
3.5000000000029616, -0.645413565769615 
3.5100000000029827, -0.6448670371494144 
3.520000000003004, -0.6441251677345763 
3.530000000003025, -0.6431890286666598 
3.540000000003046, -0.6420876778771593 
3.550000000003067, -0.6408769272614866 
3.5600000000030882, -0.6396249167341603 
3.5700000000031094, -0.6383923316150757 
3.5800000000031305, -0.6372190269866859 
3.5900000000031516, -0.6361224987455439 
3.6000000000031727, -0.6351051936420442 
3.6100000000031938, -0.634164412648266 
3.620000000003215, -0.6333002827636351 
3.630000000003236, -0.6325204151290753 
3.640000000003257, -0.6318419621623652 
3.650000000003278, -0.6312922835427264 
3.6600000000032993, -0.6309089855871679 
3.6700000000033204, -0.6307395567731444 
3.6800000000033415, -0.6308406105242358 
3.6900000000033626, -0.6312768401652085 
3.7000000000033837, -0.6321199185350641 
3.710000000003405, -0.633447388071435 
3.720000000003426, -0.6353407657783301 
3.730000000003447, -0.6378804306634553 
3.740000000003468, -0.6411325265238675 
3.750000000003489, -0.6451213951434129 
3.7600000000035103, -0.6497839875470548 
3.7700000000035314, -0.654917435124896 
3.7800000000035525, -0.6601587737419876 
3.7900000000035736, -0.6650493093676272 
3.8000000000035947, -0.6691848287571113 
3.810000000003616, -0.6723569175866391 
3.820000000003637, -0.6745799268347807 
3.830000000003658, -0.676008709350933 
3.840000000003679, -0.6768346135656235 
3.8500000000037002, -0.6772207592011482 
3.8600000000037213, -0.6772799155890205 
3.8700000000037424, -0.677074432628709 
3.8800000000037635, -0.6766209906684292 
3.8900000000037847, -0.6758912168741568 
3.9000000000038058, -0.6748036817562129 
3.910000000003827, -0.6732035103846433 
3.920000000003848, -0.6708252709691762 
3.930000000003869, -0.6672380087690215 
3.94000000000389, -0.6617919262392029 
3.9500000000039113, -0.6536495700365743 
3.9600000000039324, -0.6420797316338774 
3.9700000000039535, -0.6271175843847516 
3.9800000000039746, -0.610148331205846 
3.9900000000039957, -0.5935361490708018 
4.000000000004016, -0.5793665160080412 
4.010000000003993, -0.5685616272749805 
4.02000000000397, -0.5609819683252567 
4.030000000003946, -0.5559788880624454 
4.040000000003923, -0.5528295686055679 
4.0500000000039, -0.5509306359642875 
4.0600000000038765, -0.5498388419703752 
4.070000000003853, -0.5492499656440641 
4.08000000000383, -0.5489634226617148 
4.090000000003807, -0.5488502636678476 
4.100000000003783, -0.5488288803571073 
4.11000000000376, -0.548848122647019 
4.120000000003737, -0.5488764643239576 
4.130000000003713, -0.5488959195431088 
4.14000000000369, -0.548899544215376 
4.150000000003667, -0.5488910503960134 
4.1600000000036434, -0.5488843305742901 
4.17000000000362, -0.5489003263719968 
4.180000000003597, -0.548959849707373 
4.1900000000035735, -0.5490737617898185 
4.20000000000355, -0.5492346473277377 
4.210000000003527, -0.5494147653864357 
4.220000000003504, -0.5495726735434902 
4.23000000000348, -0.5496660332970049 
4.240000000003457, -0.5496638062924878 
4.250000000003434, -0.5495516712798446 
4.26000000000341, -0.5493298792654079 
4.270000000003387, -0.5490075082427893 
4.280000000003364, -0.5485976225547654 
4.2900000000033405, -0.5481158325135166 
4.300000000003317, -0.5475831525022026 
4.310000000003294, -0.5470339237335213 
4.320000000003271, -0.5465303789571424 
4.330000000003247, -0.5461860002729391 
4.340000000003224, -0.5461977410341271 
4.350000000003201, -0.5468765332606788 
4.360000000003177, -0.5486351649513017 
4.370000000003154, -0.5518393217487084 
4.380000000003131, -0.5564226798792709 
4.390000000003107, -0.561439191419392 
4.400000000003084, -0.5652745326968424 
4.410000000003061, -0.5668876357298993 
4.4200000000030375, -0.5666956311850326 
4.430000000003014, -0.5658714825198303 
4.440000000002991, -0.5652444375033258 
4.450000000002968, -0.565039416648307 
4.460000000002944, -0.5651567441980863 
4.470000000002921, -0.5654317425719768 
4.480000000002898, -0.5657388662816389 
4.490000000002874, -0.5660047920813962 
4.500000000002851, -0.5661929192236391 
4.510000000002828, -0.5662860627598665 
4.520000000002804, -0.5662741475564124 
4.530000000002781, -0.5661469925322274 
4.540000000002758, -0.5658912788875308 
4.5500000000027345, -0.5654915182360791 
4.560000000002711, -0.5649353850771159 
4.570000000002688, -0.5642227758887495 
4.580000000002665, -0.5633748310815212 
4.590000000002641, -0.5624361766541286 
4.600000000002618, -0.5614657166580673 
4.610000000002595, -0.5605193882247577 
4.620000000002571, -0.5596348016311629 
4.630000000002548, -0.5588256031490022 
4.640000000002525, -0.5580859915355709 
4.6500000000025015, -0.5574005663874025 
4.660000000002478, -0.5567540945273179 
4.670000000002455, -0.5561380915749204 
4.6800000000024315, -0.5555540161400423 
4.690000000002408, -0.5550147368773257 
4.700000000002385, -0.554546270015936 
4.710000000002362, -0.554191210107323 
4.720000000002338, -0.5540146296588095 
4.730000000002315, -0.5541128743647297 
4.740000000002292, -0.5546255232875525 
4.750000000002268, -0.5557504182435278 
4.760000000002245, -0.5577603008039466 
4.770000000002222, -0.5610155762279014 
4.7800000000021985, -0.5659580859949825 
4.790000000002175, -0.5730527592231182 
4.800000000002152, -0.582624894153899 
4.810000000002129, -0.5945633323376817 
4.820000000002105, -0.6080077124268863 
4.830000000002082, -0.6213752934205199 
4.840000000002059, -0.6329897138178281 
4.850000000002035, -0.641889939624078 
4.860000000002012, -0.6480649923071897 
4.870000000001989, -0.6520678439330919 
4.880000000001965, -0.6545501968801386 
4.890000000001942, -0.6560318013679021 
4.900000000001919, -0.6568622710930098 
4.9100000000018955, -0.6572555279670756 
4.920000000001872, -0.6573310104264788 
4.930000000001849, -0.6571420849737648 
4.940000000001826, -0.6566901879483946 
4.950000000001802, -0.6559272229610469 
4.960000000001779, -0.6547493336784607 
4.970000000001756, -0.6529878900475721 
4.980000000001732, -0.6504120395249763 
4.990000000001709, -0.6467704908359928 
5.000000000001686, -0.6418999528869616 
5.0100000000016625, -0.6358763001735481 
5.020000000001639, -0.6290929388036506 
5.030000000001616, -0.622153743110569 
5.0400000000015925, -0.6156391840981872 
5.050000000001569, -0.6099292281293885 
5.060000000001546, -0.6051741294626443 
5.070000000001523, -0.6013608395460854 
5.080000000001499, -0.5983933112203728 
5.090000000001476, -0.5961480053160528 
5.100000000001453, -0.5945023844606454 
5.110000000001429, -0.5933461583864983 
5.120000000001406, -0.5925842003862724 
5.130000000001383, -0.5921363732264677 
5.1400000000013595, -0.5919366152914065 
5.150000000001336, -0.5919320504997242 
5.160000000001313, -0.5920822431853533 
5.17000000000129, -0.5923585793138778 
5.180000000001266, -0.5927437458462015 
5.190000000001243, -0.5932311139842665 
5.20000000000122, -0.5938233620124288 
5.210000000001196, -0.5945290463882691 
5.220000000001173, -0.5953556366647772 
5.23000000000115, -0.5962986511026254 
5.240000000001126, -0.5973294995276118 
5.250000000001103, -0.5983885826357744 
5.26000000000108, -0.5993915873680126 
5.2700000000010565, -0.6002508434704347 
5.280000000001033, -0.6009014223065922 
5.29000000000101, -0.6013157898620117 
5.300000000000987, -0.6015000372431111 
5.310000000000963, -0.6014787060932275 
5.32000000000094, -0.6012793791284319 
5.330000000000917, -0.6009229717587264 
5.340000000000893, -0.600419895266509 
5.35000000000087, -0.5997701915430536 
5.360000000000847, -0.5989662875840286 
5.3700000000008234, -0.5979981043394246 
5.3800000000008, -0.5968602131983403 
5.390000000000777, -0.5955570735858743 
5.4000000000007535, -0.5940904150758533 
5.41000000000073, -0.5923905642618433 
5.420000000000707, -0.5901515280259226 
5.430000000000684, -0.5866622972355935 
5.44000000000066, -0.5810429112172855 
5.450000000000637, -0.5731682292806104 
5.460000000000614, -0.5643252311529621 
5.47000000000059, -0.5563940258900784 
5.480000000000567, -0.5505105424861555 
5.490000000000544, -0.5467492076391206 
5.5000000000005205, -0.5446187969806504 
5.510000000000497, -0.543547201071039 
5.520000000000474, -0.5430884770226225 
5.5300000000004506, -0.5429495931909812 
5.540000000000427, -0.5429548654562343 
5.550000000000404, -0.5430042549620033 
5.560000000000381, -0.5430417855473019 
5.570000000000357, -0.5430350971297033 
5.580000000000334, -0.5429635221261017 
5.590000000000311, -0.5428123216738262 
5.600000000000287, -0.5425716784760115 
5.610000000000264, -0.542239391987615 
5.620000000000241, -0.5418253326400675 
5.6300000000002175, -0.5413540367246668 
5.640000000000194, -0.540861505827594 
5.650000000000171, -0.5403854038609317 
5.660000000000148, -0.5399528295155585 
5.670000000000124, -0.5395720469486004 
5.680000000000101, -0.5392320906897421 
5.690000000000078, -0.5389096463004204 
5.700000000000054, -0.538579169545728 
5.710000000000031, -0.5382213942926725 
5.720000000000008, -0.5378274432811752 
5.729999999999984, -0.5373990886465715 
5.739999999999961, -0.5369478150867145 
5.749999999999938, -0.536495403452663 
5.7599999999999145, -0.5360779246909905 
5.769999999999891, -0.5357545848740016 
5.779999999999868, -0.535623143219624 
5.789999999999845, -0.5358442586654595 
5.799999999999821, -0.5366771208733516 
5.809999999999798, -0.5385256541351473 
5.819999999999775, -0.5419824448239056 
5.829999999999751, -0.5478248799765464 
5.839999999999728, -0.5568576669069008 
5.849999999999705, -0.5694610543887924 
5.8599999999996815, -0.5849045516519485 
5.869999999999658, -0.6010703980237285 
5.879999999999635, -0.6153810882294298 
5.8899999999996115, -0.626313448536109 
5.899999999999588, -0.6338576173156293 
5.909999999999565, -0.6388018294132258 
5.919999999999542, -0.6419860613736434 
5.929999999999518, -0.6440259706451785 
5.939999999999495, -0.6453177459250308 
5.949999999999472, -0.6461064196782587 
5.959999999999448, -0.6465410166270239 
5.969999999999425, -0.6467082551807543 
5.979999999999402, -0.646651097845889 
5.9899999999993785, -0.6463778229170395 
5.999999999999355, -0.6458653910669021 
6.009999999999332, -0.6450606255459461 
6.019999999999309, -0.6438845261608729 
6.029999999999285, -0.6422479027481678 
6.039999999999262, -0.6400857462940832 
6.049999999999239, -0.6374051317745937 
6.059999999999215, -0.6343183244671531 
6.069999999999192, -0.6310265822858795 
6.079999999999169, -0.6277558228196458 
6.089999999999145, -0.6246886577511369 
6.099999999999122, -0.6219333119550574 
6.109999999999099, -0.6195313424710702 
6.1199999999990755, -0.6174824256675187 
6.129999999999052, -0.6157675681916389 
6.139999999999029, -0.6143637555944049 
6.149999999999006, -0.6132506087691115 
6.159999999998982, -0.6124119740497341 
6.169999999998959, -0.6118351436501872 
6.179999999998936, -0.6115095163885947 
6.189999999998912, -0.6114257145693532 
6.199999999998889, -0.6115755969465614 
6.209999999998866, -0.6119531925011321 
6.2199999999988425, -0.6125562577908032 
6.229999999998819, -0.6133878554886952 
6.239999999998796, -0.6144569501936213 
6.2499999999987725, -0.6157764390453095 
6.259999999998749, -0.6173564693653566 
6.269999999998726, -0.6191911632742416 
6.279999999998703, -0.6212395859515732 
6.289999999998679, -0.6234083527445227 
6.299999999998656, -0.6255510100281954 
6.309999999998633, -0.6274974726256113 
6.319999999998609, -0.6291057763800709 
6.329999999998586, -0.6303039241935923 
6.339999999998563, -0.6310946896502976 
6.3499999999985395, -0.6315284507302164 
6.359999999998516, -0.6316690710157136 
6.369999999998493, -0.631570357466974 
6.37999999999847, -0.6312652220719206 
6.389999999998446, -0.6307621734469308 
6.399999999998423, -0.630043614682832 
6.4099999999984, -0.6290622779747315 
6.419999999998376, -0.6277330082689592 
6.429999999998353, -0.6259160119704215 
6.43999999999833, -0.623384182809291 
6.449999999998306, -0.6197637017566892 
6.459999999998283, -0.6144520469479754 
6.46999999999826, -0.6066048573110651 
6.4799999999982365, -0.5954601545569487 
6.489999999998213, -0.5811818047049422 
6.49999999999819, -0.5655103079913072 
6.509999999998167, -0.5510213020515574 
6.519999999998143, -0.5395395036064359 
6.52999999999812, -0.5314694050899146 
6.539999999998097, -0.5262687105395509 
6.549999999998073, -0.5231245278058886 
6.55999999999805, -0.5213225232891094 
6.569999999998027, -0.5203455961563412 
6.5799999999980034, -0.5198532877453269 
6.58999999999798, -0.5196326670858487 
6.599999999997957, -0.5195543073397271 
6.6099999999979335, -0.5195405754688007 
6.61999999999791, -0.5195449401169422 
6.629999999997887, -0.5195394807567989 
6.639999999997864, -0.5195082928238123 
6.64999999999784, -0.519445143002679 
6.659999999997817, -0.5193538009577778 
6.669999999997794, -0.5192488378514698 
6.67999999999777, -0.5191540589613128 
6.689999999997747, -0.5190965089865515 
6.699999999997724, -0.519096689871046 
6.7099999999977005, -0.5191586991545882 
6.719999999997677, -0.519265188696112 
6.729999999997654, -0.5193805088161405 
6.7399999999976306, -0.5194614771810317 
6.749999999997607, -0.5194705576424508 
6.759999999997584, -0.5193846107006639 
6.769999999997561, -0.5191959644907346 
6.779999999997537, -0.518907943713345 
6.789999999997514, -0.518529301880301 
6.799999999997491, -0.5180707910911124 
6.809999999997467, -0.5175451229873315 
6.819999999997444, -0.5169706804368308 
6.829999999997421, -0.5163794897190839 
6.8399999999973975, -0.5158300974902914 
6.849999999997374, -0.5154240391862805 
6.859999999997351, -0.5153158285392963 
6.869999999997328, -0.5156821700477169 
6.879999999997304, -0.5165748896247849 
6.889999999997281, -0.5175890423861041 
6.899999999997258, -0.5175469858643236 
6.909999999997234, -0.5149289034059352 
6.919999999997211, -0.5093282055999492 
6.929999999997188, -0.5022057253595331 
6.939999999997164, -0.49561105428896185 
6.949999999997141, -0.49068062342213653 
6.959999999997118, -0.4874920552866634 
6.9699999999970945, -0.4856338664794809 
6.979999999997071, -0.4846432095428036 
6.989999999997048, -0.4841660675094067 
6.999999999997025, -0.48397021118278766 
7.009999999997001, -0.48391444839139625 
7.019999999996978, -0.48391615055182574 
7.029999999996955, -0.483927535898886 
7.039999999996931, -0.4839206780491326 
7.049999999996908, -0.48387912079544976 
7.059999999996885, -0.48379430514198907 
7.0699999999968615, -0.48366549191682395 
7.079999999996838, -0.48350166562315666 
7.089999999996815, -0.48332302133927535 
7.0999999999967915, -0.4831590713856969 
7.109999999996768, -0.4830416591085657 
7.119999999996745, -0.48299430328299425 
7.129999999996722, -0.48302214731942705 
7.139999999996698, -0.4831073152961512 
7.149999999996675, -0.4832125998673164 
7.159999999996652, -0.4832926600230426 
7.169999999996628, -0.4833075074239065 
7.179999999996605, -0.4832314701473878 
7.189999999996582, -0.4830543238746716 
7.1999999999965585, -0.4827766234595182 
7.209999999996535, -0.48240356992693734 
7.219999999996512, -0.48194048010989715 
7.229999999996489, -0.48139075942224235 
7.239999999996465, -0.480755990293663 
7.249999999996442, -0.48003713128350317 
7.259999999996419, -0.4792344564143062 
7.269999999996395, -0.47833911977033017 
7.279999999996372, -0.477296542925019 
7.289999999996349, -0.47589879997460915 
7.299999999996325, -0.4735592295623454 
7.309999999996302, -0.4690720362189806 
7.319999999996279, -0.4609022443600132 
7.3299999999962555, -0.4485774843725207 
7.339999999996232, -0.4339563809998318 
7.349999999996209, -0.4201365811709775 
7.359999999996186, -0.40918362373637873 
7.369999999996162, -0.4014594341082969 
7.379999999996139, -0.39637462165802645 
7.389999999996116, -0.3931524811726176 
7.399999999996092, -0.39115606596822 
7.409999999996069, -0.38994223271565415 
7.419999999996046, -0.38922405537884885 
7.4299999999960225, -0.3888219981428731 
7.439999999995999, -0.3886260812186736 
7.449999999995976, -0.38857078795442723 
7.4599999999959525, -0.38861969938781704 
7.469999999995929, -0.388756804850385 
7.479999999995906, -0.38898224901805845 
7.489999999995883, -0.38931080519497396 
7.499999999995859, -0.38977136621700376 
7.509999999995836, -0.3904053275993002 
7.519999999995813, -0.39126123085428655 
7.529999999995789, -0.3923828862395345 
7.539999999995766, -0.3937892799422861 
7.549999999995743, -0.3954490385749479 
7.5599999999957195, -0.39726186329224655 
7.569999999995696, -0.3990675644190035 
7.579999999995673, -0.4006921416709058 
7.58999999999565, -0.40200713701968666 
7.599999999995626, -0.40296107613108456 
7.609999999995603, -0.4035681057811467 
7.61999999999558, -0.40387437025322354 
7.629999999995556, -0.403927526217194 
7.639999999995533, -0.40375865959689905 
7.64999999999551, -0.40337326109937666 
7.659999999995486, -0.4027449715295912 
7.669999999995463, -0.40180773083208343 
7.67999999999544, -0.40044570995540213 
7.6899999999954165, -0.3984873508320444 
7.699999999995393, -0.39572273790269435 
7.70999999999537, -0.3919758553496015 
7.719999999995347, -0.3872416335627626 
7.729999999995323, -0.38180761912686356 
7.7399999999953, -0.3762096432386111 
7.749999999995277, -0.3710015268225842 
7.759999999995253, -0.3665347087120237 
7.76999999999523, -0.3629095182159547 
7.779999999995207, -0.36005767289644186 
7.789999999995183, -0.35784323997744016 
7.79999999999516, -0.3561268651602975 
7.809999999995137, -0.35479341898209865 
7.8199999999951135, -0.35375882968319916 
7.82999999999509, -0.35296847411612714 
7.839999999995067, -0.3523937664701666 
7.849999999995044, -0.3520300135890864 
7.85999999999502, -0.35189699934801905 
7.869999999994997, -0.3520433317755275 
7.879999999994974, -0.3525558317681483 
7.88999999999495, -0.3535758366102014 
7.899999999994927, -0.35532472227637407 
7.909999999994904, -0.3581396652058141 
7.9199999999948805, -0.3625130196376226 
7.929999999994857, -0.3691033829991503 
7.939999999994834, -0.378627401662026 
7.9499999999948106, -0.3914716716414986 
7.959999999994787, -0.4069835827944658 
7.969999999994764, -0.4230283297485384 
7.979999999994741, -0.4368668004106242 
7.989999999994717, -0.4469247307596601 
7.999999999994694, -0.45338586961299593 
8.00999999999467, -0.45729209614983085 
8.019999999994647, -0.4596306337967956 
8.029999999994624, -0.46105057151320017 
8.0399999999946, -0.461921617531576 
8.049999999994577, -0.4624452981571353 
8.059999999994554, -0.4627310790602806 
8.06999999999453, -0.46283762250781024 
8.079999999994508, -0.462793608436838 
8.089999999994484, -0.4626085783314159 
8.099999999994461, -0.462279967967086 
8.109999999994438, -0.46180018908894915 
8.119999999994414, -0.4611659838920426 
8.129999999994391, -0.46038954832564344 
8.139999999994368, -0.45950678441767423 
8.149999999994344, -0.4585757921898628 
8.159999999994321, -0.4576630964744107 
8.169999999994298, -0.4568242138777677 
8.179999999994275, -0.4560894417745775 
8.189999999994251, -0.45546087185662376 
8.199999999994228, -0.4549191219632524 
8.209999999994205, -0.45443461545187286 
8.219999999994181, -0.45397834815444843 
8.229999999994158, -0.4535289268574889 
8.239999999994135, -0.45307524215570005 
8.249999999994111, -0.4526163724082964 
8.259999999994088, -0.4521611758934812 
8.269999999994065, -0.4517296946603784 
8.279999999994041, -0.4513579707374163 
8.289999999994018, -0.4511078726286878 
8.299999999993995, -0.45108405934192797 
8.309999999993972, -0.4514605372453933 
8.319999999993948, -0.4525170722945092 
8.329999999993925, -0.4546744464694127 
8.339999999993902, -0.4584827163363478 
8.349999999993878, -0.46444529677932034 
8.359999999993855, -0.4725206164459571 
8.369999999993832, -0.4814408909328626 
8.379999999993808, -0.48881194853745996 
8.389999999993785, -0.4927989327748913 
8.399999999993762, -0.49365235554991954 
8.409999999993738, -0.49295753875024156 
8.419999999993715, -0.49203536920472957 
8.429999999993692, -0.49142178246374024 
8.439999999993669, -0.49115983118578227 
8.449999999993645, -0.4911334133965326 
8.459999999993622, -0.4912231585652839 
8.469999999993599, -0.4913462741535537 
8.479999999993575, -0.4914534751041907 
8.489999999993552, -0.49151706821496177 
8.499999999993529, -0.4915208575291768 
8.509999999993505, -0.49145385728091695 
8.519999999993482, -0.4913076379242054 
8.529999999993459, -0.4910769733021441 
8.539999999993436, -0.49076329516904715 
8.549999999993412, -0.4903793953927512 
8.559999999993389, -0.48995211775023817 
8.569999999993366, -0.4895193506041179 
8.579999999993342, -0.4891204229516644 
8.589999999993319, -0.48878367246243276 
8.599999999993296, -0.48851727184594207 
8.609999999993272, -0.4883075419698503 
8.619999999993249, -0.48812511158334376 
8.629999999993226, -0.48793574408609397 
8.639999999993202, -0.48771070090864194 
8.64999999999318, -0.4874324395502703 
8.659999999993156, -0.48709491156554696 
8.669999999993133, -0.48670088887912016 
8.67999999999311, -0.48625948388964824 
8.689999999993086, -0.48578603515367186 
8.699999999993063, -0.4853055518231623 
8.70999999999304, -0.4848607558403165 
8.719999999993016, -0.48452612323253996 
8.729999999992993, -0.4844289880533072 
8.73999999999297, -0.4847746362243557 
8.749999999992946, -0.48585683849135497 
8.759999999992923, -0.4879961325003824 
8.7699999999929, -0.4912933055802856 
8.779999999992876, -0.4951444552950792 
8.789999999992853, -0.4979334610365953 
8.79999999999283, -0.4978667103828217 
8.809999999992806, -0.49470919344710024 
8.819999999992783, -0.4900706509359689 
8.82999999999276, -0.4857723355177953 
8.839999999992736, -0.48266239203998157 
8.849999999992713, -0.4807436536803351 
8.85999999999269, -0.4796961122217507 
8.869999999992666, -0.47919209012933794 
8.879999999992643, -0.47899233489714976 
8.88999999999262, -0.47894480717288246 
8.899999999992596, -0.4789592874561264 
8.909999999992573, -0.4789838031950193 
8.91999999999255, -0.4789883048647905 
8.929999999992527, -0.4789549184994084 
8.939999999992503, -0.4788732198221016 
8.94999999999248, -0.4787393245678973 
8.959999999992457, -0.47855764699664727 
8.969999999992433, -0.47834344816332675 
8.97999999999241, -0.4781232685415679 
8.989999999992387, -0.47793053567991794 
8.999999999992363, -0.47779614593429837 
9.00999999999234, -0.477737300285788 
9.019999999992317, -0.4777495938150336 
9.029999999992294, -0.47780635290162543 
9.03999999999227, -0.47786626271741595 
9.049999999992247, -0.47788620070003696 
9.059999999992224, -0.47783295130355097 
9.0699999999922, -0.47768840736173024 
9.079999999992177, -0.4774476764766913 
9.089999999992154, -0.47711357554758116 
9.09999999999213, -0.47669136014003344 
9.109999999992107, -0.4761856239628254 
9.119999999992084, -0.47559956820031574 
9.12999999999206, -0.4749360071660507 
9.139999999992037, -0.4741986905967213 
9.149999999992014, -0.47338984288398295 
9.15999999999199, -0.47249158753042997 
9.169999999991967, -0.47140007438425097 
9.179999999991944, -0.46975824780176045 
9.18999999999192, -0.4666799228435961 
9.199999999991897, -0.46066534696742056 
9.209999999991874, -0.45044497247842363 
9.21999999999185, -0.43665530061711244 
9.229999999991827, -0.4220848980379032 
9.239999999991804, -0.4095612128955183 
9.24999999999178, -0.40026336387308925 
9.259999999991757, -0.39395780441671957 
9.269999999991734, -0.3898932411333952 
9.27999999999171, -0.38734526285471305 
9.289999999991688, -0.38577724492324744 
9.299999999991664, -0.3848319363682215 
9.309999999991641, -0.3842827712583552 
9.319999999991618, -0.383989647656214 
9.329999999991594, -0.3838678617426069 
9.339999999991571, -0.38386843858164316 
9.349999999991548, -0.3839665554453203 
9.359999999991524, -0.38415540752905997 
9.369999999991501, -0.38444360513424664 
9.379999999991478, -0.38485446048866 
9.389999999991455, -0.38542527849370717 
9.399999999991431, -0.3862042221137637 
9.409999999991408, -0.38724183993972916 
9.419999999991385, -0.3885745077188802 
9.429999999991361, -0.3901994638972041 
9.439999999991338, -0.39204873010313274 
9.449999999991315, -0.3939809414921735 
9.459999999991291, -0.39581133813383507 
9.469999999991268, -0.3973736273205949 
9.479999999991245, -0.3985730657071179 
9.489999999991221, -0.39939567788960617 
9.499999999991198, -0.3998797869365353 
9.509999999991175, -0.4000794659684471 
9.519999999991152, -0.40003911973050277 
9.529999999991128, -0.39978065505176363 
9.539999999991105, -0.3992970098780336 
9.549999999991082, -0.39854624300973207 
9.559999999991058, -0.3974436262849976 
9.569999999991035, -0.3958542975736391 
9.579999999991012, -0.39359835787175246 
9.589999999990988, -0.3904930158308759 
9.599999999990965, -0.3864541906551374 
9.609999999990942, -0.3816255390282948 
9.619999999990918, -0.3764152072342991 
9.629999999990895, -0.3713496908873218 
9.639999999990872, -0.3668472142717608 
9.649999999990849, -0.36309945761224716 
9.659999999990825, -0.3601039377094871 
9.669999999990802, -0.35775662696522986 
9.679999999990779, -0.35592718702413545 
9.689999999990755, -0.3544982603317683 
9.699999999990732, -0.35337934912658797 
9.709999999990709, -0.352508396822787 
9.719999999990685, -0.3518493128704243 
9.729999999990662, -0.35138959642695267 
9.739999999990639, -0.3511400649160521 
9.749999999990616, -0.3511378989594095 
9.759999999990592, -0.3514542448107492 
9.769999999990569, -0.3522081499170354 
9.779999999990546, -0.3535892931379716 
9.789999999990522, -0.3558918208739295 
9.799999999990499, -0.35955742322782464 
9.809999999990476, -0.36520874938966463 
9.819999999990452, -0.37360689796653096 
9.829999999990429, -0.3853831657919446 
9.839999999990406, -0.400392214279096 
9.849999999990382, -0.4169796904922697 
9.85999999999036, -0.43227779701689883 
9.869999999990336, -0.44398331993928597 
9.879999999990313, -0.4516939807614208 
9.88999999999029, -0.4563598712551598 
9.899999999990266, -0.45912325361696354 
9.909999999990243, -0.4607875761547814 
9.91999999999022, -0.4618139109993759 
9.929999999990196, -0.46244920238304194 
9.939999999990173, -0.4628251867779949 
9.94999999999015, -0.4630127890960665 
9.959999999990126, -0.4630489252107359 
9.969999999990103, -0.4629496314916931 
9.97999999999008, -0.4627174047575709 
9.989999999990056, -0.46234721707501747 
9.999999999990033, -0.4618339315052341 
10.00999999999001, -0.4611819465931634 
10.019999999989986, -0.4604146210154383 
10.029999999989963, -0.45957766527002 
10.03999999998994, -0.4587315074236257 
10.049999999989916, -0.45793460935159835 
10.059999999989893, -0.45722675918575406 
10.06999999998987, -0.4566208487993661 
10.079999999989846, -0.456105147067975 
10.089999999989823, -0.45565265121218507 
10.0999999999898, -0.45523243249566525 
10.109999999989776, -0.4548186664081042 
10.119999999989753, -0.45439521184622145 
10.12999999998973, -0.4539562898112067 
10.139999999989707, -0.4535055442196585 
10.149999999989683, -0.45305592286360524 
10.15999999998966, -0.4526321866975428 
10.169999999989637, -0.45227747986569494 
10.179999999989613, -0.4520656369553834 
10.18999999998959, -0.4521213732228192 
10.199999999989567, -0.4526497310776897 
10.209999999989543, -0.4539698863435035 
10.21999999998952, -0.45652608179754867 
10.229999999989497, -0.4607939688487037 
10.239999999989474, -0.46693287410472734 
10.24999999998945, -0.47415018659479014 
10.259999999989427, -0.48040029090541464 
10.269999999989404, -0.48354733047248966 
10.27999999998938, -0.48329019560990644 
10.289999999989357, -0.4811827344897529 
10.299999999989334, -0.47889846605468345 
10.30999999998931, -0.4772246525271832 
10.319999999989287, -0.476242477778683 
10.329999999989264, -0.47576774726119525 
10.33999999998924, -0.47559696165893095 
10.349999999989217, -0.47558099772946755 
10.359999999989194, -0.47562628689664266 
10.36999999998917, -0.4756782078583665 
10.379999999989147, -0.47570550323168864 
10.389999999989124, -0.47568969586575277 
10.3999999999891, -0.4756192363655557 
10.409999999989077, -0.47548752751535517 
10.419999999989054, -0.4752940734919077 
10.42999999998903, -0.47504758198801633 
10.439999999989007, -0.47476868007341305 
10.449999999988984, -0.4744889999652172 
10.45999999998896, -0.47424453958420465 
10.469999999988937, -0.47406468193701423 
10.479999999988914, -0.4739614879199922 
10.48999999998889, -0.47392425804178384 
10.499999999988868, -0.47392212178254517 
10.509999999988844, -0.4739139056375136 
10.519999999988821, -0.47386079055440006 
10.529999999988798, -0.47373564266222756 
10.539999999988774, -0.4735254890928446 
10.549999999988751, -0.4732283151983796 
10.559999999988728, -0.472847929668455 
10.569999999988704, -0.4723899774622174 
10.579999999988681, -0.47186034135978827 
10.589999999988658, -0.471265940695982 
10.599999999988635, -0.4706173717295764 
10.609999999988611, -0.46993174558365897 
10.619999999988588, -0.46922998062095755 
10.629999999988565, -0.46851086564730116 
10.639999999988541, -0.467659283821466 
10.649999999988518, -0.4662265716282804 
10.659999999988495, -0.46312643468295783 
10.669999999988471, -0.45672297841096315 
10.679999999988448, -0.446064322339386 
10.689999999988425, -0.43247390934114394 
10.699999999988401, -0.41897726399683516 
10.709999999988378, -0.4079522083161577 
10.719999999988355, -0.4000541594326221 
10.729999999988332, -0.3948231026664267 
10.739999999988308, -0.39150680455225834 
10.749999999988285, -0.38945708513428906 
10.759999999988262, -0.38821507638982977 
10.769999999988238, -0.38748205062056285 
10.779999999988215, -0.3870710173095556 
10.789999999988192, -0.3868675593183198 
10.799999999988168, -0.38680347703338114 
10.809999999988145, -0.3868405398727487 
10.819999999988122, -0.3869612308910567 
10.829999999988098, -0.3871641498334276 
10.839999999988075, -0.38746232094709215 
10.849999999988052, -0.387882712384224 
10.859999999988029, -0.3884649013598099 
10.869999999988005, -0.38925634341620113 
10.879999999987982, -0.3903015593316548 
10.889999999987959, -0.39162346283215405 
10.899999999987935, -0.39319886107099383 
10.909999999987912, -0.39493885923458405 
10.919999999987889, -0.3966935963381139 
10.929999999987865, -0.3982929315133302 
10.939999999987842, -0.39960421366955656 
10.949999999987819, -0.4005674874861961 
10.959999999987796, -0.40118920331196034 
10.969999999987772, -0.4015110539191967 
10.979999999987749, -0.4015792955837866 
10.989999999987726, -0.40142559212469386 
10.999999999987702, -0.40105719410549306 
11.009999999987679, -0.40045039089494605 
11.019999999987656, -0.39954264058349603 
11.029999999987632, -0.39822225185754784 
11.039999999987609, -0.3963209840477609 
11.049999999987586, -0.3936274469267601 
11.059999999987562, -0.3899530360311233 
11.06999999998754, -0.38526637698780053 
11.079999999987516, -0.37982654802008475 
11.089999999987493, -0.3741608795550023 
11.09999999998747, -0.3688425738810996 
11.109999999987446, -0.3642540088735914 
11.119999999987423, -0.3605186625868105 
11.1299999999874, -0.3575779290206739 
11.139999999987376, -0.3552961360543974 
11.149999999987353, -0.3535300743468084 
11.15999999998733, -0.3521598598408419 
11.169999999987306, -0.35109708971440545 
11.179999999987283, -0.35028353654751115 
11.18999999998726, -0.34968760654276465 
11.199999999987236, -0.3493019044427551 
11.209999999987213, -0.34914346518823175 
11.21999999998719, -0.3492576981773459 
11.229999999987166, -0.3497272984552134 
11.239999999987143, -0.35068797898540127 
11.24999999998712, -0.3523534003785481 
11.259999999987096, -0.3550507161065656 
11.269999999987073, -0.3592614119239824 
11.27999999998705, -0.3656387587548684 
11.289999999987026, -0.37491618426248374 
11.299999999987003, -0.3875450112348319 
11.30999999998698, -0.4029878343290879 
11.319999999986956, -0.41919381630480335 
11.329999999986933, -0.4333610153550757 
11.33999999998691, -0.44375089965242676 
11.349999999986887, -0.4504442876510358 
11.359999999986863, -0.45448279689711385 
11.36999999998684, -0.4568917249249796 
11.379999999986817, -0.45835132382720695 
11.389999999986793, -0.4592482300931717 
11.39999999998677, -0.4597918830338662 
11.409999999986747, -0.46009547998130235 
11.419999999986723, -0.46021979204306473 
11.4299999999867, -0.4601951005038186 
11.439999999986677, -0.46003244587709685 
11.449999999986654, -0.45973067326789974 
11.45999999998663, -0.45928321453274634 
11.469999999986607, -0.45868690105668614 
11.479999999986584, -0.4579525883476504 
11.48999999998656, -0.4571134810457814 
11.499999999986537, -0.45622458615106876 
11.509999999986514, -0.455350301199239 
11.51999999998649, -0.45454572188531994 
11.529999999986467, -0.45384207082555134 
11.539999999986444, -0.4532427074240307 
11.54999999998642, -0.4527289625764809 
11.559999999986397, -0.45227105860944655 
11.569999999986374, -0.4518390558135887 
11.57999999998635, -0.4514103071615331 
11.589999999986327, -0.4509724163751624 
11.599999999986304, -0.45052310119453126 
11.60999999998628, -0.45006943310506464 
11.619999999986257, -0.44962865414593417 
11.629999999986234, -0.4492321740704318 
11.63999999998621, -0.44893423136805977 
11.649999999986187, -0.4488271280598582 
11.659999999986164, -0.4490652150959661 
11.66999999998614, -0.4498976867748306 
11.679999999986117, -0.45169948803716675 
11.689999999986094, -0.4549564358424168 
11.69999999998607, -0.4600926020073725 
11.709999999986048, -0.4669897693034792 
11.719999999986024, -0.4743427958728745 
11.729999999986001, -0.47981042782537253 
11.739999999985978, -0.48174612640053444 
11.749999999985954, -0.4806858526633497 
11.759999999985931, -0.4784422693256089 
11.769999999985908, -0.4763990169174865 
11.779999999985884, -0.47503108083737977 
11.789999999985861, -0.4742832694149327 
11.799999999985838, -0.4739529057090276 
11.809999999985815, -0.47385805677420195 
11.819999999985791, -0.4738745219192976 
11.829999999985768, -0.4739268893901227 
11.839999999985745, -0.47397167922815775 
11.849999999985721, -0.473983832669458 
11.859999999985698, -0.47394819963752666 
11.869999999985675, -0.47385536166791226 
11.879999999985651, -0.4737010036321327 
11.889999999985628, -0.473488018240522 
11.899999999985605, -0.4732297774621044 
11.909999999985581, -0.4729517576728832 
11.919999999985558, -0.47268842879724193 
11.929999999985535, -0.47247451373739385 
11.939999999985512, -0.4723334827660384 
11.949999999985488, -0.47226840540518156 
11.959999999985465, -0.4722594986596692 
11.969999999985442, -0.47226989434307287 
11.979999999985418, -0.4722573851248474 
11.989999999985395, -0.4721865665856139 
11.999999999985372, -0.4720356988118229 
12.009999999985348, -0.4717965588111511 
12.019999999985325, -0.4714699034510346 
12.029999999985302, -0.471060369672543 
12.039999999985278, -0.4705731803218198 
12.049999999985255, -0.47001325662568344 
12.059999999985232, -0.4693863885424894 
12.069999999985209, -0.4687014620624968 
12.079999999985185, -0.46797073349775065 
12.089999999985162, -0.46719849822295145 
12.099999999985139, -0.46633174189710785 
12.109999999985115, -0.4651196370149752 
12.119999999985092, -0.4628419544679326 
12.129999999985069, -0.4580980369295541 
12.139999999985045, -0.4493527707479316 
12.149999999985022, -0.43658721892234276 
12.159999999984999, -0.42217781547824085 
12.169999999984976, -0.40918185937715557 
12.179999999984952, -0.39923515580223223 
12.189999999984929, -0.3923742031877387 
12.199999999984906, -0.38791376736074024 
12.209999999984882, -0.3851057673055349 
12.219999999984859, -0.38337251472603373 
12.229999999984836, -0.3823228398490578 
12.239999999984812, -0.3817069230174538 
12.249999999984789, -0.38136977161363533 
12.259999999984766, -0.3812173073940861 
12.269999999984742, -0.3811945292282929 
12.27999999998472, -0.38127247161399824 
12.289999999984696, -0.38144111497463484 
12.299999999984673, -0.3817062022599218 
12.30999999998465, -0.38208830489870793 
12.319999999984626, -0.38262233907007115 
12.329999999984603, -0.3833552257511571 
12.33999999998458, -0.38433884269470997 
12.349999999984556, -0.385615322995708 
12.359999999984533, -0.38719342729328676 
12.36999999998451, -0.3890210438308939 
12.379999999984486, -0.3909706323947464 
12.389999999984463, -0.39286013166718925 
12.39999999998444, -0.3945112820544683 
12.409999999984416, -0.39580967507318315 
12.419999999984393, -0.39672492355963324 
12.42999999998437, -0.3972877408728374 
12.439999999984346, -0.397552288081215 
12.449999999984323, -0.39756736365218315 
12.4599999999843, -0.39736117654278014 
12.469999999984276, -0.3969341488772832 
12.479999999984253, -0.3962534439524848 
12.48999999998423, -0.3952458833753799 
12.499999999984206, -0.3937905498758204 
12.509999999984183, -0.3917204910711992 
12.51999999998416, -0.38885502858156806 
12.529999999984136, -0.3850869292364066 
12.539999999984113, -0.3805076932747412 
12.54999999998409, -0.375469172898253 
12.559999999984067, -0.3704751569827169 
12.569999999984043, -0.3659636149670983 
12.57999999998402, -0.36216388241467284 
12.589999999983997, -0.35910420694051565 
12.599999999983973, -0.3566968465974782 
12.60999999998395, -0.35481673775927214 
12.619999999983927, -0.3533459992092321 
12.629999999983903, -0.35219130976646285 
12.63999999998388, -0.3512871919356064 
12.649999999983857, -0.35059411489402803 
12.659999999983834, -0.3500960981008754 
12.66999999998381, -0.3498001069970552 
12.679999999983787, -0.34973856424983274 
12.689999999983764, -0.3499762212136167 
12.69999999998374, -0.35062312134091744 
12.709999999983717, -0.3518561320775557 
12.719999999983694, -0.35395171650891155 
12.72999999998367, -0.35732957232070783 
12.739999999983647, -0.36259266164548637 
12.749999999983624, -0.3705069390417669 
12.7599999999836, -0.38178027245070567 
12.769999999983577, -0.39645981538691033 
12.779999999983554, -0.41312396780943617 
12.78999999998353, -0.42892779760097827 
12.799999999983507, -0.44128741112154757 
12.809999999983484, -0.44951118260138256 
12.81999999998346, -0.4544785118673668 
12.829999999983437, -0.45739706507624545 
12.839999999983414, -0.45914324644388654 
12.84999999998339, -0.4602200854342377 
12.859999999983367, -0.4608932986315111 
12.869999999983344, -0.4613024085439509 
12.87999999998332, -0.4615220007112623 
12.889999999983297, -0.4615914230068814 
12.899999999983274, -0.46152891702432164 
12.90999999998325, -0.4613390932016988 
12.919999999983228, -0.4610185419944798 
12.929999999983204, -0.4605624207001452 
12.939999999983181, -0.4599731791329237 
12.949999999983158, -0.45926977007512254 
12.959999999983134, -0.458492333463841 
12.969999999983111, -0.45769704845051146 
12.979999999983088, -0.4569414195206362 
12.989999999983064, -0.45626753622586536 
12.999999999983041, -0.4556920805373804 
13.009999999983018, -0.4552065002722963 
13.019999999982995, -0.45478506949375647 
13.029999999982971, -0.4543961134926806 
13.039999999982948, -0.45401178655892266 
13.049999999982925, -0.4536135721282875 
13.059999999982901, -0.4531934318387302 
13.069999999982878, -0.452752683713476 
13.079999999982855, -0.4523011739656314 
13.089999999982831, -0.45185868718160493 
13.099999999982808, -0.45145997820310946 
13.109999999982785, -0.4511648563545484 
13.119999999982761, -0.4510751309988844 
13.129999999982738, -0.45135967455825526 
13.139999999982715, -0.45228375685419603 
13.149999999982692, -0.4542200103047727 
13.159999999982668, -0.45757078719008526 
13.169999999982645, -0.46246572331994074 
13.179999999982622, -0.46817745713349723 
13.189999999982598, -0.47278094099529006 
13.199999999982575, -0.47418824705246215 
13.209999999982552, -0.47211983057702495 
13.219999999982528, -0.4682881715172612 
13.229999999982505, -0.46457362824842274 
13.239999999982482, -0.46184768195392045 
13.249999999982458, -0.4601517110473285 
13.259999999982435, -0.4592162481291323 
13.269999999982412, -0.4587581904596035 
13.279999999982389, -0.4585695959561608 
13.289999999982365, -0.4585176756520527 
13.299999999982342, -0.45852311528911577 
13.309999999982319, -0.45853988850100186 
13.319999999982295, -0.45854135609899443 
13.329999999982272, -0.4585121279560411 
13.339999999982249, -0.4584443816698623 
13.349999999982225, -0.458337532334301 
13.359999999982202, -0.45820000623993407 
13.369999999982179, -0.4580510837789268 
13.379999999982156, -0.45792002136188215 
13.389999999982132, -0.45784032607421843 
13.399999999982109, -0.45783966211759963 
13.409999999982086, -0.4579288366929912 
13.419999999982062, -0.45809461901741216 
13.429999999982039, -0.4583003749020218 
13.439999999982016, -0.45849567744475195 
13.449999999981992, -0.4586311990740886 
13.459999999981969, -0.4586712976456462 
13.469999999981946, -0.45859831370304754 
13.479999999981922, -0.4584086817562437 
13.4899999999819, -0.4581053409147809 
13.499999999981876, -0.4576905949335148 
13.509999999981853, -0.4571608539762309 
13.51999999998183, -0.456502397774584 
13.529999999981806, -0.4556858272504569 
13.539999999981783, -0.4546548708040342 
13.54999999998176, -0.45330054118849034 
13.559999999981736, -0.45140231582569806 
13.569999999981713, -0.44850915151725046 
13.57999999998169, -0.44376518852027613 
13.589999999981666, -0.4358700634181173 
13.599999999981643, -0.4236875804959596 
13.60999999998162, -0.4076463441146661 
13.619999999981596, -0.3903436142964606 
13.629999999981573, -0.3748842341826498 
13.63999999998155, -0.3629057768272417 
13.649999999981526, -0.35441757275277663 
13.659999999981503, -0.34868024058387487 
13.66999999998148, -0.34488267931451333 
13.679999999981456, -0.34238960621791625 
13.689999999981433, -0.340763095675159 
13.69999999998141, -0.33971781727130856 
13.709999999981386, -0.3390732317485702 
13.719999999981363, -0.3387182258918402 
13.72999999998134, -0.33858817359315807 
13.739999999981316, -0.33865128297282937 
13.749999999981293, -0.3389014430888154 
13.75999999998127, -0.33935566447431237 
13.769999999981247, -0.3400547745104325 
13.779999999981223, -0.3410659880856166 
13.7899999999812, -0.34248501216060656 
13.799999999981177, -0.344432899773906 
13.809999999981153, -0.347038451729076 
13.81999999998113, -0.3503925576603372 
13.829999999981107, -0.35446704927151035 
13.839999999981083, -0.35902722114316343 
13.84999999998106, -0.36362591288249074 
13.859999999981037, -0.3677531572838409 
13.869999999981014, -0.3710589728921159 
13.87999999998099, -0.3734589043588025 
13.889999999980967, -0.37506637456805547 
13.899999999980944, -0.37606482954945536 
13.90999999998092, -0.37662145122526736 
13.919999999980897, -0.37685648837238417 
13.929999999980874, -0.37684269885995614 
13.93999999998085, -0.3766134895485822 
13.949999999980827, -0.37617078164881146 
13.959999999980804, -0.37549166698988656 
13.96999999998078, -0.37453720789806605 
13.979999999980757, -0.37326877964123323 
13.989999999980734, -0.37167505611090795 
13.99999999998071, -0.3698021302116229 
14.009999999980687, -0.3677649999278543 
14.019999999980664, -0.36572140652037605 
14.02999999998064, -0.36381906038007733 
14.039999999980617, -0.36215233384998996 
14.049999999980594, -0.36075163337823224 
14.05999999998057, -0.35959887193002515 
14.069999999980547, -0.3586507121462959 
14.079999999980524, -0.35785774263443243 
14.0899999999805, -0.3571763907429921 
14.099999999980477, -0.3565745484445156 
14.109999999980454, -0.3560331139888429 
14.11999999998043, -0.35554583721480426 
14.129999999980408, -0.3551195815756653 
14.139999999980384, -0.35477668908971327 
14.149999999980361, -0.3545609339804764 
14.159999999980338, -0.3545487258427825 
14.169999999980314, -0.35486735423308535 
14.179999999980291, -0.3557203661544971 
14.189999999980268, -0.35741100496928013 
14.199999999980244, -0.360323671724952 
14.209999999980221, -0.3647501865142884 
14.219999999980198, -0.3703762184837557 
14.229999999980175, -0.3755159175734764 
14.239999999980151, -0.3772548451348722 
14.249999999980128, -0.3738043891377733 
14.259999999980105, -0.3666323594896962 
14.269999999980081, -0.3588608275512036 
14.279999999980058, -0.3525333660142712 
14.289999999980035, -0.3481036277999304 
14.299999999980011, -0.3452391810184145 
14.309999999979988, -0.34346303883048407 
14.319999999979965, -0.3423900364545793 
14.329999999979941, -0.3417587482074538 
14.339999999979918, -0.34140439956294294 
14.349999999979895, -0.3412272227554733 
14.359999999979872, -0.3411692280984332 
14.369999999979848, -0.3411996520028922 
14.379999999979825, -0.34130686613432903 
14.389999999979802, -0.34149470697491746 
14.399999999979778, -0.34178159723915236 
14.409999999979755, -0.34220085371000464 
14.419999999979732, -0.3428001927042327 
14.429999999979708, -0.3436378578586886 
14.439999999979685, -0.3447722186308896 
14.449999999979662, -0.34624172781864015 
14.459999999979638, -0.3480352766366932 
14.469999999979615, -0.35006335930780563 
14.479999999979592, -0.3521548531820641 
14.489999999979569, -0.35410089423221297 
14.499999999979545, -0.3557291570895224 
14.509999999979522, -0.3569560101666328 
14.519999999979499, -0.35778443872272303 
14.529999999979475, -0.3582659624248831 
14.539999999979452, -0.35846143309610284 
14.549999999979429, -0.3584172663656283 
14.559999999979405, -0.3581551267252757 
14.569999999979382, -0.3576677920537038 
14.579999999979359, -0.3569163025916341 
14.589999999979335, -0.355828013715535 
14.599999999979312, -0.35430095749833873 
14.609999999979289, -0.3522266017812157 
14.619999999979266, -0.34954342539643857 
14.629999999979242, -0.3463109624974972 
14.639999999979219, -0.3427490766474705 
14.649999999979196, -0.3391814431969314 
14.659999999979172, -0.3359070413502012 
14.669999999979149, -0.33310128601919087 
14.679999999979126, -0.33080482489286467 
14.689999999979102, -0.3289699458451238 
14.69999999997908, -0.32751285133141406 
14.709999999979056, -0.3263479067931958 
14.719999999979033, -0.3254038699557797 
14.72999999997901, -0.3246291057088537 
14.739999999978986, -0.32399177041796956 
14.749999999978963, -0.3234787729436289 
14.75999999997894, -0.32309586232795523 
14.769999999978916, -0.322870509365861 
14.779999999978893, -0.32285922790924243 
14.78999999997887, -0.32316154654194174 
14.799999999978846, -0.32394370954167573 
14.809999999978823, -0.32547510922367 
14.8199999999788, -0.32817481577521435 
14.829999999978776, -0.33264044260503556 
14.839999999978753, -0.33955774557459695 
14.84999999997873, -0.3492622202535639 
14.859999999978706, -0.36079345928381545 
14.869999999978683, -0.3712412900430502 
14.87999999997866, -0.3773075168274237 
14.889999999978636, -0.3783172765764703 
14.899999999978613, -0.3763619248681437 
14.90999999997859, -0.37375128790700834 
14.919999999978566, -0.37161826894075534 
14.929999999978543, -0.370182948269009 
14.93999999997852, -0.36931312676658223 
14.949999999978496, -0.36882296838591444 
14.959999999978473, -0.36856582270546717 
14.96999999997845, -0.36844415313725365 
14.979999999978427, -0.3683979851577432 
14.989999999978403, -0.3683924266594481 
14.99999999997838, -0.36840898966976554 
15.009999999978357, -0.36844083955661094 
15.019999999978333, -0.36849113036024495 
15.02999999997831, -0.36857334740570113 
15.039999999978287, -0.3687121728787909 
15.049999999978263, -0.3689428641411337 
15.05999999997824, -0.36930704196045705 
15.069999999978217, -0.3698435399091837 
15.079999999978194, -0.37057444854032967 
15.08999999997817, -0.37148890636024967 
15.099999999978147, -0.37253140162919385 
15.109999999978124, -0.37360518258112363 
15.1199999999781, -0.3745967573339345 
15.129999999978077, -0.3754112389611516 
15.139999999978054, -0.3759963543240622 
15.14999999997803, -0.3763423717232761 
15.159999999978007, -0.37646481994196723 
15.169999999977984, -0.37638428263578894 
15.17999999997796, -0.37611117229176655 
15.189999999977937, -0.3756352672720956 
15.199999999977914, -0.3749161812167693 
15.20999999997789, -0.3738709462917454 
15.219999999977867, -0.3723573863679125 
15.229999999977844, -0.3701593642127499 
15.23999999997782, -0.36699763260537344 
15.249999999977797, -0.36261364270809643 
15.259999999977774, -0.35695692213077723 
15.26999999997775, -0.3503772904805208 
15.279999999977727, -0.3435861922548856 
15.289999999977704, -0.33732726455719875 
15.29999999997768, -0.3320537178842907 
15.309999999977657, -0.32786816272052344 
15.319999999977634, -0.32465290762086296 
15.32999999997761, -0.32221420703384773 
15.339999999977588, -0.3203655318989768 
15.349999999977564, -0.318958345095163 
15.359999999977541, -0.31788628848584366 
15.369999999977518, -0.31708016313392473 
15.379999999977494, -0.3165018776496184 
15.389999999977471, -0.3161406127845062 
15.399999999977448, -0.31601253800077445 
15.409999999977424, -0.3161650592687786 
15.419999999977401, -0.3166870305946313 
15.429999999977378, -0.3177272592388705 
15.439999999977355, -0.31952444012034825 
15.449999999977331, -0.3224505106109491 
15.459999999977308, -0.3270602050926081 
15.469999999977285, -0.3341063500590674 
15.479999999977261, -0.34439895659111197 
15.489999999977238, -0.3582908573841285 
15.499999999977215, -0.37477216238878974 
15.509999999977191, -0.39108548289955747 
15.519999999977168, -0.4041834108752398 
15.529999999977145, -0.412873386450615 
15.539999999977121, -0.4179506212262634 
15.549999999977098, -0.42078778012242096 
15.559999999977075, -0.42240982359391566 
15.569999999977052, -0.42338657770412597 
15.579999999977028, -0.4239996855189451 
15.589999999977005, -0.424385718840972 
15.599999999976982, -0.4246129767360893 
15.609999999976958, -0.42471660219346286 
15.619999999976935, -0.4247140096941789 
15.629999999976912, -0.424612252770775 
15.639999999976888, -0.4244128689661727 
15.649999999976865, -0.42411692562901937 
15.659999999976842, -0.42373125116623384 
15.669999999976818, -0.4232747708074527 
15.679999999976795, -0.4227816225304791 
15.689999999976772, -0.42229738978542375 
15.699999999976749, -0.421868157263155 
15.709999999976725, -0.4215269931781925 
15.719999999976702, -0.42128417754441233 
15.729999999976679, -0.42112503579261473 
15.739999999976655, -0.4210157051075624 
15.749999999976632, -0.42091431854858985 
15.759999999976609, -0.4207828704405254 
15.769999999976585, -0.42059478098615505 
15.779999999976562, -0.4203360736002565 
15.789999999976539, -0.42000187562439856 
15.799999999976515, -0.4195914788218162 
15.809999999976492, -0.4191041839359614 
15.819999999976469, -0.4185363820682815 
15.829999999976446, -0.41787886698483456 
15.839999999976422, -0.41711170994638547 
15.849999999976399, -0.4161902952067516 
15.859999999976376, -0.4150070888771845 
15.869999999976352, -0.4132971545333223 
15.879999999976329, -0.41044835464201784 
15.889999999976306, -0.4052740047875624 
15.899999999976282, -0.39617301662342375 
15.90999999997626, -0.38236044201675995 
15.919999999976236, -0.36545818718585893 
15.929999999976213, -0.3488902512020517 
15.93999999997619, -0.3353194019749781 
15.949999999976166, -0.3254459989327273 
15.959999999976143, -0.31871404005508164 
15.96999999997612, -0.3142547686269514 
15.979999999976096, -0.31132888828556726 
15.989999999976073, -0.3094146753696563 
15.99999999997605, -0.30817146684566654 
16.009999999976028, -0.3073848987309704 
16.019999999976005, -0.30692390839000483 
16.02999999997598, -0.30671246823867226 
16.039999999975958, -0.30671273868722204 
16.049999999975935, -0.30691623396880746 
16.05999999997591, -0.30734068972975936 
16.069999999975888, -0.30803122116381365 
16.079999999975865, -0.3090646670042755 
16.08999999997584, -0.3105553393158863 
16.099999999975818, -0.3126578634460981 
16.109999999975795, -0.31555687874468913 
16.11999999997577, -0.3194238492366433 
16.129999999975748, -0.3243176279003401 
16.139999999975725, -0.33003961786885877 
16.1499999999757, -0.33605200117472783 
16.15999999997568, -0.3416235166149631 
16.169999999975655, -0.3461728262034426 
16.17999999997563, -0.34950400632612383 
16.18999999997561, -0.3517497216122082 
16.199999999975585, -0.35317251231331126 
16.20999999997556, -0.3540192316940508 
16.21999999997554, -0.3544697561319898 
16.229999999975515, -0.3546379789450291 
16.239999999975492, -0.35458740210055584 
16.24999999997547, -0.35434575161343973 
16.259999999975445, -0.3539160039966108 
16.269999999975422, -0.35328620421347373 
16.2799999999754, -0.35244175947397605 
16.289999999975375, -0.35138233305701494 
16.299999999975352, -0.35013987388700124 
16.30999999997533, -0.3487868935777875 
16.319999999975305, -0.3474242272596298 
16.329999999975282, -0.3461514614801907 
16.33999999997526, -0.3450381419541342 
16.349999999975235, -0.3441114595253675 
16.359999999975212, -0.34336116855347043 
16.36999999997519, -0.34275316975495485 
16.379999999975166, -0.3422439952421828 
16.389999999975142, -0.341792200196427 
16.39999999997512, -0.3413650829666649 
16.409999999975096, -0.3409407676477406 
16.419999999975072, -0.34050708265121243 
16.42999999997505, -0.3400592547825198 
16.439999999975026, -0.33959798952957065 
16.449999999975002, -0.33912855481038284 
16.45999999997498, -0.3386603559722504 
16.469999999974956, -0.3382045116032475 
16.479999999974932, -0.3377617791623713 
16.48999999997491, -0.33727983967716935 
16.499999999974886, -0.3365320526005854 
16.509999999974863, -0.3348506894758907 
16.51999999997484, -0.3307818606567029 
16.529999999974816, -0.32228877908470677 
16.539999999974793, -0.3084680020367618 
16.54999999997477, -0.29149262711515617 
16.559999999974746, -0.2753303292915767 
16.569999999974723, -0.26256574828939777 
16.5799999999747, -0.2535485005836496 
16.589999999974676, -0.24750769956408272 
16.599999999974653, -0.24353042423053628 
16.60999999997463, -0.24091194029534185 
16.619999999974606, -0.23918174175427506 
16.629999999974583, -0.23804428854944218 
16.63999999997456, -0.2373204170737365 
16.649999999974536, -0.23690680707946665 
16.659999999974513, -0.2367516702678317 
16.66999999997449, -0.2368421942520523 
16.679999999974466, -0.23720059504669191 
16.689999999974443, -0.2378873550401885 
16.69999999997442, -0.23901155848115577 
16.709999999974396, -0.24074872810267686 
16.719999999974373, -0.24336471600834453 
16.72999999997435, -0.2472355199300472 
16.739999999974327, -0.2528280077543004 
16.749999999974303, -0.2605600368884049 
16.75999999997428, -0.27044298869835126 
16.769999999974257, -0.28161761622334847 
16.779999999974233, -0.2923705173549299 
16.78999999997421, -0.30106623281756095 
16.799999999974187, -0.3071180969026684 
16.809999999974163, -0.31092473314982927 
16.81999999997414, -0.31320162761109854 
16.829999999974117, -0.31454120974969085 
16.839999999974093, -0.3153225130581187 
16.84999999997407, -0.3157630554430005 
16.859999999974047, -0.3159824672735917 
16.869999999974024, -0.316045240889209 
16.879999999974, -0.315985305082508 
16.889999999973977, -0.31582026205476443 
16.899999999973954, -0.31556106654684846 
16.90999999997393, -0.3152203010540316 
16.919999999973907, -0.3148196315086063 
16.929999999973884, -0.3143944960637858 
16.93999999997386, -0.3139928956296174 
16.949999999973837, -0.3136670676118262 
16.959999999973814, -0.3134608470726827 
16.96999999997379, -0.31339772527569243 
16.979999999973767, -0.31347339504693816 
16.989999999973744, -0.3136548012759611 
16.99999999997372, -0.3138871021809541 
17.009999999973697, -0.31410782583338853 
17.019999999973674, -0.31426275626560185 
17.02999999997365, -0.3143157040127289 
17.039999999973627, -0.31424836900676517 
17.049999999973604, -0.3140528220928466 
17.05999999997358, -0.31372138728697163 
17.069999999973557, -0.31323649020452565 
17.079999999973534, -0.31255971586200787 
17.08999999997351, -0.3116169534278456 
17.099999999973488, -0.3102755306062293 
17.109999999973464, -0.30831164316614557 
17.11999999997344, -0.3053801728400869 
17.129999999973418, -0.30103809938022646 
17.139999999973394, -0.2949227253205341 
17.14999999997337, -0.2871162333288131 
17.159999999973348, -0.2784015257011624 
17.169999999973324, -0.2699661466468309 
17.1799999999733, -0.2627425289781863 
17.189999999973278, -0.25706808862815406 
17.199999999973254, -0.25282562824662 
17.20999999997323, -0.24971899356727995 
17.219999999973208, -0.2474490115862369 
17.229999999973185, -0.24577781249364197 
17.23999999997316, -0.24453601191580882 
17.249999999973138, -0.24361146198793843 
17.259999999973115, -0.2429363034168436 
17.26999999997309, -0.24247770301033497 
17.279999999973068, -0.24223364146066162 
17.289999999973045, -0.2422343655151002 
17.29999999997302, -0.2425507304911049 
17.309999999972998, -0.2433119771991446 
17.319999999972975, -0.24473703232182098 
17.32999999997295, -0.24718330106637879 
17.339999999972928, -0.2512075257885775 
17.349999999972905, -0.25759082331448396 
17.35999999997288, -0.26715745461562956 
17.36999999997286, -0.2800422327578401 
17.379999999972835, -0.29437984936444567 
17.38999999997281, -0.30611479914665046 
17.39999999997279, -0.3120444256111571 
17.409999999972765, -0.3127487685017583 
17.41999999997274, -0.31098338133189807 
17.42999999997272, -0.3088481067267206 
17.439999999972695, -0.3071584591787752 
17.449999999972672, -0.3060173146473382 
17.45999999997265, -0.30530466669463446 
17.469999999972625, -0.3048817985167301 
17.479999999972602, -0.3046444480248909 
17.48999999997258, -0.3045249136202489 
17.499999999972555, -0.30448310633879394 
17.509999999972532, -0.3044984174361561 
17.51999999997251, -0.30456477646089775 
17.529999999972485, -0.30468870113117086 
17.539999999972462, -0.3048895144916434 
17.54999999997244, -0.3052005443580287 
17.559999999972415, -0.305669632902911 
17.569999999972392, -0.30635674511985334 
17.57999999997237, -0.30732591942503307 
17.589999999972346, -0.3086283677812821 
17.599999999972322, -0.31027495971687136 
17.6099999999723, -0.3122042012651341 
17.619999999972276, -0.31426720860093504 
17.629999999972252, -0.3162570325633018 
17.63999999997223, -0.3179801030381935 
17.649999999972206, -0.319322010402626 
17.659999999972182, -0.3202619357117177 
17.66999999997216, -0.32084087738846984 
17.679999999972136, -0.32111960983883026 
17.689999999972112, -0.3211500681125608 
17.69999999997209, -0.3209622125289779 
17.709999999972066, -0.3205595831433362 
17.719999999972043, -0.31991801237489254 
17.72999999997202, -0.3189863858673589 
17.739999999971996, -0.317693396299555 
17.749999999971973, -0.3159686426242196 
17.75999999997195, -0.3137844479340561 
17.769999999971926, -0.31120652931796766 
17.779999999971903, -0.3084133857614804 
17.78999999997188, -0.3056484190940043 
17.799999999971856, -0.3031284782562028 
17.809999999971833, -0.30097760504888377 
17.81999999997181, -0.29922122837754694 
17.829999999971786, -0.29781922354503443 
17.839999999971763, -0.29670331979251363 
17.84999999997174, -0.29580264667224454 
17.859999999971716, -0.29505684616788597 
17.869999999971693, -0.29442092158425487 
17.87999999997167, -0.29386564955608946 
17.889999999971646, -0.2933763282441311 
17.899999999971623, -0.2929518505930232 
17.9099999999716, -0.29260551562419923 
17.919999999971576, -0.29236861600768577 
17.929999999971553, -0.2922975282479111 
17.93999999997153, -0.2924839074356773 
17.949999999971507, -0.29306271167821074 
17.959999999971483, -0.294196007910832 
17.96999999997146, -0.29596555243851624 
17.979999999971437, -0.2980337116146149 
17.989999999971413, -0.2989974161806174 
17.99999999997139, -0.2961053775824537 
18.009999999971367, -0.2870663250593341 
18.019999999971343, -0.2731845785044103 
18.02999999997132, -0.2587268098352026 
18.039999999971297, -0.2469504960798496 
18.049999999971273, -0.23860300884689076 
18.05999999997125, -0.23306176250910576 
18.069999999971227, -0.2294671967635058 
18.079999999971204, -0.22714254014663166 
18.08999999997118, -0.2256375888210731 
18.099999999971157, -0.22467256060136548 
18.109999999971134, -0.22408016535133096 
18.11999999997111, -0.22376563140209482 
18.129999999971087, -0.22368298468945375 
18.139999999971064, -0.22382296998658524 
18.14999999997104, -0.2242093414163277 
18.159999999971017, -0.2249019425769526 
18.169999999970994, -0.22600618662172028 
18.17999999997097, -0.22768872925740996 
18.189999999970947, -0.23019673670286686 
18.199999999970924, -0.2338688598952603 
18.2099999999709, -0.2391022065829386 
18.219999999970877, -0.24620272175674499 
18.229999999970854, -0.25505876975295944 
18.23999999997083, -0.26479809204250493 
18.249999999970807, -0.27393716868808105 
18.259999999970784, -0.2812122570331722 
18.26999999997076, -0.2862588211994066 
18.279999999970737, -0.2894534011814832 
18.289999999970714, -0.29138160456709283 
18.29999999997069, -0.29252006845688067 
18.309999999970668, -0.2931765683825237 
18.319999999970644, -0.29353073748878183 
18.32999999997062, -0.2936828202313372 
18.339999999970598, -0.29368721883272475 
18.349999999970574, -0.29357267875958676 
18.35999999997055, -0.2933549478930603 
18.369999999970528, -0.29304630232633705 
18.379999999970504, -0.29266400027825384 
18.38999999997048, -0.29223710602875164 
18.399999999970458, -0.2918089408683787 
18.409999999970434, -0.29143255149455627 
18.41999999997041, -0.291159864403364 
18.429999999970388, -0.2910287913971359 
18.439999999970365, -0.2910528503451618 
18.44999999997034, -0.29121583706849374 
18.459999999970318, -0.2914732721464248 
18.469999999970295, -0.2917621746262033 
18.47999999997027, -0.2920173644975824 
18.489999999970248, -0.29218707051123316 
18.499999999970225, -0.2922399686276031 
18.5099999999702, -0.29216183402393947 
18.519999999970178, -0.291946006769112 
18.529999999970155, -0.29158246903658164 
18.53999999997013, -0.29104718393327245 
18.549999999970108, -0.2902902083960812 
18.559999999970085, -0.28921962206841895 
18.56999999997006, -0.2876794489553457 
18.57999999997004, -0.2854273032612304 
18.589999999970015, -0.28213957491926 
18.59999999996999, -0.2775066326611747 
18.60999999996997, -0.2714664251708647 
18.619999999969945, -0.26444956874700376 
18.62999999996992, -0.257313395746511 
18.6399999999699, -0.250902851320238 
18.649999999969875, -0.24566803371444162 
18.659999999969852, -0.2416441628620904 
18.66999999996983, -0.2386424143394923 
18.679999999969805, -0.23642067262449418 
18.689999999969782, -0.234766353067986 
18.69999999996976, -0.23351897746446984 
18.709999999969735, -0.23256743024628598 
18.719999999969712, -0.2318408097112607 
18.72999999996969, -0.23130029547095576 
18.739999999969665, -0.23093448670329905 
18.749999999969642, -0.23075920567418162 
18.75999999996962, -0.2308228403487516 
18.769999999969595, -0.2312191108369463 
18.779999999969572, -0.23211012296936442 
18.78999999996955, -0.23376195216045495 
18.799999999969526, -0.23658604951765527 
18.809999999969502, -0.2411414914072178 
18.81999999996948, -0.2479427960144096 
18.829999999969456, -0.2567570738967323 
18.839999999969432, -0.2653815122511795 
18.84999999996941, -0.2696701502647941 
18.859999999969386, -0.2670892214392015 
18.869999999969362, -0.259750544615628 
18.87999999996934, -0.25167503514072304 
18.889999999969316, -0.24517462818848706 
18.899999999969292, -0.24063649918794155 
18.90999999996927, -0.23765974434420895 
18.919999999969246, -0.23575389906110272 
18.929999999969223, -0.2345465659189152 
18.9399999999692, -0.23379382159842907 
18.949999999969176, -0.2333462774769582 
18.959999999969153, -0.2331175178058734 
18.96999999996913, -0.2330631587339999 
18.979999999969106, -0.23316915855518636 
18.989999999969083, -0.23344694201021707 
18.99999999996906, -0.2339336160095621 
19.009999999969036, -0.23469619849679607 
19.019999999969013, -0.23583876300356216 
19.02999999996899, -0.23750997253136602 
19.039999999968966, -0.2399039091061661 
19.049999999968943, -0.2432369573225021 
19.05999999996892, -0.2476704173450845 
19.069999999968896, -0.2531580453560692 
19.079999999968873, -0.25928387090869537 
19.08999999996885, -0.2652904978722716 
19.099999999968826, -0.2704167481265383 
19.109999999968803, -0.2742761820208809 
19.11999999996878, -0.2769150965302104 
19.129999999968756, -0.2786029527062398 
19.139999999968733, -0.27962783825941817 
19.14999999996871, -0.28020914214816106 
19.159999999968687, -0.28048974765479295 
19.169999999968663, -0.2805543238427303 
19.17999999996864, -0.28044867669097273 
19.189999999968617, -0.28019448660006574 
19.199999999968593, -0.2798008247183422 
19.20999999996857, -0.2792750057442528 
19.219999999968547, -0.2786337736460137 
19.229999999968523, -0.27791250781386745 
19.2399999999685, -0.2771672301725197 
19.249999999968477, -0.27646572846025663 
19.259999999968453, -0.2758708906729056 
19.26999999996843, -0.27542480660297247 
19.279999999968407, -0.2751402205240511 
19.289999999968384, -0.27500012979531785 
19.29999999996836, -0.27496365569703224 
19.309999999968337, -0.27497668162745553 
19.319999999968314, -0.27498485741831724 
19.32999999996829, -0.2749443186843544 
19.339999999968267, -0.2748258313930906 
19.349999999968244, -0.2746118375569342 
19.35999999996822, -0.2742891385359691 
19.369999999968197, -0.2738399280295035 
19.379999999968174, -0.2732315968401212 
19.38999999996815, -0.2724031803400825 
19.399999999968127, -0.2712444650283235 
19.409999999968104, -0.26956400929631574 
19.41999999996808, -0.26705078977417795 
19.429999999968057, -0.2632658985884816 
19.439999999968034, -0.2577613756435578 
19.44999999996801, -0.2504202769349891 
19.459999999967987, -0.2418336404470381 
19.469999999967964, -0.23318960327982796 
19.47999999996794, -0.22559830174988743 
19.489999999967917, -0.21957144219562844 
19.499999999967894, -0.21506760799123312 
19.50999999996787, -0.21179248884451796 
19.519999999967848, -0.20942193755501734 
19.529999999967824, -0.20769156975816877 
19.5399999999678, -0.20641122241797713 
19.549999999967778, -0.20545363388082563 
19.559999999967754, -0.20473957387838873 
19.56999999996773, -0.20422653728490295 
19.579999999967708, -0.20390261845285068 
19.589999999967684, -0.20378598302738937 
19.59999999996766, -0.2039307791249237 
19.609999999967638, -0.20444139746228096 
19.619999999967614, -0.2054979495161358 
19.62999999996759, -0.20739412601804416 
19.639999999967568, -0.21057462044217692 
19.649999999967545, -0.2156044962422497 
19.65999999996752, -0.22285918809653635 
19.669999999967498, -0.2315866229143723 
19.679999999967475, -0.2386845453666524 
19.68999999996745, -0.2397792040861845 
19.699999999967428, -0.23380491049221286 
19.709999999967405, -0.22442932733672483 
19.71999999996738, -0.2156779957245905 
19.729999999967358, -0.20914702712242014 
19.739999999967335, -0.20473785392746596 
19.74999999996731, -0.20187445883129884 
19.759999999967288, -0.2000356562099633 
19.769999999967265, -0.19886067970719024 
19.77999999996724, -0.1981233434626115 
19.78999999996722, -0.19768956408551883 
19.799999999967195, -0.19748579408167566 
19.80999999996717, -0.19748016716083083 
19.81999999996715, -0.19767342505493923 
19.829999999967125, -0.1980972122762706 
19.8399999999671, -0.19881858982515344 
19.84999999996708, -0.1999504981627561 
19.859999999967055, -0.20166764662030928 
19.869999999967032, -0.2042238967442497 
19.87999999996701, -0.20795559021543916 
19.889999999966985, -0.21322847116977547 
19.899999999966962, -0.22025455914570716 
19.90999999996694, -0.22875585717809618 
19.919999999966915, -0.23772332006397687 
19.929999999966892, -0.24575554666149718 
19.93999999996687, -0.2518883493650414 
19.949999999966845, -0.25601715687916876 
19.959999999966822, -0.2585849972766336 
19.9699999999668, -0.26011857227577134 
19.979999999966775, -0.26101339442719296 
19.989999999966752, -0.26151659992271564 
19.99999999996673, -0.26177062786120897 
20.009999999966706, -0.261854728571889 
20.019999999966682, -0.261812294735546 
20.02999999996666, -0.2616675837687694 
20.039999999966636, -0.261436892516499 
20.049999999966612, -0.26113741724559436 
20.05999999996659, -0.2607946267159694 
20.069999999966566, -0.2604466610857938 
20.079999999966542, -0.26014327941647564 
20.08999999996652, -0.2599384974171647 
20.099999999966496, -0.25987917883153266 
20.109999999966472, -0.25999324692667136 
20.11999999996645, -0.26028012258382754 
20.129999999966426, -0.26070565334967 
20.139999999966403, -0.26120545639084414 
20.14999999996638, -0.26169961606298725 
20.159999999966356, -0.26211430110188666 
20.169999999966333, -0.26239867655135585 
20.17999999996631, -0.2625284028416827 
20.189999999966286, -0.26249716682827196 
20.199999999966263, -0.262303569418878 
20.20999999996624, -0.2619387841473929 
20.219999999966216, -0.2613759152534147 
20.229999999966193, -0.26055946760764326 
20.23999999996617, -0.25939401372397064 
20.249999999966146, -0.25773599348578474 
20.259999999966123, -0.2554036798243302 
20.2699999999661, -0.25223384410261446 
20.279999999966076, -0.24820194633607956 
20.289999999966053, -0.2435450002088341 
20.29999999996603, -0.23874201510803728 
20.309999999966006, -0.2343049758405396 
20.319999999965983, -0.23055842771760565 
20.32999999996596, -0.22758434307749414 
20.339999999965936, -0.225303033555219 
20.349999999965913, -0.22357347560281055 
20.35999999996589, -0.22225503633469024 
20.369999999965867, -0.22123222361161074 
20.379999999965843, -0.22041956025801174 
20.38999999996582, -0.21975879478069077 
20.399999999965797, -0.21921437899967083 
20.409999999965773, -0.21876977903297995 
20.41999999996575, -0.21842581897841135 
20.429999999965727, -0.21820173024424286 
20.439999999965703, -0.218139203629682 
20.44999999996568, -0.2183085541625947 
20.459999999965657, -0.21881136777579369 
20.469999999965633, -0.219757983107378 
20.47999999996561, -0.22115451460169772 
20.489999999965587, -0.222558711202785 
20.499999999965564, -0.222419540441243 
20.50999999996554, -0.21780468773651043 
20.519999999965517, -0.20645807198123817 
20.529999999965494, -0.19028698638127978 
20.53999999996547, -0.17425282808296827 
20.549999999965447, -0.16168613686135755 
20.559999999965424, -0.15301114260497936 
20.5699999999654, -0.14732728393845865 
20.579999999965377, -0.1436415606170266 
20.589999999965354, -0.1412322821100275 
20.59999999996533, -0.13964109537666808 
20.609999999965307, -0.13859262715551918 
20.619999999965284, -0.13792835542821233 
20.62999999996526, -0.1375653644448121 
20.639999999965237, -0.13747450715458237 
20.649999999965214, -0.13767262202962446 
20.65999999996519, -0.1382265434373888 
20.669999999965167, -0.13926994325532266 
20.679999999965144, -0.14103719844438856 
20.68999999996512, -0.14392003226685748 
20.699999999965097, -0.1485445159969395 
20.709999999965074, -0.1558191683699049 
20.71999999996505, -0.16675507770406303 
20.729999999965028, -0.18162816896021788 
20.739999999965004, -0.19845114074121817 
20.74999999996498, -0.21285442151016234 
20.759999999964958, -0.22153104395935178 
20.769999999964934, -0.22496426737316083 
20.77999999996491, -0.22556029445654113 
20.789999999964888, -0.2251668267165145 
20.799999999964864, -0.22461823448729823 
20.80999999996484, -0.22417031151886166 
20.819999999964818, -0.22385918459046805 
20.829999999964794, -0.2236616417128238 
20.83999999996477, -0.2235492947585463 
20.849999999964748, -0.22350281108111952 
20.859999999964725, -0.2235142295865064 
20.8699999999647, -0.22358708294693636 
20.879999999964678, -0.22373726509286151 
20.889999999964655, -0.2239952413587023 
20.89999999996463, -0.22440922740731423 
20.909999999964608, -0.22504825455850316 
20.919999999964585, -0.22600306136133072 
20.92999999996456, -0.22738075714522593 
20.939999999964538, -0.2292855831525685 
20.949999999964515, -0.23177563081783967 
20.95999999996449, -0.2347955863933449 
20.969999999964468, -0.238121856070803 
20.979999999964445, -0.24139252549049717 
20.98999999996442, -0.2442472591208688 
20.9999999999644, -0.24647670247636483 
21.009999999964375, -0.24805902588737835 
21.01999999996435, -0.2490902031187192 
21.02999999996433, -0.24969759680528641 
21.039999999964305, -0.24998987034032036 
21.04999999996428, -0.2500417451023193 
21.05999999996426, -0.24989583734947657 
21.069999999964235, -0.24956971880377368 
21.079999999964212, -0.2490643724472819 
21.08999999996419, -0.24837467972357627 
21.099999999964165, -0.24750334938538526 
21.109999999964142, -0.2464765911605525 
21.11999999996412, -0.24535403079620027 
21.129999999964095, -0.2442231728945629 
21.139999999964072, -0.243177249450064 
21.14999999996405, -0.24228884146251772 
21.159999999964025, -0.24159416339458462 
21.169999999964002, -0.24109205562455477 
21.17999999996398, -0.24075211776152788 
21.189999999963955, -0.24052604723108187 
21.199999999963932, -0.24035949482480393 
21.20999999996391, -0.24020255603330934 
21.219999999963886, -0.240016280281463 
21.229999999963862, -0.23977351622302018 
21.23999999996384, -0.2394548227561057 
21.249999999963816, -0.2390414680028806 
21.259999999963792, -0.2385066488814768 
21.26999999996377, -0.23780392648947343 
21.279999999963746, -0.23684952538374965 
21.289999999963722, -0.23549343343987766 
21.2999999999637, -0.23347666739263748 
21.309999999963676, -0.2303910563593538 
21.319999999963652, -0.22571476730947135 
21.32999999996363, -0.2190638567133333 
21.339999999963606, -0.21066547688400275 
21.349999999963583, -0.2015787636528282 
21.35999999996356, -0.19316079337159955 
21.369999999963536, -0.18627683723129487 
21.379999999963513, -0.1810854947619652 
21.38999999996349, -0.17732807006528628 
21.399999999963466, -0.1746413035128328 
21.409999999963443, -0.17270883267841344 
21.41999999996342, -0.17129759465695782 
21.429999999963396, -0.1702491923685931 
21.439999999963373, -0.16946204547884186 
21.44999999996335, -0.1688763672885945 
21.459999999963326, -0.1684645873629465 
21.469999999963303, -0.16822735109909565 
21.47999999996328, -0.16819517970801529 
21.489999999963256, -0.16843648297941322 
21.499999999963233, -0.16907280128787047 
21.50999999996321, -0.17029925793295858 
21.519999999963186, -0.17239324613847837 
21.529999999963163, -0.17564234966333087 
21.53999999996314, -0.17999744448404362 
21.549999999963116, -0.1841803419651771 
21.559999999963093, -0.18477832699548963 
21.56999999996307, -0.17802691581553057 
21.579999999963047, -0.16465213940029338 
21.589999999963023, -0.1499060612908683 
21.599999999963, -0.13793232746253187 
21.609999999962977, -0.12960640645218194 
21.619999999962953, -0.1241714817056568 
21.62999999996293, -0.12067404395923235 
21.639999999962907, -0.11840874251020017 
21.649999999962883, -0.11692870033723919 
21.65999999996286, -0.11596787088404951 
21.669999999962837, -0.11537538164099707 
21.679999999962813, -0.11507484529324967 
21.68999999996279, -0.11504335971472623 
21.699999999962767, -0.11530489954496173 
21.709999999962744, -0.1159360810970242 
21.71999999996272, -0.11708583474142005 
21.729999999962697, -0.11901389305166346 
21.739999999962674, -0.12215408548129343 
21.74999999996265, -0.12719619485855316 
21.759999999962627, -0.13511666852508458 
21.769999999962604, -0.1468997097003208 
21.77999999996258, -0.16247070384494694 
21.789999999962557, -0.17912236795950348 
21.799999999962534, -0.19218866052961603 
21.80999999996251, -0.1991490464523023 
21.819999999962487, -0.20134738517059597 
21.829999999962464, -0.2013062435508534 
21.83999999996244, -0.20063185668038147 
21.849999999962417, -0.1999597831117858 
21.859999999962394, -0.19945048872897425 
21.86999999996237, -0.19910399678565566 
21.879999999962347, -0.19888560873590883 
21.889999999962324, -0.1987645836737841 
21.8999999999623, -0.1987228516809811 
21.909999999962277, -0.1987558197579346 
21.919999999962254, -0.19887249579732041 
21.92999999996223, -0.1990969880188383 
21.939999999962208, -0.1994717208585273 
21.949999999962184, -0.20006196171704435 
21.95999999996216, -0.2009604796582416 
21.969999999962138, -0.20228947229927194 
21.979999999962114, -0.20419287116599563 
21.98999999996209, -0.2068052058674243 
21.999999999962068, -0.21018029301406022 
22.009999999962044, -0.2141873528011732 
22.01999999996202, -0.2184510413203704 
22.029999999961998, -0.22245021200017545 
22.039999999961974, -0.22575643219803446 
22.04999999996195, -0.22820493591834964 
22.059999999961928, -0.22986676568882705 
22.069999999961905, -0.23091581010817075 
22.07999999996188, -0.2315242402480609 
22.089999999961858, -0.231821237488062 
22.099999999961835, -0.23189023908410178 
22.10999999996181, -0.23177907671608305 
22.119999999961788, -0.23151155372948806 
22.129999999961765, -0.2310982047240761 
22.13999999996174, -0.2305472560077478 
22.149999999961718, -0.22987629791659944 
22.159999999961695, -0.22912218531921794 
22.16999999996167, -0.22834366306434878 
22.179999999961648, -0.22761263020840908 
22.189999999961625, -0.22699705365300518 
22.1999999999616, -0.22654448479754694 
22.20999999996158, -0.22627299564100647 
22.219999999961555, -0.22616987851116535 
22.22999999996153, -0.22619580185715046 
22.23999999996151, -0.2262936845901366 
22.249999999961485, -0.22640164194386214 
22.25999999996146, -0.2264660963285598 
22.26999999996144, -0.22644927613062954 
22.279999999961415, -0.2263284075942072 
22.289999999961392, -0.22608864347055607 
22.29999999996137, -0.22571334968517193 
22.309999999961345, -0.225173564136074 
22.319999999961322, -0.22441594295051998 
22.3299999999613, -0.22334743827496473 
22.339999999961275, -0.2218171777833442 
22.349999999961252, -0.21960563041348405 
22.35999999996123, -0.2164527266932335 
22.369999999961205, -0.21217513979973224 
22.379999999961182, -0.20687005451647492 
22.38999999996116, -0.20103599861876004 
22.399999999961135, -0.19539412578740806 
22.409999999961112, -0.19051977902731201 
22.41999999996109, -0.18664038947143147 
22.429999999961066, -0.18370050380863162 
22.439999999961042, -0.18151940569077163 
22.44999999996102, -0.17990222125914862 
22.459999999960996, -0.17868630186316256 
22.469999999960972, -0.17775058146424272 
22.47999999996095, -0.17701103123007783 
22.489999999960926, -0.17641314964164306 
22.499999999960902, -0.17592541661349026 
22.50999999996088, -0.17553490734957558 
22.519999999960856, -0.1752453388913443 
22.529999999960832, -0.17507726360764095 
22.53999999996081, -0.175068804204188 
22.549999999960786, -0.17527089697337658 
22.559999999960763, -0.17571731590832484 
22.56999999996074, -0.1763144240954761 
22.579999999960716, -0.17653809937412693 
22.589999999960693, -0.1748836732171651 
22.59999999996067, -0.16869743817697405 
22.609999999960646, -0.15610493271592774 
22.619999999960623, -0.13920957541862175 
22.6299999999606, -0.12291437267122277 
22.639999999960576, -0.11035575776236731 
22.649999999960553, -0.10177837957496909 
22.65999999996053, -0.09618738125470926 
22.669999999960506, -0.09256056758100115 
22.679999999960483, -0.09017531547293095 
22.68999999996046, -0.08857996431906409 
22.699999999960436, -0.0875060007425421 
22.709999999960413, -0.08680031033656821 
22.71999999996039, -0.08638431855355783 
22.729999999960366, -0.08623325935974364 
22.739999999960343, -0.08637013146200281 
22.74999999996032, -0.08687260944288942 
22.759999999960296, -0.08789487437266195 
22.769999999960273, -0.08970912935990541 
22.77999999996025, -0.09276842252807056 
22.789999999960227, -0.0977607735338792 
22.799999999960203, -0.10549479713871972 
22.80999999996018, -0.11614599470453943 
22.819999999960157, -0.12742320514054822 
22.829999999960133, -0.13376596948132016 
22.83999999996011, -0.13122833137045894 
22.849999999960087, -0.12264634551000737 
22.859999999960063, -0.11342871688163833 
22.86999999996004, -0.10628009469083222 
22.879999999960017, -0.10141351193849801 
22.889999999959993, -0.09824467641172373 
22.89999999995997, -0.09619746059890866 
22.909999999959947, -0.09487354485556924 
22.919999999959924, -0.09402825736460405 
22.9299999999599, -0.0935216760660258 
22.939999999959877, -0.09328334541187935 
22.949999999959854, -0.09329309898811615 
22.95999999995983, -0.09357490502916507 
22.969999999959807, -0.09420223250016306 
22.979999999959784, -0.09531636936737985 
22.98999999995976, -0.0971621614705658 
22.999999999959737, -0.1001466382142224 
23.009999999959714, -0.10491490258616239 
23.01999999995969, -0.1123804990182861 
23.029999999959667, -0.12347913830428965 
23.039999999959644, -0.13822088980722597 
23.04999999995962, -0.15427434441484883 
23.059999999959597, -0.16746095461223293 
23.069999999959574, -0.17527795018656273 
23.07999999995955, -0.17858788373642304 
23.089999999959527, -0.179498753437047 
23.099999999959504, -0.17949540189660837 
23.10999999995948, -0.17925471050688951 
23.119999999959457, -0.17901153016445265 
23.129999999959434, -0.17882602203446168 
23.13999999995941, -0.17870354691580487 
23.149999999959388, -0.17863845709761977 
23.159999999959364, -0.17862843756486568 
23.16999999995934, -0.1786794051800485 
23.179999999959318, -0.17880836154763882 
23.189999999959294, -0.17904670436521236 
23.19999999995927, -0.1794446311267353 
23.209999999959248, -0.18007634364561248 
23.219999999959224, -0.1810447802861996 
23.2299999999592, -0.18248239763262056 
23.239999999959178, -0.184539373497005 
23.249999999959154, -0.18734284281110639 
23.25999999995913, -0.1909115893339067 
23.269999999959108, -0.1950484747287136 
23.279999999959085, -0.19931142452569361 
23.28999999995906, -0.20316728723758315 
23.299999999959038, -0.20624488814394265 
23.309999999959015, -0.20845672795303663 
23.31999999995899, -0.20992167534667558 
23.329999999958968, -0.21082542827987155 
23.339999999958945, -0.21133277227618547 
23.34999999995892, -0.21156093762092887 
23.359999999958898, -0.21158340706594148 
23.369999999958875, -0.21144185591988102 
23.37999999995885, -0.2111580145365918 
23.389999999958828, -0.2107445462779789 
23.399999999958805, -0.2102158720687274 
23.40999999995878, -0.20959850334940727 
23.41999999995876, -0.20893760148277662 
23.429999999958735, -0.20829521875891527 
23.43999999995871, -0.2077391184721832 
23.44999999995869, -0.20732726303690407 
23.459999999958665, -0.20709518031361268 
23.46999999995864, -0.20704937676660234 
23.47999999995862, -0.2071659287769892 
23.489999999958595, -0.20739404320204505 
23.499999999958572, -0.20766623296233963 
23.50999999995855, -0.20791410861170706 
23.519999999958525, -0.2080832027129295 
23.529999999958502, -0.20813935439332548 
23.53999999995848, -0.20806499075838386 
23.549999999958455, -0.20784939145682876 
23.559999999958432, -0.2074775770668265 
23.56999999995841, -0.20691964260175016 
23.579999999958385, -0.20612005689859014 
23.589999999958362, -0.20498685387860033 
23.59999999995834, -0.20338533122150343 
23.609999999958315, -0.2011514411807175 
23.619999999958292, -0.19815092001912243 
23.62999999995827, -0.19439307427988223 
23.639999999958246, -0.19013126143149678 
23.649999999958222, -0.18581911066989582 
23.6599999999582, -0.18190696049010485 
23.669999999958176, -0.17865633555363497 
23.679999999958152, -0.1761122017859713 
23.68999999995813, -0.17418537937972084 
23.699999999958106, -0.17274083694171719 
23.709999999958082, -0.17164833871940047 
23.71999999995806, -0.1708013782992229 
23.729999999958036, -0.17012011849138514 
23.739999999958012, -0.16954828510282322 
23.74999999995799, -0.16904835610654734 
23.759999999957966, -0.1685966946784118 
23.769999999957943, -0.16817909325038574 
23.77999999995792, -0.16778619078254925 
23.789999999957896, -0.16740646453432637 
23.799999999957873, -0.16701048060077733 
23.80999999995785, -0.16651069568756943 
23.819999999957826, -0.16566291596520635 
23.829999999957803, -0.1638621679266918 
23.83999999995778, -0.15987786952428026 
23.849999999957756, -0.15200179721584983 
23.859999999957733, -0.13946978245403086 
23.86999999995771, -0.12425005103068947 
23.879999999957686, -0.10996130601438554 
23.889999999957663, -0.0988741453802846 
23.89999999995764, -0.09115950922903675 
23.909999999957616, -0.08602548108887578 
23.919999999957593, -0.08262671421855168 
23.92999999995757, -0.08034421783141636 
23.939999999957546, -0.07877930184316323 
23.949999999957523, -0.0776882762184409 
23.9599999999575, -0.07692760062824788 
23.969999999957476, -0.07641901989724229 
23.979999999957453, -0.0761306293514101 
23.98999999995743, -0.0760695837073753 
23.999999999957407, -0.07628436022171897 
24.009999999957383, -0.07687624453858437 
24.01999999995736, -0.07801889082024169 
24.029999999957337, -0.07997411441315115 
24.039999999957313, -0.08304738470066751 
24.04999999995729, -0.08729618995521012 
24.059999999957267, -0.09163192101100145 
24.069999999957243, -0.09256400026906483 
24.07999999995722, -0.08558367049851937 
24.089999999957197, -0.07103016286832999 
24.099999999957173, -0.05499175100495546 
24.10999999995715, -0.042286597923423985 
24.119999999957127, -0.033714159524496336 
24.129999999957104, -0.02825498202957914 
24.13999999995708, -0.024796321386385326 
24.149999999957057, -0.022569698939519406 
24.159999999957034, -0.021110606996682206 
24.16999999995701, -0.02015220883120726 
24.179999999956987, -0.019548424389281942 
24.189999999956964, -0.019230146823114143 
24.19999999995694, -0.019184839541838864 
24.209999999956917, -0.019452968959423847 
24.219999999956894, -0.020139646773238006 
24.22999999995687, -0.0214437189357536 
24.239999999956847, -0.023705925086516345 
24.249999999956824, -0.02745604871881386 
24.2599999999568, -0.03333663140149138 
24.269999999956777, -0.0414849112700824 
24.279999999956754, -0.04976663223516766 
24.28999999995673, -0.052472133642161245 
24.299999999956707, -0.0452204177680013 
24.309999999956684, -0.031759775088208736 
24.31999999995666, -0.018944745804526424 
24.329999999956637, -0.009686928031770254 
24.339999999956614, -0.0036876878871751595 
24.34999999995659, 0.00008367621977586048 
24.359999999956568, 0.002054968673993427 
24.369999999956544, 0.0031741027375669093 
24.37999999995652, 0.003745629792536094 
24.389999999956498, 0.003936761162212617 
24.399999999956474, 0.0038282583276913655 
24.40999999995645, 0.003439194088967724 
24.419999999956428, 0.002732792175425407 
24.429999999956404, 0.0016055418599444714 
24.43999999995638, -0.00011615996474227393 
24.449999999956358, -0.0024014320682060448 
24.459999999956334, -0.006227407018848162 
24.46999999995631, -0.012353320224145719 
24.479999999956288, -0.021206680583955646 
24.489999999956265, -0.031106292000125508 
24.49999999995624, -0.036362626182836685 
24.509999999956218, -0.031508865108751734 
24.519999999956195, -0.01933027650864335 
24.52999999995617, -0.006934731467991559 
24.539999999956148, 0.00210284745728254 
24.549999999956125, 0.007643495894036317 
24.5599999999561, 0.010981036021812607 
24.569999999956078, 0.012941120760089991 
24.579999999956055, 0.014049002602414365 
24.58999999995603, 0.014609631131932954 
24.599999999956008, 0.014790112246233885 
24.609999999955985, 0.0146705556049843 
24.61999999995596, 0.014268794258042483 
24.62999999995594, 0.013545921173367392 
24.639999999955915, 0.012394698450002347 
24.64999999995589, 0.01060802179220795 
24.65999999995587, 0.00782330312285074 
24.669999999955845, 0.003456983568321247 
24.67999999995582, -0.003066836483539296 
24.6899999999558, -0.012042405865331946 
24.699999999955775, -0.021752288136914336 
24.709999999955752, -0.026168363276512598 
24.71999999995573, -0.020204800243616823 
24.729999999955705, -0.007474956293812121 
24.739999999955682, 0.004690566218510111 
24.74999999995566, 0.013173868225240798 
24.759999999955635, 0.018497702563656227 
24.769999999955612, 0.021685038998600643 
24.77999999995559, 0.023548469897842185 
24.789999999955565, 0.024594538559605424 
24.799999999955542, 0.02511431018826042 
24.80999999995552, 0.02526563272252546 
24.819999999955495, 0.025122112730058162 
24.829999999955472, 0.024696117010165948 
24.83999999995545, 0.023942784507879955 
24.849999999955426, 0.02274689615845802 
24.859999999955402, 0.020890124619568767 
24.86999999995538, 0.01799770907504756 
24.879999999955356, 0.013493551736041151 
24.889999999955332, 0.006730946068845183 
24.89999999995531, -0.002057747455310682 
24.909999999955286, -0.00959341950933999 
24.919999999955262, -0.009683848491006184 
24.92999999995524, 0.000510880551140872 
24.939999999955216, 0.014605241838315113 
24.949999999955192, 0.02646019997288106 
24.95999999995517, 0.03437532809548556 
24.969999999955146, 0.03919972630698888 
24.979999999955123, 0.04204910352701054 
24.9899999999551, 0.04369983088655352 
24.999999999955076, 0.04461354270996509 
