t, s[1].omega / s[0].omega 
0, -0.39999925550337995 
0.009999999999999995, -0.39997868825052263 
0.019999999999999934, -0.40004851077612874 
0.029999999999999874, -0.40016839494056206 
0.04000000000000012, -0.40028679300524794 
0.050000000000000405, -0.40035541369732713 
0.06000000000000069, -0.40033990005420267 
0.07000000000000098, -0.40022227939375543 
0.08000000000000126, -0.3999962708434641 
0.09000000000000155, -0.3996596159215918 
0.10000000000000184, -0.39920656832867774 
0.11000000000000212, -0.3986209379818691 
0.12000000000000241, -0.39786765371821126 
0.130000000000002, -0.39687851293030596 
0.1400000000000009, -0.39552426012807723 
0.1499999999999998, -0.3935598698373662 
0.1599999999999987, -0.39052948704720747 
0.1699999999999976, -0.38565427638430627 
0.1799999999999965, -0.37787081118602656 
0.1899999999999954, -0.3663852143197279 
0.1999999999999943, -0.3517469107682538 
0.2099999999999932, -0.33619635341237897 
0.2199999999999921, -0.3222928120205195 
0.229999999999991, -0.31137753107994237 
0.2399999999999899, -0.3034652804952275 
0.2499999999999888, -0.29795074518722325 
0.2599999999999877, -0.29415907868057206 
0.2699999999999866, -0.2915541245094504 
0.2799999999999855, -0.2897616461824902 
0.2899999999999844, -0.2885358196201026 
0.2999999999999833, -0.2877215259707861 
0.3099999999999822, -0.28722620637859647 
0.3199999999999811, -0.2870020479289877 
0.32999999999998, -0.2870365040444949 
0.3399999999999789, -0.28734945421293323 
0.3499999999999778, -0.2879962501318856 
0.35999999999997667, -0.2890767405891463 
0.36999999999997557, -0.2907506302730234 
0.37999999999997447, -0.29325799967497473 
0.38999999999997337, -0.2969371723190772 
0.39999999999997227, -0.3022134693726773 
0.40999999999997117, -0.30949635312939605 
0.41999999999997006, -0.3188997419517058 
0.42999999999996896, -0.32982492707227823 
0.43999999999996786, -0.34082197023004945 
0.44999999999996676, -0.3502320970784717 
0.45999999999996566, -0.35716567480305705 
0.46999999999996456, -0.36174290348316873 
0.47999999999996346, -0.3645807538530945 
0.48999999999996235, -0.36629226088674494 
0.49999999999996125, -0.3673088112607933 
0.5099999999999602, -0.3678929339707203 
0.519999999999959, -0.368194399311181 
0.529999999999958, -0.36829530050740134 
0.5399999999999568, -0.36823783839765784 
0.5499999999999557, -0.3680405530349252 
0.5599999999999546, -0.3677090225054897 
0.5699999999999535, -0.36724526543177693 
0.5799999999999524, -0.3666578540454618 
0.5899999999999513, -0.36597153361111034 
0.5999999999999502, -0.36523170438247393 
0.6099999999999491, -0.36449890601468404 
0.619999999999948, -0.363833919952613 
0.6299999999999469, -0.3632809349714424 
0.6399999999999458, -0.3628570077865739 
0.6499999999999447, -0.3625509044869498 
0.6599999999999436, -0.3623297290840161 
0.6699999999999425, -0.36215009121388003 
0.6799999999999414, -0.36196987146680526 
0.6899999999999403, -0.3617564620756587 
0.6999999999999392, -0.36148919085809683 
0.7099999999999381, -0.36115676312945666 
0.719999999999937, -0.3607523327777773 
0.7299999999999359, -0.36026825194260703 
0.7399999999999348, -0.359690776847554 
0.7499999999999337, -0.35899302149025714 
0.7599999999999326, -0.3581218336894726 
0.7699999999999315, -0.35696935145192776 
0.7799999999999304, -0.3553111845966973 
0.7899999999999293, -0.3526862310903734 
0.7999999999999282, -0.34822884457478104 
0.8099999999999271, -0.34065214434055135 
0.819999999999926, -0.32889488329186173 
0.8299999999999249, -0.31351767874523306 
0.8399999999999238, -0.29716662180149406 
0.8499999999999227, -0.28278048928428584 
0.8599999999999216, -0.27174408461420135 
0.8699999999999205, -0.26392507098580376 
0.8799999999999194, -0.2585798689267042 
0.8899999999999183, -0.25495929325291466 
0.8999999999999172, -0.2524993355597878 
0.9099999999999161, -0.2508208010734536 
0.919999999999915, -0.24968199412768893 
0.9299999999999139, -0.24893494493801444 
0.9399999999999128, -0.24849528654161265 
0.9499999999999117, -0.2483244457553238 
0.9599999999999106, -0.24842131446076862 
0.9699999999999095, -0.24882162335134544 
0.9799999999999084, -0.24960468835562638 
0.9899999999999073, -0.2509084747230149 
0.9999999999999062, -0.25295441435642346 
1.0099999999999052, -0.25608093712981195 
1.019999999999904, -0.2607726010502216 
1.029999999999903, -0.2676356200649425 
1.039999999999902, -0.27720118163985846 
1.0499999999999008, -0.28941742487238864 
1.0599999999998997, -0.30302287016586443 
1.0699999999998986, -0.31569859169092734 
1.0799999999998975, -0.32548330308533585 
1.0899999999998964, -0.33194776159695777 
1.0999999999998953, -0.3358274186521433 
1.1099999999998942, -0.33807182752725884 
1.119999999999893, -0.33937240150866205 
1.129999999999892, -0.3401345924172639 
1.1399999999998909, -0.34057682293488595 
1.1499999999998898, -0.3408141794393944 
1.1599999999998887, -0.34090723716278515 
1.1699999999998876, -0.34088758783592976 
1.1799999999998865, -0.3407714750273553 
1.1899999999998854, -0.340568430131061 
1.1999999999998843, -0.34028846351794007 
1.2099999999998832, -0.3399488557511515 
1.219999999999882, -0.33957921660402585 
1.229999999999881, -0.3392218956042177 
1.2399999999998799, -0.3389257256272398 
1.2499999999998788, -0.33873453388051583 
1.2599999999998777, -0.33867481683191214 
1.2699999999998766, -0.33874693032168557 
1.2799999999998755, -0.33892261649691713 
1.2899999999998744, -0.33915066657950005 
1.2999999999998733, -0.3393703135686864 
1.3099999999998722, -0.3395272704695713 
1.319999999999871, -0.3395844879235502 
1.32999999999987, -0.33952316625629203 
1.3399999999998689, -0.339335987085596 
1.3499999999998678, -0.33901738087389344 
1.3599999999998666, -0.3385537934768562 
1.3699999999998655, -0.33791356163717856 
1.3799999999998644, -0.3370333565155089 
1.3899999999998633, -0.3357963468976851 
1.3999999999998622, -0.3339969837018646 
1.4099999999998611, -0.33129456996439555 
1.41999999999986, -0.32718960227551397 
1.429999999999859, -0.32112797351882916 
1.4399999999998578, -0.3128659114391405 
1.4499999999998567, -0.3029534605896108 
1.4599999999998556, -0.2927277981867974 
1.4699999999998545, -0.28356949086609917 
1.4799999999998534, -0.2762020759302234 
1.4899999999998523, -0.27065777347294123 
1.4999999999998512, -0.2666193099317139 
1.5099999999998501, -0.2637057652299413 
1.519999999999849, -0.26159737733454047 
1.529999999999848, -0.26006116124910184 
1.5399999999998468, -0.25893984911575363 
1.5499999999998457, -0.2581342003813799 
1.5599999999998446, -0.25758878111748473 
1.5699999999998435, -0.25728350400153166 
1.5799999999998424, -0.2572311680255136 
1.5899999999998413, -0.25748139204130577 
1.5999999999998402, -0.2581323801759927 
1.6099999999998391, -0.2593534391681803 
1.619999999999838, -0.26142239225009684 
1.629999999999837, -0.2647800754414713 
1.6399999999998358, -0.2700886148232883 
1.6499999999998347, -0.2782238528247876 
1.6599999999998336, -0.29000078477044144 
1.6699999999998325, -0.3053380565209065 
1.6799999999998314, -0.32213907556324795 
1.6899999999998303, -0.33665878002885397 
1.6999999999998292, -0.346274890058691 
1.709999999999828, -0.35127128044867945 
1.719999999999827, -0.35345187076514095 
1.729999999999826, -0.35433921635298626 
1.7399999999998248, -0.3547295006234116 
1.7499999999998237, -0.35494319484631764 
1.7599999999998226, -0.35508778614769526 
1.7699999999998215, -0.3551931590597337 
1.7799999999998204, -0.3552651311988225 
1.7899999999998193, -0.3553035507903278 
1.7999999999998182, -0.3553077963893576 
1.809999999999817, -0.35527876045815726 
1.819999999999816, -0.3552206266885581 
1.8299999999998149, -0.3551434276807405 
1.8399999999998138, -0.35506602746008026 
1.8499999999998127, -0.3550179965329483 
1.8599999999998116, -0.3550382055795893 
1.8699999999998105, -0.3551686416886779 
1.8799999999998094, -0.35544380916956453 
1.8899999999998083, -0.3558779226216691 
1.8999999999998072, -0.3564536198799834 
1.909999999999806, -0.3571178495859614 
1.919999999999805, -0.35779089630430383 
1.9299999999998039, -0.35838833505436546 
1.9399999999998028, -0.35884499225374383 
1.9499999999998017, -0.3591268942259168 
1.9599999999998006, -0.35922698166112454 
1.9699999999997995, -0.35915149726170686 
1.9799999999997984, -0.35890562250542735 
1.9899999999997973, -0.3584818224924926 
1.9999999999997962, -0.3578494749664913 
2.0099999999998173, -0.35694219953439515 
2.0199999999998384, -0.3556393395685056 
2.0299999999998595, -0.35374131013817806 
2.0399999999998806, -0.35095083390153986 
2.0499999999999017, -0.3469018430432241 
2.059999999999923, -0.341309189038243 
2.069999999999944, -0.3342511821235291 
2.079999999999965, -0.326363556377854 
2.089999999999986, -0.318624810310566 
2.100000000000007, -0.31185072200811514 
2.1100000000000283, -0.3063936404945129 
2.1200000000000494, -0.3022125115855724 
2.1300000000000705, -0.29908375671026083 
2.1400000000000916, -0.2967562751088428 
2.1500000000001127, -0.29501888112244445 
2.160000000000134, -0.29371549944640923 
2.170000000000155, -0.29274002944565003 
2.180000000000176, -0.29202691269792835 
2.190000000000197, -0.29154353500093044 
2.2000000000002182, -0.29128645303838285 
2.2100000000002393, -0.291282271300595 
2.2200000000002604, -0.2915941811868047 
2.2300000000002815, -0.2923360503576805 
2.2400000000003026, -0.29369714628340593 
2.2500000000003237, -0.29598112702275614 
2.260000000000345, -0.2996591648167001 
2.270000000000366, -0.30541741265094724 
2.280000000000387, -0.3141171024941776 
2.290000000000408, -0.32646349516493467 
2.3000000000004293, -0.34215980901347764 
2.3100000000004504, -0.3589875631979661 
2.3200000000004715, -0.37345402965354374 
2.3300000000004926, -0.3833267053512243 
2.3400000000005137, -0.38891853217208816 
2.3500000000005348, -0.3917864506901212 
2.360000000000556, -0.3932607209059413 
2.370000000000577, -0.39408160012041205 
2.380000000000598, -0.39458612500502427 
2.390000000000619, -0.3949158233493271 
2.4000000000006403, -0.39513025277747593 
2.4100000000006614, -0.3952559170222705 
2.4200000000006825, -0.3953052606743523 
2.4300000000007036, -0.3952840333228585 
2.4400000000007247, -0.3951949327881241 
2.450000000000746, -0.3950408278951912 
2.460000000000767, -0.39482879444179914 
2.470000000000788, -0.39457465397413305 
2.480000000000809, -0.3943060578485925 
2.49000000000083, -0.3940612526536616 
2.5000000000008513, -0.3938819512879616 
2.5100000000008724, -0.39380196001280543 
2.5200000000008935, -0.39383577528651303 
2.5300000000009146, -0.3939715636265206 
2.5400000000009357, -0.3941717686742434 
2.550000000000957, -0.39438251443793165 
2.560000000000978, -0.3945488412429856 
2.570000000000999, -0.3946284998490253 
2.58000000000102, -0.39459761879841104 
2.5900000000010412, -0.3944473852781756 
2.6000000000010624, -0.39417586351902556 
2.6100000000010835, -0.39377921716630615 
2.6200000000011046, -0.39324371476909536 
2.6300000000011257, -0.39253697498138684 
2.6400000000011468, -0.3915946030751185 
2.650000000001168, -0.3902956632712195 
2.660000000001189, -0.3884169310517108 
2.67000000000121, -0.38555674483359226 
2.680000000001231, -0.38104823461148557 
2.6900000000012523, -0.3739891224351354 
2.7000000000012734, -0.36366833148319555 
2.7100000000012945, -0.3504369939641601 
2.7200000000013156, -0.33611436558759017 
2.7300000000013367, -0.3229858285404647 
2.740000000001358, -0.31242242874166287 
2.750000000001379, -0.30460153916985905 
2.7600000000014, -0.29905437138355484 
2.770000000001421, -0.29518249914182854 
2.780000000001442, -0.2924847207567858 
2.7900000000014633, -0.29060065686587605 
2.8000000000014844, -0.28928902883847246 
2.8100000000015055, -0.28839553616351965 
2.8200000000015266, -0.28782712851160397 
2.8300000000015477, -0.28753519047135934 
2.840000000001569, -0.2875064859473074 
2.85000000000159, -0.28776057409304456 
2.860000000001611, -0.2883532009722405 
2.870000000001632, -0.28938605777656634 
2.8800000000016532, -0.29102379741524337 
2.8900000000016743, -0.2935181875976255 
2.9000000000016954, -0.29723343356335097 
2.9100000000017165, -0.3026482472905333 
2.9200000000017377, -0.31026925302854547 
2.9300000000017588, -0.32034676846183696 
2.94000000000178, -0.33237761551298567 
2.950000000001801, -0.34480940007097416 
2.960000000001822, -0.3556511367870033 
2.970000000001843, -0.36369742354026924 
2.9800000000018643, -0.3689884275661296 
2.9900000000018854, -0.3722375989681496 
3.0000000000019065, -0.3741820096801194 
3.0100000000019276, -0.3753386336192511 
3.0200000000019487, -0.3760171612139235 
3.03000000000197, -0.37639159271400435 
3.040000000001991, -0.3765569392148203 
3.050000000002012, -0.37656313804093966 
3.060000000002033, -0.376433928504064 
3.070000000002054, -0.3761781957928313 
3.0800000000020753, -0.3757987982431531 
3.0900000000020964, -0.3753016060349069 
3.1000000000021175, -0.3747047525568658 
3.1100000000021386, -0.37404480369744064 
3.1200000000021597, -0.37337497877236697 
3.130000000002181, -0.37275380305985983 
3.140000000002202, -0.3722290717959946 
3.150000000002223, -0.371825135574627 
3.160000000002244, -0.3715384246975918 
3.1700000000022652, -0.3713413498850655 
3.1800000000022863, -0.37119217097790613 
3.1900000000023074, -0.37104715780886344 
3.2000000000023285, -0.3708705105625099 
3.2100000000023496, -0.3706386545074013 
3.2200000000023707, -0.37033877907661544 
3.230000000002392, -0.369964100993219 
3.240000000002413, -0.3695084140612208 
3.250000000002434, -0.3689608435154976 
3.260000000002455, -0.368299742507468 
3.2700000000024763, -0.3674824391751864 
3.2800000000024974, -0.3664237295949325 
3.2900000000025185, -0.3649486760857089 
3.3000000000025396, -0.3626959153267684 
3.3100000000025607, -0.3589596357096604 
3.3200000000025818, -0.3525773421830104 
3.330000000002603, -0.3422765589723172 
3.340000000002624, -0.3278882509519865 
3.350000000002645, -0.31141229645020885 
3.360000000002666, -0.2959643116376732 
3.3700000000026873, -0.28358811828729463 
3.3800000000027084, -0.27461026365189967 
3.3900000000027295, -0.26841485215383654 
3.4000000000027506, -0.26421414012597777 
3.4100000000027717, -0.2613679999999535 
3.420000000002793, -0.2594314631403968 
3.430000000002814, -0.25811565755557053 
3.440000000002835, -0.2572404110055554 
3.450000000002856, -0.2566988552784917 
3.460000000002877, -0.25643517767077356 
3.4700000000028983, -0.2564327264140872 
3.4800000000029194, -0.25671013038947926 
3.4900000000029405, -0.2573244178795131 
3.5000000000029616, -0.25838138381281905 
3.5100000000029827, -0.26005421552737734 
3.520000000003004, -0.26261041615305597 
3.530000000003025, -0.26644044956502155 
3.540000000003046, -0.27205975131248034 
3.550000000003067, -0.28000658360983494 
3.5600000000030882, -0.29050853954060013 
3.5700000000031094, -0.3029202327583421 
3.5800000000031305, -0.3154657058534089 
3.5900000000031516, -0.32605759663576556 
3.6000000000031727, -0.3336329100340373 
3.6100000000031938, -0.3384439275583765 
3.620000000003215, -0.3413169387507452 
3.630000000003236, -0.3430029505604101 
3.640000000003257, -0.34399389796511576 
3.650000000003278, -0.3445713654836803 
3.6600000000032993, -0.3448886984675968 
3.6700000000033204, -0.3450280862082412 
3.6800000000033415, -0.34503275921536464 
3.6900000000033626, -0.34492446162971846 
3.7000000000033837, -0.3447139799847626 
3.710000000003405, -0.34440930583026363 
3.720000000003426, -0.34402342686385035 
3.730000000003447, -0.34358114526028266 
3.740000000003468, -0.3431219838398871 
3.750000000003489, -0.3426960701769089 
3.7600000000035103, -0.34235318518508595 
3.7700000000035314, -0.34212941218292486 
3.7800000000035525, -0.3420368435087143 
3.7900000000035736, -0.34205960695664284 
3.8000000000035947, -0.34215739561923647 
3.810000000003616, -0.3422761579798113 
3.820000000003637, -0.3423625676445112 
3.830000000003658, -0.3423758474575479 
3.840000000003679, -0.3422917693038303 
3.8500000000037002, -0.342098798762169 
3.8600000000037213, -0.3417901108756032 
3.8700000000037424, -0.34135478744075526 
3.8800000000037635, -0.34076874677568825 
3.8900000000037847, -0.33998317601265354 
3.9000000000038058, -0.3389058518170044 
3.910000000003827, -0.33736854141348316 
3.920000000003848, -0.3350745177989255 
3.930000000003869, -0.3315376641712687 
3.94000000000389, -0.32608903408768125 
3.9500000000039113, -0.3181321014962326 
3.9600000000039324, -0.30774126601686336 
3.9700000000039535, -0.2961024670239518 
3.9800000000039746, -0.2849980736159733 
3.9900000000039957, -0.2757269343946626 
4.000000000004016, -0.26865298840479934 
4.010000000003993, -0.26351312173044705 
4.02000000000397, -0.2598491002435817 
4.030000000003946, -0.2572408169498709 
4.040000000003923, -0.25537267564557975 
4.0500000000039, -0.25402838656835525 
4.0600000000038765, -0.2530682670931349 
4.070000000003853, -0.2524086501958183 
4.08000000000383, -0.25200808199814306 
4.090000000003807, -0.2518605106166195 
4.100000000003783, -0.25199516207385964 
4.11000000000376, -0.2524836477423633 
4.120000000003737, -0.2534562354483121 
4.130000000003713, -0.2551307151285779 
4.14000000000369, -0.25785746429803763 
4.150000000003667, -0.2621775520588687 
4.1600000000036434, -0.2688598626050401 
4.17000000000362, -0.27879397804157396 
4.180000000003597, -0.2924749226795644 
4.1900000000035735, -0.30895068323572433 
4.20000000000355, -0.3252057323879398 
4.210000000003527, -0.33778847422998637 
4.220000000003504, -0.3454818351087481 
4.23000000000348, -0.3494258212104697 
4.240000000003457, -0.35128827127947304 
4.250000000003434, -0.35218808655935363 
4.26000000000341, -0.3526709426535489 
4.270000000003387, -0.3529635370269755 
4.280000000003364, -0.3531535341385589 
4.2900000000033405, -0.3532745736819178 
4.300000000003317, -0.3533402202359735 
4.310000000003294, -0.35335661916511424 
4.320000000003271, -0.35332756027193096 
4.330000000003247, -0.35325752847874353 
4.340000000003224, -0.3531548502355215 
4.350000000003201, -0.35303526715412126 
4.360000000003177, -0.3529248458150316 
4.370000000003154, -0.35286009959481723 
4.380000000003131, -0.3528834224952081 
4.390000000003107, -0.35303371492522495 
4.400000000003084, -0.35333420292883944 
4.410000000003061, -0.3537807981629601 
4.4200000000030375, -0.354335584194599 
4.430000000003014, -0.3549309363126187 
4.440000000002991, -0.3554865046071537 
4.450000000002968, -0.35593227190762766 
4.460000000002944, -0.35622458068832064 
4.470000000002921, -0.3563473013943338 
4.480000000002898, -0.35630144623801857 
4.490000000002874, -0.35609141767969 
4.500000000002851, -0.35571292368493157 
4.510000000002828, -0.3551425391488577 
4.520000000002804, -0.35432587849540303 
4.530000000002781, -0.35316046758909725 
4.540000000002758, -0.35147086820294604 
4.5500000000027345, -0.3489816816880836 
4.560000000002711, -0.3453186084997454 
4.570000000002688, -0.3401091705516913 
4.580000000002665, -0.3332467244237588 
4.590000000002641, -0.3251872351735967 
4.600000000002618, -0.3169037995899263 
4.610000000002595, -0.3093924578837277 
4.620000000002571, -0.30321091292395325 
4.630000000002548, -0.29843137760305904 
4.640000000002525, -0.29485325821682185 
4.6500000000025015, -0.29220398447126433 
4.660000000002478, -0.2902399643678981 
4.670000000002455, -0.2887759041841358 
4.6800000000024315, -0.2876829547035675 
4.690000000002408, -0.2868784633473863 
4.700000000002385, -0.2863164859200435 
4.710000000002362, -0.2859819995032252 
4.720000000002338, -0.2858897389109879 
4.730000000002315, -0.2860884299222939 
4.740000000002292, -0.2866719131155252 
4.750000000002268, -0.2877998338271759 
4.760000000002245, -0.2897316004354499 
4.770000000002222, -0.29287581258992657 
4.7800000000021985, -0.2978451872096088 
4.790000000002175, -0.3054626802189113 
4.800000000002152, -0.3165579412802571 
4.810000000002129, -0.3312920243485609 
4.820000000002105, -0.3481128955697061 
4.830000000002082, -0.3636871620803682 
4.840000000002059, -0.375066355035231 
4.850000000002035, -0.3817975805788109 
4.860000000002012, -0.3852733309432599 
4.870000000001989, -0.3870085172004337 
4.880000000001965, -0.3879296959157825 
4.890000000001942, -0.38847424729284513 
4.900000000001919, -0.3888252603865695 
4.9100000000018955, -0.3890571183373487 
4.920000000001872, -0.3892011845035188 
4.930000000001849, -0.3892715807036831 
4.940000000001826, -0.3892748528378208 
4.950000000001802, -0.3892141183806558 
4.960000000001779, -0.3890920594926205 
4.970000000001756, -0.3889144840524891 
4.980000000001732, -0.38869460844744885 
4.990000000001709, -0.38845664132096397 
5.000000000001686, -0.3882360257598161 
5.0100000000016625, -0.38807418561273865 
5.020000000001639, -0.3880082716098821 
5.030000000001616, -0.38805929661741423 
5.0400000000015925, -0.3882230437638745 
5.050000000001569, -0.3884675805821045 
5.060000000001546, -0.38873985600743355 
5.070000000001523, -0.3889802919572165 
5.080000000001499, -0.38913890005335994 
5.090000000001476, -0.38918462166837675 
5.100000000001453, -0.3891045119294503 
5.110000000001429, -0.38889595748966144 
5.120000000001406, -0.38855705323031475 
5.130000000001383, -0.3880777544448538 
5.1400000000013595, -0.38743105637075587 
5.150000000001336, -0.38656093235050804 
5.160000000001313, -0.38536148485438243 
5.17000000000129, -0.38363916214683264 
5.180000000001266, -0.3810504493771726 
5.190000000001243, -0.3770280481973182 
5.20000000000122, -0.3707876741678736 
5.210000000001196, -0.36163749177187776 
5.220000000001173, -0.3496969454842134 
5.23000000000115, -0.3363937946287994 
5.240000000001126, -0.3238035063668171 
5.250000000001103, -0.3133825143291977 
5.26000000000108, -0.3054970943938735 
5.2700000000010565, -0.2998148432286119 
5.280000000001033, -0.29580139681599077 
5.29000000000101, -0.2929768635630686 
5.300000000000987, -0.2909839943629898 
5.310000000000963, -0.2895786265072696 
5.32000000000094, -0.2886023148126312 
5.330000000000917, -0.28795809331877653 
5.340000000000893, -0.2875939096599781 
5.35000000000087, -0.28749340038977733 
5.360000000000847, -0.287673023718589 
5.3700000000008234, -0.2881851824384231 
5.3800000000008, -0.2891278693730916 
5.390000000000777, -0.29066207896914054 
5.4000000000007535, -0.2930377925196105 
5.41000000000073, -0.2966247903908709 
5.420000000000707, -0.3019281643348503 
5.430000000000684, -0.3095272476488483 
5.44000000000066, -0.3198170231095085 
5.450000000000637, -0.33247487283981114 
5.460000000000614, -0.345993306667584 
5.47000000000059, -0.35813027470256453 
5.480000000000567, -0.3673007114044379 
5.490000000000544, -0.3733569884737272 
5.5000000000005205, -0.3770557416882597 
5.510000000000497, -0.37925183696685016 
5.520000000000474, -0.380554946383308 
5.5300000000004506, -0.38132786497864585 
5.540000000000427, -0.3817717563780659 
5.550000000000404, -0.38199559764717417 
5.560000000000381, -0.3820572225154232 
5.570000000000357, -0.3819854302263538 
5.580000000000334, -0.3817923860840231 
5.590000000000311, -0.381482243385907 
5.600000000000287, -0.38105934250345364 
5.610000000000264, -0.380536905689536 
5.620000000000241, -0.3799441431656524 
5.6300000000002175, -0.3793273682720282 
5.640000000000194, -0.3787420808301288 
5.650000000000171, -0.3782384781440202 
5.660000000000148, -0.37784745434042544 
5.670000000000124, -0.37757319735848716 
5.680000000000101, -0.37739419600714197 
5.690000000000078, -0.37727129282000976 
5.700000000000054, -0.3771596638721303 
5.710000000000031, -0.3770201451324292 
5.720000000000008, -0.376825572070599 
5.729999999999984, -0.37656079647194646 
5.739999999999961, -0.3762183937602078 
5.749999999999938, -0.37579300338748006 
5.7599999999999145, -0.3752758780795173 
5.769999999999891, -0.37464918525716784 
5.779999999999868, -0.3738775392557623 
5.789999999999845, -0.3728912158445706 
5.799999999999821, -0.37154963934802365 
5.809999999999798, -0.3695645633854745 
5.819999999999775, -0.36636245189245903 
5.829999999999751, -0.3609350128574638 
5.839999999999728, -0.35197395392970127 
5.849999999999705, -0.338796912242475 
5.8599999999996815, -0.32267311599345044 
5.869999999999658, -0.3065721341348533 
5.879999999999635, -0.29305188079506533 
5.8899999999996115, -0.28296221387546094 
5.899999999999588, -0.275904413095977 
5.909999999999565, -0.2710984129171061 
5.919999999999542, -0.267843408969778 
5.929999999999518, -0.26563176446511416 
5.939999999999495, -0.26412711409585277 
5.949999999999472, -0.26311642723590045 
5.959999999999448, -0.26247022725958724 
5.969999999999425, -0.2621161917352047 
5.979999999999402, -0.2620239583449496 
5.9899999999993785, -0.26219847221189696 
5.999999999999355, -0.26268034581175537 
6.009999999999332, -0.263552966418615 
6.019999999999309, -0.2649570082869017 
6.029999999999285, -0.2671128240690689 
6.039999999999262, -0.27034742653501537 
6.049999999999239, -0.27510885658322043 
6.059999999999215, -0.28191538063288873 
6.069999999999192, -0.29113433794679333 
6.079999999999169, -0.3025170285117611 
6.089999999999145, -0.31476776775092624 
6.099999999999122, -0.325890475904813 
6.109999999999099, -0.3344016735566534 
6.1199999999990755, -0.3400856956652035 
6.129999999999052, -0.3435811905286227 
6.139999999999029, -0.3456587969289422 
6.149999999999006, -0.3468852085355988 
6.159999999998982, -0.34760412904742655 
6.169999999998959, -0.3480082513213087 
6.179999999998936, -0.3482024810124905 
6.189999999998912, -0.34824268192004937 
6.199999999998889, -0.3481571831564539 
6.209999999998866, -0.34795928452314284 
6.2199999999988425, -0.3476562219139885 
6.229999999998819, -0.34725748586065275 
6.239999999998796, -0.346782794202261 
6.2499999999987725, -0.3462672459876448 
6.259999999998749, -0.34575986937714964 
6.269999999998726, -0.3453141678949655 
6.279999999998703, -0.3449742294662068 
6.289999999998679, -0.34476261491438 
6.299999999998656, -0.3446744048202109 
6.309999999998633, -0.34467873303190966 
6.319999999998609, -0.34472738844229195 
6.329999999998586, -0.34476803538168205 
6.339999999998563, -0.344756790173375 
6.3499999999985395, -0.3446646640176134 
6.359999999998516, -0.3444762691512587 
6.369999999998493, -0.34418342295638454 
6.37999999999847, -0.34377712012422534 
6.389999999998446, -0.3432392696867578 
6.399999999998423, -0.3425328725968584 
6.4099999999984, -0.3415867985139239 
6.419999999998376, -0.3402685309888849 
6.429999999998353, -0.3383358795005715 
6.43999999999833, -0.33536475992208126 
6.449999999998306, -0.330692471641569 
6.459999999998283, -0.3235313522342527 
6.46999999999826, -0.313485890667506 
6.4799999999982365, -0.3012909494951588 
6.489999999998213, -0.28879729442442137 
6.49999999999819, -0.27783603090450276 
6.509999999998167, -0.26925234060473335 
6.519999999998143, -0.26296856504396565 
6.52999999999812, -0.25850784107689806 
6.539999999998097, -0.25536493028714113 
6.549999999998073, -0.2531413684962126 
6.55999999999805, -0.25155848441241113 
6.569999999998027, -0.2504334166147212 
6.5799999999980034, -0.24965284009019967 
6.58999999999798, -0.24915380554765734 
6.599999999997957, -0.24891261864230274 
6.6099999999979335, -0.2489410070268709 
6.61999999999791, -0.24928937339192608 
6.629999999997887, -0.2500582060424832 
6.639999999997864, -0.25142024401873403 
6.64999999999784, -0.253657017947472 
6.659999999997817, -0.25721080747474323 
6.669999999997794, -0.2627363512090542 
6.67999999999777, -0.2710797388504399 
6.689999999997747, -0.2829889048649531 
6.699999999997724, -0.29830407173115747 
6.7099999999977005, -0.31497280040558084 
6.719999999997677, -0.32952290209389984 
6.729999999997654, -0.33957162678687514 
6.7399999999976306, -0.3452923212292786 
6.749999999997607, -0.3482053105966885 
6.759999999997584, -0.34966310932434735 
6.769999999997561, -0.35043714585765096 
6.779999999997537, -0.3508867151487075 
6.789999999997514, -0.35116570514988016 
6.799999999997491, -0.3513394759356783 
6.809999999997467, -0.3514369756064718 
6.819999999997444, -0.35147194286739875 
6.829999999997421, -0.3514516820051972 
6.8399999999973975, -0.3513816114832247 
6.849999999997374, -0.35126898468775003 
6.859999999997351, -0.35112687136251924 
6.869999999997328, -0.3509778523115378 
6.879999999997304, -0.3508555285025813 
6.889999999997281, -0.35080164044558043 
6.899999999997258, -0.3508580480067093 
6.909999999997234, -0.3510551673845173 
6.919999999997211, -0.3514000280637231 
6.929999999997188, -0.3518679502332132 
6.939999999997164, -0.35240277829650835 
6.949999999997141, -0.352929266629164 
6.959999999997118, -0.3533743068005654 
6.9699999999970945, -0.3536857497838171 
6.979999999997071, -0.3538386153580192 
6.989999999997048, -0.35382831764857176 
6.999999999997025, -0.35365794561838193 
7.009999999997001, -0.35332584221983826 
7.019999999996978, -0.3528149692447259 
7.029999999996955, -0.35208183012179006 
7.039999999996931, -0.3510411136832039 
7.049999999996908, -0.3495425013906355 
7.059999999996885, -0.3473408865148574 
7.0699999999968615, -0.34407936150557206 
7.079999999996838, -0.3393447255854062 
7.089999999996815, -0.33288272212678727 
7.0999999999967915, -0.3249368383944859 
7.109999999996768, -0.31637367117819354 
7.119999999996745, -0.30829432250256256 
7.129999999996722, -0.30146340389903364 
7.139999999996698, -0.2961052486730632 
7.149999999996675, -0.29207494893928015 
7.159999999996652, -0.28909511357927 
7.169999999996628, -0.2868959447962758 
7.179999999996605, -0.2852645574173746 
7.189999999996582, -0.2840494795988839 
7.1999999999965585, -0.28315083148441567 
7.209999999996535, -0.28250939948601517 
7.219999999996512, -0.28209903180726675 
7.229999999996489, -0.28192360430409275 
7.239999999996465, -0.28201920019917764 
7.249999999996442, -0.28246266620541943 
7.259999999996419, -0.28338880862494104 
7.269999999996395, -0.2850197381392535 
7.279999999996372, -0.2877097385845554 
7.289999999996349, -0.2920018917139267 
7.299999999996325, -0.29866196967794006 
7.309999999996302, -0.30856906738015605 
7.319999999996279, -0.32221143308621125 
7.3299999999962555, -0.3386700457901457 
7.339999999996232, -0.3550110618432291 
7.349999999996209, -0.367814525234441 
7.359999999996186, -0.37578244306754527 
7.369999999996162, -0.379966027433637 
7.379999999996139, -0.3820092166326941 
7.389999999996116, -0.38304233635889584 
7.399999999996092, -0.3836248643409086 
7.409999999996069, -0.3839920823232216 
7.419999999996046, -0.3842366357836403 
7.4299999999960225, -0.384395292766221 
7.439999999995999, -0.38448354833988074 
7.449999999995976, -0.3845083337558277 
7.4599999999959525, -0.38447290916412136 
7.469999999995929, -0.38437971070323285 
7.479999999995906, -0.38423344257394687 
7.489999999995883, -0.3840449882227349 
7.499999999995859, -0.38383522456684244 
7.509999999995836, -0.3836364448453186 
7.519999999995813, -0.38348892552154573 
7.529999999995789, -0.38343212253477643 
7.539999999995766, -0.3834929160330737 
7.549999999995743, -0.38367498772731734 
7.5599999999957195, -0.3839534630808013 
7.569999999995696, -0.38427826456936887 
7.579999999995673, -0.3845869740557379 
7.58999999999565, -0.38482232168271063 
7.599999999995626, -0.38494521581286995 
7.609999999995603, -0.3849372448173966 
7.61999999999558, -0.3847940814762982 
7.629999999995556, -0.38451532683926504 
7.639999999995533, -0.3840947673679182 
7.64999999999551, -0.3835113384519164 
7.659999999995486, -0.382718167227022 
7.669999999995463, -0.3816249411634699 
7.67999999999544, -0.3800667993890673 
7.6899999999954165, -0.37775304810224086 
7.699999999995393, -0.37420304124678155 
7.70999999999537, -0.3687339429969971 
7.719999999995347, -0.3606742013867785 
7.729999999995323, -0.3499449203028736 
7.7399999999953, -0.3376092351249561 
7.749999999995277, -0.3255185803829853 
7.759999999995253, -0.3151959068824887 
7.76999999999523, -0.30719903857872166 
7.779999999995207, -0.30134156195428685 
7.789999999995183, -0.29715751844643035 
7.79999999999516, -0.2941876136268803 
7.809999999995137, -0.2920751094821826 
7.8199999999951135, -0.29057026768136973 
7.82999999999509, -0.289508301652844 
7.839999999995067, -0.2887866239144808 
7.849999999995044, -0.28834834362024303 
7.85999999999502, -0.2881726380392405 
7.869999999994997, -0.2882713310612594 
7.879999999994974, -0.2886913902531284 
7.88999999999495, -0.2895239132077354 
7.899999999994927, -0.29092102656032476 
7.909999999994904, -0.2931221919578802 
7.9199999999948805, -0.29648823342077696 
7.929999999994857, -0.301528007949687 
7.939999999994834, -0.308864986004916 
7.9499999999948106, -0.31902330278406943 
7.959999999994787, -0.33190507643388895 
7.969999999994764, -0.34617865529485425 
7.979999999994741, -0.35947126792320244 
7.989999999994717, -0.36979366170677086 
7.999999999994694, -0.3766972527723868 
8.00999999999467, -0.38091069195518307 
8.019999999994647, -0.3833948090742003 
8.029999999994624, -0.38486126327752856 
8.0399999999946, -0.38573496202510354 
8.049999999994577, -0.3862491838294847 
8.059999999994554, -0.3865290393245516 
8.06999999999453, -0.3866410255779459 
8.079999999994508, -0.3866191725960486 
8.089999999994484, -0.38647896893981254 
8.099999999994461, -0.3862261247628581 
8.109999999994438, -0.38586417119524297 
8.119999999994414, -0.3854025568474025 
8.129999999994391, -0.3848642131863164 
8.139999999994368, -0.38428889907797303 
8.149999999994344, -0.383728497694671 
8.159999999994321, -0.38323459341336974 
8.169999999994298, -0.38284396823570305 
8.179999999994275, -0.38256872893220384 
8.189999999994251, -0.3823944062240982 
8.199999999994228, -0.38228579188756895 
8.209999999994205, -0.38219811178928975 
8.219999999994181, -0.3820892642153841 
8.229999999994158, -0.3819281787765194 
8.239999999994135, -0.3816966825404664 
8.249999999994111, -0.38138605908997797 
8.259999999994088, -0.38099138029820734 
8.269999999994065, -0.3805058320821352 
8.279999999994041, -0.37991522706085323 
8.289999999994018, -0.37919086780909417 
8.299999999993995, -0.3782764296234652 
8.309999999993972, -0.37705989741485835 
8.319999999993948, -0.3753133452157443 
8.329999999993925, -0.37257719616656104 
8.339999999993902, -0.3680003196319984 
8.349999999993878, -0.36032579535464004 
8.359999999993855, -0.34850956016229795 
8.369999999993832, -0.3330677432744136 
8.379999999993808, -0.3165710770799065 
8.389999999993785, -0.3019527395016144 
8.399999999993762, -0.2906616106795367 
8.409999999993738, -0.2826230810456764 
8.419999999993715, -0.2771142943693097 
8.429999999993692, -0.2733823748069871 
8.439999999993669, -0.270851487011196 
8.449999999993645, -0.26913050697472973 
8.459999999993622, -0.2679679938925513 
8.469999999993599, -0.2672083211431209 
8.479999999993575, -0.26676072396479933 
8.489999999993552, -0.2665804525479646 
8.499999999993529, -0.26665921275625754 
8.509999999993505, -0.2670228840085577 
8.519999999993482, -0.26773574707688497 
8.529999999993459, -0.26891148229021844 
8.539999999993436, -0.2707314912358158 
8.549999999993412, -0.2734690941303154 
8.559999999993389, -0.2775094287295445 
8.569999999993366, -0.2833303446228633 
8.579999999993342, -0.29136392747801604 
8.589999999993319, -0.3016411556921752 
8.599999999993296, -0.313318878158699 
8.609999999993272, -0.32466095782449067 
8.619999999993249, -0.333947175869491 
8.629999999993226, -0.3404955351188902 
8.639999999993202, -0.34466512606612054 
8.64999999999318, -0.34718628391049994 
8.659999999993156, -0.34868446219030225 
8.669999999993133, -0.34956749264417564 
8.67999999999311, -0.3500724257225434 
8.689999999993086, -0.35033076355454396 
8.699999999993063, -0.35041353204489545 
8.70999999999304, -0.35035735997601736 
8.719999999993016, -0.35017941139870057 
8.729999999992993, -0.34988734809938377 
8.73999999999297, -0.3494880576325517 
8.749999999992946, -0.34899639310335256 
8.759999999992923, -0.34844222595509694 
8.7699999999929, -0.3478718219822009 
8.779999999992876, -0.3473406270268615 
8.789999999992853, -0.34689952434270727 
8.79999999999283, -0.3465809758075621 
8.809999999992806, -0.34639079870250733 
8.819999999992783, -0.3463076375054944 
8.82999999999276, -0.3462896542633625 
8.839999999992736, -0.3462864350830487 
8.849999999992713, -0.3462518585169839 
8.85999999999269, -0.3461525415908552 
8.869999999992666, -0.34596902456865697 
8.879999999992643, -0.34569110224541333 
8.88999999999262, -0.34531063090852343 
8.899999999992596, -0.3448139003983614 
8.909999999992573, -0.34417314795094867 
8.91999999999255, -0.34333428218110085 
8.929999999992527, -0.34219504973350257 
8.939999999992503, -0.34056425261534007 
8.94999999999248, -0.33809188302819126 
8.959999999992457, -0.33418160881857434 
8.969999999992433, -0.32798847659963076 
8.97999999999241, -0.3187623110264693 
8.989999999992387, -0.30666103688001467 
8.999999999992363, -0.2932732921771426 
9.00999999999234, -0.28080045247710206 
9.019999999992317, -0.27066891534047505 
9.029999999992294, -0.2631341463610492 
9.03999999999227, -0.2577774082436265 
9.049999999992247, -0.2540278957700458 
9.059999999992224, -0.2514014671317678 
9.0699999999922, -0.24954988448002022 
9.079999999992177, -0.24824119320832008 
9.089999999992154, -0.2473286629137928 
9.09999999999213, -0.2467259746353092 
9.109999999992107, -0.2463914712900183 
9.119999999992084, -0.24632058092652825 
9.12999999999206, -0.24654556517632237 
9.139999999992037, -0.24714288987359218 
9.149999999992014, -0.24825000621986187 
9.15999999999199, -0.2500947006869775 
9.169999999991967, -0.25303970027609696 
9.179999999991944, -0.25763652198235665 
9.18999999999192, -0.26464745514588034 
9.199999999991897, -0.2749020764590532 
9.209999999991874, -0.28873737756443985 
9.21999999999185, -0.30499895559919493 
9.229999999991827, -0.32069146084341105 
9.239999999991804, -0.33274164600988887 
9.24999999999178, -0.34025547935938494 
9.259999999991757, -0.34432594478467093 
9.269999999991734, -0.34641864437193837 
9.27999999999171, -0.34752289123778357 
9.289999999991688, -0.3481469544758618 
9.299999999991664, -0.3485230416250557 
9.309999999991641, -0.34875429611235936 
9.319999999991618, -0.34888776600604776 
9.329999999991594, -0.34894606139087614 
9.339999999991571, -0.3489407822089835 
9.349999999991548, -0.3488789642142497 
9.359999999991524, -0.3487674760185034 
9.369999999991501, -0.34861730009487013 
9.379999999991478, -0.34844776448255765 
9.389999999991455, -0.34828921357161197 
9.399999999991431, -0.3481818006909244 
9.409999999991408, -0.34816901868940975 
9.419999999991385, -0.34828694253939685 
9.429999999991361, -0.3485521094199067 
9.439999999991338, -0.34895174566726495 
9.449999999991315, -0.34944078231049513 
9.459999999991291, -0.349949948360915 
9.469999999991268, -0.3504044683977273 
9.479999999991245, -0.35074456994960773 
9.489999999991221, -0.35093633480101893 
9.499999999991198, -0.3509689387040908 
9.509999999991175, -0.35084343928145345 
9.519999999991152, -0.350560128253499 
9.529999999991128, -0.350107509319013 
9.539999999991105, -0.3494517064805222 
9.549999999991082, -0.3485228350555586 
9.559999999991058, -0.3471943880648864 
9.569999999991035, -0.3452543255529953 
9.579999999991012, -0.34237900565427404 
9.589999999990988, -0.3381548454008093 
9.599999999990965, -0.33223547091070876 
9.609999999990942, -0.32466658860442105 
9.619999999990918, -0.3161356383687067 
9.629999999990895, -0.3077469090228925 
9.639999999990872, -0.30042986445072556 
9.649999999990849, -0.29457914891428083 
9.659999999990825, -0.29013811206748785 
9.669999999990802, -0.28684737334040733 
9.679999999990779, -0.2844227356161054 
9.689999999990755, -0.28262910045615847 
9.699999999990732, -0.2812947900810344 
9.709999999990709, -0.2803039233426649 
9.719999999990685, -0.2795848665103636 
9.729999999990662, -0.279101217263206 
9.739999999990639, -0.27884718036986367 
9.749999999990616, -0.27884799806089133 
9.759999999990592, -0.27916636416747764 
9.769999999990569, -0.2799167317480671 
9.779999999990546, -0.281290740350286 
9.789999999990522, -0.2835976443523092 
9.799999999990499, -0.2873197051207536 
9.809999999990476, -0.29316143564418773 
9.819999999990452, -0.30200430819059854 
9.829999999990429, -0.3145457953799098 
9.839999999990406, -0.33038875576048604 
9.849999999990382, -0.3471045848310225 
9.85999999999036, -0.36106521112590767 
9.869999999990336, -0.37018189375021476 
9.879999999990313, -0.3750409083557504 
9.88999999999029, -0.3773497729220644 
9.899999999990266, -0.37844674914298665 
9.909999999990243, -0.3790265204093103 
9.91999999999022, -0.3793806657071575 
9.929999999990196, -0.37961864812919577 
9.939999999990173, -0.37977985758454347 
9.94999999999015, -0.3798787593627547 
9.959999999990126, -0.37992101480466156 
9.969999999990103, -0.3799090646893176 
9.97999999999008, -0.37984471405359976 
9.989999999990056, -0.3797316379808758 
9.999999999990033, -0.37957873348213444 
10.00999999999001, -0.3794038349943596 
10.019999999989986, -0.37923592562156105 
10.029999999989963, -0.3791133351474621 
10.03999999998994, -0.37907661147107646 
10.049999999989916, -0.37915740831515127 
10.059999999989893, -0.37936686874214665 
10.06999999998987, -0.3796876711877203 
10.079999999989846, -0.3800739048966163 
10.089999999989823, -0.38046137789371437 
10.0999999999898, -0.3807856017177296 
10.109999999989776, -0.3809984121323947 
10.119999999989753, -0.381074504178906 
10.12999999998973, -0.3810067779890246 
10.139999999989707, -0.38079589416971504 
10.149999999989683, -0.3804394464912239 
10.15999999998966, -0.379922362053065 
10.169999999989637, -0.37920664181964775 
10.179999999989613, -0.37821634194315096 
10.18999999998959, -0.37681206867064043 
10.199999999989567, -0.3747492752515096 
10.209999999989543, -0.3716243890955378 
10.21999999998952, -0.3668539258176114 
10.229999999989497, -0.3598181379470685 
10.239999999989474, -0.3503130284464565 
10.24999999998945, -0.33908263782261117 
10.259999999989427, -0.3277029799749115 
10.269999999989404, -0.3176751378541135 
10.27999999998938, -0.30970673255731324 
10.289999999989357, -0.30376126301740025 
10.299999999989334, -0.29945847553266414 
10.30999999998931, -0.29637402694744297 
10.319999999989287, -0.2941606027565316 
10.329999999989264, -0.29256790648352105 
10.33999999998924, -0.2914275706472784 
10.349999999989217, -0.29063292679707703 
10.359999999989194, -0.29012313585680394 
10.36999999998917, -0.2898734524343577 
10.379999999989147, -0.28989139652996426 
10.389999999989124, -0.29021868052866007 
10.3999999999891, -0.2909395029347043 
10.409999999989077, -0.29219674585401895 
10.419999999989054, -0.29421806873159273 
10.42999999998903, -0.2973518668269365 
10.439999999989007, -0.30210248129799133 
10.449999999988984, -0.3091209120837848 
10.45999999998896, -0.31903739591764657 
10.469999999988937, -0.3319734834162071 
10.479999999988914, -0.34682888774794285 
10.48999999998889, -0.3611930307141806 
10.499999999988868, -0.37268901605487337 
10.509999999988844, -0.3804977446620249 
10.519999999988821, -0.38526653538826305 
10.529999999988798, -0.3880558269939854 
10.539999999988774, -0.38968975752464374 
10.549999999988751, -0.3906635097182455 
10.559999999988728, -0.391245982615973 
10.569999999988704, -0.3915793588130394 
10.579999999988681, -0.39173877349998915 
10.589999999988658, -0.39176324200399115 
10.599999999988635, -0.39167143628828155 
10.609999999988611, -0.3914707850311459 
10.619999999988588, -0.3911645930969757 
10.629999999988565, -0.39075945307453397 
10.639999999988541, -0.3902728279542678 
10.649999999988518, -0.3897379877896139 
10.659999999988495, -0.3892022492912056 
10.669999999988471, -0.3887170911734458 
10.679999999988448, -0.3883239929720837 
10.689999999988425, -0.3880426572647503 
10.699999999988401, -0.38786627184000705 
10.709999999988378, -0.3877648232414529 
10.719999999988355, -0.38769489721136263 
10.729999999988332, -0.38761225159277124 
10.739999999988308, -0.3874819731619583 
10.749999999988285, -0.3872824198768737 
10.759999999988262, -0.3870030202011173 
10.769999999988238, -0.38663884567513207 
10.779999999988215, -0.386184745548629 
10.789999999988192, -0.3856299276462797 
10.799999999988168, -0.38495180616449515 
10.809999999988145, -0.3841057784233072 
10.819999999988122, -0.3830039570709207 
10.829999999988098, -0.3814688826714526 
10.839999999988075, -0.37913939462677815 
10.849999999988052, -0.37531761076382175 
10.859999999988029, -0.3688601799558266 
10.869999999988005, -0.3585108420796376 
10.879999999987982, -0.34407587253697647 
10.889999999987959, -0.32749136913720445 
10.899999999987935, -0.3118500999945927 
10.909999999987912, -0.2992442796639184 
10.919999999987889, -0.2900591549982162 
10.929999999987865, -0.2837057456998752 
10.939999999987842, -0.27939660611661393 
10.949999999987819, -0.2764814040097311 
10.959999999987796, -0.2745037996208596 
10.969999999987772, -0.2731654588011995 
10.979999999987749, -0.27227889154696666 
10.989999999987726, -0.27173138548062103 
10.999999999987702, -0.27146187362787944 
11.009999999987679, -0.2714480583601225 
11.019999999987656, -0.2717013186445532 
11.029999999987632, -0.27226809608818636 
11.039999999987609, -0.27323754852641013 
11.049999999987586, -0.2747558409481581 
11.059999999987562, -0.27704655687428265 
11.06999999998754, -0.28043152388492215 
11.079999999987516, -0.2853303138320531 
11.089999999987493, -0.29218199493894653 
11.09999999998747, -0.301197936563591 
11.109999999987446, -0.31193748036923946 
11.119999999987423, -0.32305789525019313 
11.1299999999874, -0.33282629199493263 
11.139999999987376, -0.34015872210502807 
11.149999999987353, -0.3450411784880726 
11.15999999998733, -0.34807005219282827 
11.169999999987306, -0.3498913850416317 
11.179999999987283, -0.35097195880807275 
11.18999999998726, -0.35159761983276894 
11.199999999987236, -0.3519313536381775 
11.209999999987213, -0.3520627784463938 
11.21999999998719, -0.35203900225781165 
11.229999999987166, -0.3518824873998886 
11.239999999987143, -0.3516023643904647 
11.24999999998712, -0.35120366553311066 
11.259999999987096, -0.35069665590894805 
11.269999999987073, -0.35010551423324543 
11.27999999998705, -0.3494725758572995 
11.289999999987026, -0.34885392668849646 
11.299999999987003, -0.34830648346793047 
11.30999999998698, -0.34787255290998387 
11.319999999986956, -0.34756906503626755 
11.329999999986933, -0.34738484313093776 
11.33999999998691, -0.34728551508039973 
11.349999999986887, -0.3472240539672175 
11.359999999986863, -0.3471534390651977 
11.36999999998684, -0.34703654854458443 
11.379999999986817, -0.3468496850040952 
11.389999999986793, -0.3465798765996072 
11.39999999998677, -0.3462187840616885 
11.409999999986747, -0.34575574795647734 
11.419999999986723, -0.34517039896925794 
11.4299999999867, -0.34442284543251656 
11.439999999986677, -0.34343676369040316 
11.449999999986654, -0.3420668111258997 
11.45999999998663, -0.34003737441925846 
11.469999999986607, -0.33684565524441956 
11.479999999986584, -0.33167928193243146 
11.48999999998656, -0.32356434587355143 
11.499999999986537, -0.31206384082869065 
11.509999999986514, -0.29821211534617154 
11.51999999998649, -0.28433000886006404 
11.529999999986467, -0.2724859179789177 
11.539999999986444, -0.2634565980814431 
11.54999999998642, -0.25699453057530075 
11.559999999986397, -0.2524905618308787 
11.569999999986374, -0.2493655078801457 
11.57999999998635, -0.2471856545520763 
11.589999999986327, -0.24565717478433619 
11.599999999986304, -0.2445915017716236 
11.60999999998628, -0.24387393515177588 
11.619999999986257, -0.24344226485995063 
11.629999999986234, -0.24327484931711846 
11.63999999998621, -0.24338669229456306 
11.649999999986187, -0.24383302568364096 
11.659999999986164, -0.24472135718474514 
11.66999999998614, -0.2462344455687909 
11.679999999986117, -0.248667289567892 
11.689999999986094, -0.25247722806933437 
11.69999999998607, -0.2583257989876021 
11.709999999986048, -0.2670278288550668 
11.719999999986024, -0.27920515167774895 
11.729999999986001, -0.2944537135547833 
11.739999999985978, -0.31054464940076476 
11.749999999985954, -0.3242257794163238 
11.759999999985931, -0.333589956956125 
11.769999999985908, -0.33901618859009164 
11.779999999985884, -0.3419024103797511 
11.789999999985861, -0.34342889472164545 
11.799999999985838, -0.34427507694157106 
11.809999999985815, -0.3447724320075779 
11.819999999985791, -0.34507391978970714 
11.829999999985768, -0.34525071701725885 
11.839999999985745, -0.34533728339602116 
11.849999999985721, -0.3453511102766848 
11.859999999985698, -0.34530187990829087 
11.869999999985675, -0.3451968948499124 
11.879999999985651, -0.345045730069843 
11.889999999985628, -0.3448648659937671 
11.899999999985605, -0.3446813012999348 
11.909999999985581, -0.34453292003003394 
11.919999999985558, -0.34446371395489805 
11.929999999985535, -0.34451409516889203 
11.939999999985512, -0.3447088499320262 
11.949999999985488, -0.34504627739893223 
11.959999999985465, -0.3454925460415795 
11.969999999985442, -0.34598574175081775 
11.979999999985418, -0.3464513205144145 
11.989999999985395, -0.346823046630574 
11.999999999985372, -0.3470579143652094 
12.009999999985348, -0.34713785399713115 
12.019999999985325, -0.3470607333627179 
12.029999999985302, -0.34682778449292273 
12.039999999985278, -0.3464320581301727 
12.049999999985255, -0.3458479720744804 
12.059999999985232, -0.34501907535052584 
12.069999999985209, -0.34384009087087836 
12.079999999985185, -0.3421305659359423 
12.089999999985162, -0.3396056781235446 
12.099999999985139, -0.3358757129212127 
12.109999999985115, -0.33055069392796677 
12.119999999985092, -0.3235195893213818 
12.129999999985069, -0.3152644099116928 
12.139999999985045, -0.30680597813963967 
12.149999999985022, -0.2991749017260793 
12.159999999984999, -0.29293186105440977 
12.169999999984976, -0.28813256365953244 
12.179999999984952, -0.2845579197377014 
12.189999999984929, -0.281922383430033 
12.199999999984906, -0.2799750379721547 
12.209999999984882, -0.2785269817672543 
12.219999999984859, -0.2774478105727806 
12.229999999984836, -0.2766543763205367 
12.239999999984812, -0.2761008180618865 
12.249999999984789, -0.275772627502239 
12.259999999984766, -0.27568558922120506 
12.269999999984742, -0.27589039089493717 
12.27999999998472, -0.27648452901838877 
12.289999999984696, -0.27763444192112074 
12.299999999984673, -0.27961190566716204 
12.30999999998465, -0.2828468774809244 
12.319999999984626, -0.2879845949451162 
12.329999999984603, -0.29588266956479137 
12.33999999998458, -0.30736136338798625 
12.349999999984556, -0.3224231837476598 
12.359999999984533, -0.3391514750657566 
12.36999999998451, -0.3539136543663975 
12.379999999984486, -0.36395145899900055 
12.389999999984463, -0.36932642391147325 
12.39999999998444, -0.37175901513713044 
12.409999999984416, -0.3727993179665442 
12.419999999984393, -0.3732861944660243 
12.42999999998437, -0.37356574411029775 
12.439999999984346, -0.37375736611192145 
12.449999999984323, -0.3738962681601813 
12.4599999999843, -0.37399082225151753 
12.469999999984276, -0.3740420988183605 
12.479999999984253, -0.37404974855123585 
12.48999999998423, -0.374013978288184 
12.499999999984206, -0.37393722559700504 
12.509999999984183, -0.3738267159604033 
12.51999999998416, -0.3736977354201269 
12.529999999984136, -0.3735761767890961 
12.539999999984113, -0.37349802472970967 
12.54999999998409, -0.37350394863872405 
12.559999999984067, -0.37362927604008733 
12.569999999984043, -0.3738919075683962 
12.57999999998402, -0.37428203112615505 
12.589999999983997, -0.37475829366354346 
12.599999999983973, -0.3752548122615697 
12.60999999998395, -0.3756989033911359 
12.619999999983927, -0.3760313521110128 
12.629999999983903, -0.3762178991084294 
12.63999999998388, -0.37624741644383675 
12.649999999983857, -0.3761213610832922 
12.659999999983834, -0.3758414810418184 
12.66999999998381, -0.3753991211535136 
12.679999999983787, -0.374765173351556 
12.689999999983764, -0.37387714407340616 
12.69999999998374, -0.3726185231974866 
12.709999999983717, -0.3707859670662635 
12.719999999983694, -0.3680471777098275 
12.72999999998367, -0.3639218349924556 
12.739999999983647, -0.3578812261147744 
12.749999999983624, -0.34968525364134795 
12.7599999999836, -0.3398327073605857 
12.769999999983577, -0.32958099072505204 
12.779999999983554, -0.320279799747314 
12.78999999998353, -0.3126910340627582 
12.799999999983507, -0.3069062617950878 
12.809999999983484, -0.3026491141368025 
12.81999999998346, -0.2995557175797616 
12.829999999983437, -0.2973085501923255 
12.839999999983414, -0.29567050587541593 
12.84999999998339, -0.294478402297663 
12.859999999983367, -0.2936270556938071 
12.869999999983344, -0.2930553337352256 
12.87999999998332, -0.2927371610360744 
12.889999999983297, -0.2926778591841448 
12.899999999983274, -0.2929159503310888 
12.90999999998325, -0.2935311801240356 
12.919999999983228, -0.29466046708548643 
12.929999999983204, -0.29652422280448365 
12.939999999983181, -0.2994643207510027 
12.949999999983158, -0.30398647935903 
12.959999999983134, -0.3107701170761442 
12.969999999983111, -0.32053789467072735 
12.979999999983088, -0.33359839791231427 
12.989999999983064, -0.34905517245743817 
12.999999999983041, -0.3644684590784815 
13.009999999983018, -0.37709298124911045 
13.019999999982995, -0.3857411551506424 
13.029999999982971, -0.39098797435220334 
13.039999999982948, -0.39401219674697263 
13.049999999982925, -0.3957612960675293 
13.059999999982901, -0.39680092298191494 
13.069999999982878, -0.3974311436587119 
13.079999999982855, -0.39780649078484676 
13.089999999982831, -0.3980072145135653 
13.099999999982808, -0.39807507899419825 
13.109999999982785, -0.3980307459028082 
13.119999999982761, -0.39788301578066376 
13.129999999982738, -0.39763534368599135 
13.139999999982715, -0.39729234887137826 
13.149999999982692, -0.3968668997041292 
13.159999999982668, -0.396385881982949 
13.169999999982645, -0.3958908933459807 
13.179999999982622, -0.3954312260477496 
13.189999999982598, -0.395051002550737 
13.199999999982575, -0.3947763004112149 
13.209999999982552, -0.39460779761174747 
13.219999999982528, -0.39452131001967106 
13.229999999982505, -0.39447571607848275 
13.239999999982482, -0.3944253218824988 
13.249999999982458, -0.3943315277097334 
13.259999999982435, -0.3941689491581229 
13.269999999982412, -0.39392474467195654 
13.279999999982389, -0.39359361026650225 
13.289999999982365, -0.393171690186907 
13.299999999982342, -0.39265100382430135 
13.309999999982319, -0.3920138400619622 
13.319999999982295, -0.39122456802901306 
13.329999999982272, -0.390213452868475 
13.339999999982249, -0.38884143920697023 
13.349999999982225, -0.38682583711917223 
13.359999999982202, -0.3836059342896876 
13.369999999982179, -0.37819164521771864 
13.379999999982156, -0.3692753291166405 
13.389999999982132, -0.35611370166249634 
13.399999999982109, -0.3398677813111953 
13.409999999982086, -0.3234735902721158 
13.419999999982062, -0.3095798007170159 
13.429999999982039, -0.29914731131760164 
13.439999999982016, -0.29182929786243766 
13.449999999981992, -0.28684687358125316 
13.459999999981969, -0.28348085956860725 
13.469999999981946, -0.2812036567368619 
13.479999999981922, -0.27966296357916287 
13.4899999999819, -0.27863409799494226 
13.499999999981876, -0.2779789755501332 
13.509999999981853, -0.2776183004154452 
13.51999999998183, -0.2775150407291601 
13.529999999981806, -0.2776663874942903 
13.539999999981783, -0.2781023682964271 
13.54999999998176, -0.2788904058614555 
13.559999999981736, -0.28014586305909506 
13.569999999981713, -0.28204839695768025 
13.57999999998169, -0.2848610087451053 
13.589999999981666, -0.2889386525987849 
13.599999999981643, -0.294689129296471 
13.60999999998162, -0.3024141519088209 
13.619999999981596, -0.31197644737672947 
13.629999999981573, -0.32245995498981694 
13.63999999998155, -0.3323254717161404 
13.649999999981526, -0.3402470146542961 
13.659999999981503, -0.3458124085418107 
13.66999999998148, -0.3493875006330002 
13.679999999981456, -0.3515780317558978 
13.689999999981433, -0.3528905331278026 
13.69999999998141, -0.3536587676190766 
13.709999999981386, -0.3540806568019297 
13.719999999981363, -0.3542676303332638 
13.72999999998134, -0.35427949650140966 
13.739999999981316, -0.3541454623169457 
13.749999999981293, -0.3538771022961172 
13.75999999998127, -0.3534782271129003 
13.769999999981247, -0.35295469058228923 
13.779999999981223, -0.35232445247126976 
13.7899999999812, -0.35162469002839825 
13.799999999981177, -0.35091076949021105 
13.809999999981153, -0.35024495174409237 
13.81999999998113, -0.3496796377312669 
13.829999999981107, -0.34924366085573777 
13.839999999981083, -0.3489369672346943 
13.84999999998106, -0.34873380584009805 
13.859999999981037, -0.3485920413850434 
13.869999999981014, -0.34846532074002 
13.87999999998099, -0.34831383543882105 
13.889999999980967, -0.3481098642111529 
13.899999999980944, -0.3478371733051271 
13.90999999998092, -0.3474863416024999 
13.919999999980897, -0.3470486783078514 
13.929999999980874, -0.34650987734999694 
13.93999999998085, -0.3458423712758839 
13.949999999980827, -0.3449929128572947 
13.959999999980804, -0.34385826181338447 
13.96999999998078, -0.342235951450594 
13.979999999980757, -0.3397328895323475 
13.989999999980734, -0.33563846442806045 
13.99999999998071, -0.32889477378637755 
14.009999999980687, -0.3185353207798641 
14.019999999980664, -0.3047772005971764 
14.02999999998064, -0.289662189702472 
14.039999999980617, -0.2758614951578 
14.049999999980594, -0.26492883652460913 
14.05999999998057, -0.2569926609108972 
14.069999999980547, -0.25146888565647907 
14.079999999980524, -0.24767287703973007 
14.0899999999805, -0.24505809972152287 
14.099999999980477, -0.24324553378707692 
14.109999999980454, -0.24198894826579553 
14.11999999998043, -0.24113544887320604 
14.129999999980408, -0.2405965250448924 
14.139999999980384, -0.24033039792316893 
14.149999999980361, -0.24033365356753117 
14.159999999980338, -0.2406407530910239 
14.169999999980314, -0.24133142780568115 
14.179999999980291, -0.24254751116528142 
14.189999999980268, -0.24452191305623291 
14.199999999980244, -0.24762120293008846 
14.209999999980221, -0.25239262207430385 
14.219999999980198, -0.25956790328906226 
14.229999999980175, -0.26988507630880226 
14.239999999980151, -0.2835055835336423 
14.249999999980128, -0.2991168034073919 
14.259999999980105, -0.31384831413640557 
14.269999999980081, -0.3250565163126358 
14.279999999980058, -0.3321355749992473 
14.289999999980035, -0.33611067880999973 
14.299999999980011, -0.3382566053532836 
14.309999999979988, -0.3394386179493212 
14.319999999979965, -0.34011964908130565 
14.329999999979941, -0.3405252209269011 
14.339999999979918, -0.34076352033769475 
14.349999999979895, -0.34088770590920375 
14.359999999979872, -0.3409248002058589 
14.369999999979848, -0.34088914452252367 
14.379999999979825, -0.3407896799341325 
14.389999999979802, -0.3406353517107258 
14.399999999979778, -0.34044024120215594 
14.409999999979755, -0.340228047183624 
14.419999999979732, -0.3400339481414708 
14.429999999979708, -0.33990158263462494 
14.439999999979685, -0.3398746374435814 
14.449999999979662, -0.3399851466090854 
14.459999999979638, -0.3402419846888908 
14.469999999979615, -0.34062326913178814 
14.479999999979592, -0.3410768213838544 
14.489999999979569, -0.3415316950166559 
14.499999999979545, -0.34191784612947973 
14.509999999979522, -0.34218388580285825 
14.519999999979499, -0.34230345450277355 
14.529999999979475, -0.34226945419511423 
14.539999999979452, -0.3420823211535371 
14.549999999979429, -0.34173812103353673 
14.559999999979405, -0.3412179694954713 
14.569999999979382, -0.34047671923784917 
14.579999999979359, -0.33942719061940296 
14.589999999979335, -0.3379164872458395 
14.599999999979312, -0.3356960456353646 
14.609999999979289, -0.332406137404364 
14.619999999979266, -0.32763702305386133 
14.629999999979242, -0.3211532657221873 
14.639999999979219, -0.3132321803153684 
14.649999999979196, -0.30476492066211036 
14.659999999979172, -0.29684171497647016 
14.669999999979149, -0.2901899261520339 
14.679999999979126, -0.2849996367970924 
14.689999999979102, -0.2811090132385008 
14.69999999997908, -0.2782377740036401 
14.709999999979056, -0.2761197853121292 
14.719999999979033, -0.27454747655053724 
14.72999999997901, -0.27337427432239886 
14.739999999978986, -0.27250426245403175 
14.749999999978963, -0.27188137209925023 
14.75999999997894, -0.2714821280289734 
14.769999999978916, -0.2713131062482404 
14.779999999978893, -0.2714138201902273 
14.78999999997887, -0.27186640064397 
14.799999999978846, -0.27281467836622797 
14.809999999978823, -0.2744966329590673 
14.8199999999788, -0.27729372565144045 
14.829999999978776, -0.28179121990616995 
14.839999999978753, -0.28880427926034463 
14.84999999997873, -0.2992178986982536 
14.859999999978706, -0.31334723932932995 
14.869999999978683, -0.3297880118864936 
14.87999999997866, -0.34507154796145667 
14.889999999978636, -0.3558793034341523 
14.899999999978613, -0.36166893630976626 
14.90999999997859, -0.36410739062385267 
14.919999999978566, -0.36496998579775014 
14.929999999978543, -0.36526391362484395 
14.93999999997852, -0.36539631629816827 
14.949999999978496, -0.36549233248207036 
14.959999999978473, -0.36557649354541744 
14.96999999997845, -0.36564563486982526 
14.979999999978427, -0.36569243064533086 
14.989999999978403, -0.36571132689036256 
14.99999999997838, -0.36569957865228514 
15.009999999978357, -0.3656578596086353 
15.019999999978333, -0.3655918452427193 
15.02999999997831, -0.3655147995441347 
15.039999999978287, -0.3654500775972218 
15.049999999978263, -0.3654314984826198 
15.05999999997824, -0.36549951936949404 
15.069999999978217, -0.3656925699488061 
15.079999999978194, -0.36603499703533354 
15.08999999997817, -0.3665247607122916 
15.099999999978147, -0.3671256515767769 
15.109999999978124, -0.36777007970957154 
15.1199999999781, -0.36837555053766413 
15.129999999978077, -0.36886863921042856 
15.139999999978054, -0.369202776771058 
15.14999999997803, -0.3693606894752492 
15.159999999978007, -0.3693441647029717 
15.169999999977984, -0.3691597916937673 
15.17999999997796, -0.3688064423207353 
15.189999999977937, -0.368264866346303 
15.199999999977914, -0.3674864242100552 
15.20999999997789, -0.366376839767948 
15.219999999977867, -0.36477163740343255 
15.229999999977844, -0.3624059870212769 
15.23999999997782, -0.3589027484700181 
15.249999999977797, -0.3538455342487884 
15.259999999977774, -0.34702106005499317 
15.26999999997775, -0.3387597717898315 
15.279999999977727, -0.3300040098843586 
15.289999999977704, -0.3218591294933669 
15.29999999997768, -0.31503865381737767 
15.309999999977657, -0.30971554752843194 
15.319999999977634, -0.3057183639939304 
15.32999999997761, -0.30276276905587607 
15.339999999977588, -0.30058071065769465 
15.349999999977564, -0.2989632850493293 
15.359999999977541, -0.2977627963152664 
15.369999999977518, -0.2968823876997348 
15.379999999977494, -0.29626522052915805 
15.389999999977471, -0.29588711587014765 
15.399999999977448, -0.2957537146958886 
15.409999999977424, -0.2959026948930995 
15.419999999977401, -0.2964120707089593 
15.429999999977378, -0.2974165632603124 
15.439999999977355, -0.29913499750798306 
15.449999999977331, -0.3019111402547986 
15.459999999977308, -0.3062631616488926 
15.469999999977285, -0.3129086864451329 
15.479999999977261, -0.3226582739224221 
15.489999999977238, -0.33596621820486766 
15.499999999977215, -0.35205422073120496 
15.509999999977191, -0.3683709801189012 
15.519999999977168, -0.38180104975307105 
15.529999999977145, -0.39088101827580635 
15.539999999977121, -0.3962277205254475 
15.549999999977098, -0.3992001296804345 
15.559999999977075, -0.40087297503216784 
15.569999999977052, -0.4018601293743833 
15.579999999977028, -0.4024684111245119 
15.589999999977005, -0.4028464053639601 
15.599999999976982, -0.4030676561343866 
15.609999999976958, -0.4031696230905787 
15.619999999976935, -0.40317107966609217 
15.629999999976912, -0.4030804616338221 
15.639999999976888, -0.4029011825333867 
15.649999999976865, -0.4026367851211493 
15.659999999976842, -0.4022968704072195 
15.669999999976818, -0.40190270349449 
15.679999999976795, -0.4014894357469895 
15.689999999976772, -0.40110184463818577 
15.699999999976749, -0.40078366563392737 
15.709999999976725, -0.4005647613606821 
15.719999999976702, -0.4004516790526247 
15.729999999976679, -0.40042521711516815 
15.739999999976655, -0.4004459646441908 
15.749999999976632, -0.40046606060375645 
15.759999999976609, -0.400442329469837 
15.769999999976585, -0.40034483921551106 
15.779999999976562, -0.4001579835723289 
15.789999999976539, -0.39987582531092414 
15.799999999976515, -0.39949540132267736 
15.809999999976492, -0.39901039401076255 
15.819999999976469, -0.39840519370453803 
15.829999999976446, -0.3976472652445765 
15.839999999976422, -0.3966733392520222 
15.849999999976399, -0.3953606285551512 
15.859999999976376, -0.39346694907195606 
15.869999999976352, -0.390519840094646 
15.879999999976329, -0.3856728163449829 
15.889999999976306, -0.37771949164090146 
15.899999999976282, -0.36571613577998036 
15.90999999997626, -0.3502471531800829 
15.919999999976236, -0.333828852857903 
15.929999999976213, -0.31928434678012013 
15.93999999997619, -0.30801333842701756 
15.949999999976166, -0.2999541588634981 
15.959999999976143, -0.29441014614044614 
15.96999999997612, -0.29064498076493483 
15.979999999976096, -0.2880891939725213 
15.989999999976073, -0.2863523564241167 
15.99999999997605, -0.28518130943790104 
16.009999999976028, -0.2844178204573341 
16.019999999976005, -0.28396808732212775 
16.02999999997598, -0.2837837656037455 
16.039999999975958, -0.28385188923786386 
16.049999999975935, -0.2841916426065973 
16.05999999997591, -0.28485700500428146 
16.069999999975888, -0.2859451298565696 
16.079999999975865, -0.28761046502913534 
16.08999999997584, -0.2900828504535601 
16.099999999975818, -0.2936809186698665 
16.109999999975795, -0.29879390849587323 
16.11999999997577, -0.30577284913482705 
16.129999999975748, -0.3146613139191501 
16.139999999975725, -0.32483122045555385 
16.1499999999757, -0.33492198932463935 
16.15999999997568, -0.3434707835227845 
16.169999999975655, -0.3497474873852366 
16.17999999997563, -0.353899740784588 
16.18999999997561, -0.3564855463757032 
16.199999999975585, -0.35804904148762196 
16.20999999997556, -0.35897395824730827 
16.21999999997554, -0.35949565535253764 
16.229999999975515, -0.35974923761080735 
16.239999999975492, -0.35980860804654435 
16.24999999997547, -0.35971100048221405 
16.259999999975445, -0.35947182410744805 
16.269999999975422, -0.35909512238494673 
16.2799999999754, -0.3585834149295092 
16.289999999975375, -0.3579483347554162 
16.299999999975352, -0.35721994570713594 
16.30999999997533, -0.3564494117274783 
16.319999999975305, -0.3557007663452423 
16.329999999975282, -0.3550342546341347 
16.33999999997526, -0.35448992599707535 
16.349999999975235, -0.3540790585326973 
16.359999999975212, -0.35378506473157406 
16.36999999997519, -0.3535714870355892 
16.379999999975166, -0.3533936602395425 
16.389999999975142, -0.3532100949689914 
16.39999999997512, -0.3529897108172367 
16.409999999975096, -0.3527131856036752 
16.419999999975072, -0.35236970569644904 
16.42999999997505, -0.35195173316460016 
16.439999999975026, -0.3514495040440645 
16.449999999975002, -0.35084507752160565 
16.45999999997498, -0.35010362605858447 
16.469999999974956, -0.3491566121728443 
16.479999999974932, -0.34786586345830833 
16.48999999997491, -0.34594898840299954 
16.499999999974886, -0.3428471729820106 
16.509999999974863, -0.337583280379751 
16.51999999997484, -0.3288942569554913 
16.529999999974816, -0.31612445146047036 
16.539999999974793, -0.3005059121955523 
16.54999999997477, -0.28491575964542165 
16.559999999974746, -0.2718276376227242 
16.569999999974723, -0.2620565142899234 
16.5799999999747, -0.25521053865713705 
16.589999999974676, -0.2505336963216445 
16.599999999974653, -0.24734987836940908 
16.60999999997463, -0.2451708921547778 
16.619999999974606, -0.24367424237309893 
16.629999999974583, -0.24265663309084823 
16.63999999997456, -0.24199580995879696 
16.649999999974536, -0.2416255974608787 
16.659999999974513, -0.24152205994268425 
16.66999999997449, -0.24169841696802158 
16.679999999974466, -0.24220764028041036 
16.689999999974443, -0.24315318153633259 
16.69999999997442, -0.24470959623363156 
16.709999999974396, -0.2471549676795882 
16.719999999974373, -0.2509123536906946 
16.72999999997435, -0.2565773057598993 
16.739999999974327, -0.2648521277225394 
16.749999999974303, -0.276216530626672 
16.75999999997428, -0.2902163835490798 
16.769999999974257, -0.3048760955744113 
16.779999999974233, -0.31745691695264344 
16.78999999997421, -0.3263515245092062 
16.799999999974187, -0.3317932523221311 
16.809999999974163, -0.3348836716471575 
16.81999999997414, -0.3366167183486929 
16.829999999974117, -0.33761016577951236 
16.839999999974093, -0.3381935259318384 
16.84999999997407, -0.33853393994332315 
16.859999999974047, -0.3387162482947226 
16.869999999974024, -0.33878422104097383 
16.879999999974, -0.338760706964729 
16.889999999973977, -0.3386582012762748 
16.899999999973954, -0.33848581375085957 
16.90999999997393, -0.33825535445142224 
16.919999999973907, -0.33798694737563717 
16.929999999973884, -0.33771257213443484 
16.93999999997386, -0.33747495096327423 
16.949999999973837, -0.3373204807709696 
16.959999999973814, -0.33728790303147893 
16.96999999997379, -0.3373964794893118 
16.979999999973767, -0.3376374240941585 
16.989999999973744, -0.3379719405660043 
16.99999999997372, -0.33833872708712365 
17.009999999973697, -0.3386702482915717 
17.019999999973674, -0.3389106296916132 
17.02999999997365, -0.33902568025169805 
17.039999999973627, -0.3390013261162421 
17.049999999973604, -0.3388342981817963 
17.05999999997358, -0.33852087217101046 
17.069999999973557, -0.3380463855880877 
17.079999999973534, -0.3373745015297164 
17.08999999997351, -0.3364328455685635 
17.099999999973488, -0.3350907661532264 
17.109999999973464, -0.33312713526979165 
17.11999999997344, -0.3301987659943496 
17.129999999973418, -0.3258571413048969 
17.139999999973394, -0.31971307953866346 
17.14999999997337, -0.31179597696402345 
17.159999999973348, -0.3028426106568784 
17.169999999973324, -0.2940536074868097 
17.1799999999733, -0.2864313748837165 
17.189999999973278, -0.28038480869859567 
17.199999999973254, -0.27583391848389016 
17.20999999997323, -0.2724888216626543 
17.219999999973208, -0.2700417059711749 
17.229999999973185, -0.2682424608302221 
17.23999999997316, -0.2669107001280215 
17.249999999973138, -0.26592571707230417 
17.259999999973115, -0.265213304712044 
17.26999999997309, -0.26473582807164997 
17.279999999973068, -0.2644871964355283 
17.289999999973045, -0.26449328056884924 
17.29999999997302, -0.2648187187624162 
17.309999999972998, -0.2655821852805657 
17.319999999972975, -0.26698366968778603 
17.32999999997295, -0.2693479946888275 
17.339999999972928, -0.2731840387225173 
17.349999999972905, -0.2792338118645995 
17.35999999997288, -0.2884051289899746 
17.36999999997286, -0.30132944771674913 
17.379999999972835, -0.3173158208334457 
17.38999999997281, -0.33346101876108464 
17.39999999997279, -0.34597904677970237 
17.409999999972765, -0.3532625406597131 
17.41999999997274, -0.35650675404409105 
17.42999999997272, -0.3576601630042024 
17.439999999972695, -0.35800976348273167 
17.449999999972672, -0.3581244352846721 
17.45999999997265, -0.358192685960471 
17.469999999972625, -0.3582571064454635 
17.479999999972602, -0.35831694513397194 
17.48999999997258, -0.35836331258793097 
17.499999999972555, -0.3583887790787668 
17.509999999972532, -0.3583891658950976 
17.51999999997251, -0.3583639530517201 
17.529999999972485, -0.35831739469641716 
17.539999999972462, -0.35826072416589344 
17.54999999997244, -0.358214716511762 
17.559999999972415, -0.3582108589972725 
17.569999999972392, -0.35828898225321765 
17.57999999997237, -0.35849010240463325 
17.589999999972346, -0.3588450710394752 
17.599999999972322, -0.35936140766631525 
17.6099999999723, -0.360012522295026 
17.619999999972276, -0.36073577738920987 
17.629999999972252, -0.3614451443848195 
17.63999999997223, -0.3620559109814829 
17.649999999972206, -0.3625080008050623 
17.659999999972182, -0.3627744311914275 
17.66999999997216, -0.3628536332910722 
17.679999999972136, -0.3627543827976469 
17.689999999972112, -0.3624815122943611 
17.69999999997209, -0.36202466939056577 
17.709999999972066, -0.3613479143549157 
17.719999999972043, -0.36037636541242923 
17.72999999997202, -0.3589767109868307 
17.739999999971996, -0.35693293365401835 
17.749999999971973, -0.3539337280872365 
17.75999999997195, -0.34962026682286124 
17.769999999971926, -0.34376436591294407 
17.779999999971903, -0.33655199867886165 
17.78999999997188, -0.32870780804371413 
17.799999999971856, -0.3211981684591005 
17.809999999971833, -0.3147424086357212 
17.81999999997181, -0.3095970735333775 
17.829999999971786, -0.30567255323791964 
17.839999999971763, -0.30273672359211934 
17.84999999997174, -0.30054838178736626 
17.859999999971716, -0.2989105281775355 
17.869999999971693, -0.29767985742778535 
17.87999999997167, -0.2967603584531725 
17.889999999971646, -0.2960942820654665 
17.899999999971623, -0.29565540732032713 
17.9099999999716, -0.29544622416983 
17.919999999971576, -0.29549982984406836 
17.929999999971553, -0.2958876640476237 
17.93999999997153, -0.29673513918927935 
17.949999999971507, -0.2982483573836222 
17.959999999971483, -0.3007552141652948 
17.96999999997146, -0.3047587701345372 
17.979999999971437, -0.3109764187444085 
17.989999999971413, -0.3202676562132224 
17.99999999997139, -0.33323225083725644 
18.009999999971367, -0.3493095512896565 
18.019999999971343, -0.36601404967635265 
18.02999999997132, -0.3799398526549419 
18.039999999971297, -0.38926244613459005 
18.049999999971273, -0.394551213105539 
18.05999999997125, -0.3973311173231884 
18.069999999971227, -0.3988154623160494 
18.079999999971204, -0.3996691412972538 
18.08999999997118, -0.40020021216648827 
18.099999999971157, -0.40054390432023024 
18.109999999971134, -0.4007608469214151 
18.11999999997111, -0.4008797811965626 
18.129999999971087, -0.4009147282827382 
18.139999999971064, -0.40087213669384136 
18.14999999997104, -0.40075484698852193 
18.159999999971017, -0.40056584433971587 
18.169999999970994, -0.4003128767707412 
18.17999999997097, -0.4000133620455335 
18.189999999970947, -0.3996972449280907 
18.199999999970924, -0.399404791278794 
18.2099999999709, -0.3991782099510997 
18.219999999970877, -0.3990496420896929 
18.229999999970854, -0.3990303290759129 
18.23999999997083, -0.3991052636481498 
18.249999999970807, -0.3992358283913693 
18.259999999970784, -0.3993704054696926 
18.26999999997076, -0.39945899896249343 
18.279999999970737, -0.39946487762361527 
18.289999999970714, -0.3993681151093077 
18.29999999997069, -0.399161465660557 
18.309999999970668, -0.39884268022050606 
18.319999999970644, -0.3984067369475433 
18.32999999997062, -0.39783871806849946 
18.339999999970598, -0.39710552093550155 
18.349999999970574, -0.39614232958530654 
18.35999999997055, -0.3948265170975208 
18.369999999970528, -0.39292674885510614 
18.379999999970504, -0.39001396955627166 
18.38999999997048, -0.3853519314748545 
18.399999999970458, -0.37791366258053605 
18.409999999970434, -0.3668678003459573 
18.41999999997041, -0.3526072146575274 
18.429999999970388, -0.33721247442959335 
18.439999999970365, -0.3232397680449418 
18.44999999997034, -0.3121441741777564 
18.459999999970318, -0.3040407315488991 
18.469999999970295, -0.2983673239699977 
18.47999999997027, -0.2944555577960558 
18.489999999970248, -0.29176243340252206 
18.499999999970225, -0.28990486221261863 
18.5099999999702, -0.2886296534684398 
18.519999999970178, -0.2877762456272609 
18.529999999970155, -0.2872481404617985 
18.53999999997013, -0.2869945525163785 
18.549999999970108, -0.28700045857061995 
18.559999999970085, -0.2872833580691717 
18.56999999997006, -0.2878959629651538 
18.57999999997004, -0.28893490901152136 
18.589999999970015, -0.2905559481229151 
18.59999999996999, -0.29299483326505565 
18.60999999996997, -0.2965871238467364 
18.619999999969945, -0.3017626177369265 
18.62999999996992, -0.3089542451074736 
18.6399999999699, -0.3183314188441196 
18.649999999969875, -0.32937129358946154 
18.659999999969852, -0.34065550295132885 
18.66999999996983, -0.35045253656505004 
18.679999999969805, -0.35774864822518443 
18.689999999969782, -0.3625922353803866 
18.69999999996976, -0.36560002416012216 
18.709999999969735, -0.3674141900516249 
18.719999999969712, -0.36849350372614087 
18.72999999996969, -0.36911838885163467 
18.739999999969665, -0.36944897559013545 
18.749999999969642, -0.3695732777383475 
18.75999999996962, -0.3695370375932139 
18.769999999969595, -0.36936099490748475 
18.779999999969572, -0.369051921600864 
18.78999999996955, -0.3686119191605767 
18.799999999969526, -0.3680482930769563 
18.809999999969502, -0.367383270692252 
18.81999999996948, -0.3666593373264731 
18.829999999969456, -0.36593514272507294 
18.839999999969432, -0.3652716715566738 
18.84999999996941, -0.3647153469596052 
18.859999999969386, -0.3642864868120129 
18.869999999969362, -0.3639769432032211 
18.87999999996934, -0.36375583986824656 
18.889999999969316, -0.36358034786068705 
18.899999999969292, -0.3634076359388308 
18.90999999996927, -0.3632037517895904 
18.919999999969246, -0.3629467604560369 
18.929999999969223, -0.3626246216040609 
18.9399999999692, -0.3622303617084823 
18.949999999969176, -0.3617567739724828 
18.959999999969153, -0.36119116138158747 
18.96999999996913, -0.36050866487362754 
18.979999999969106, -0.3596602575040342 
18.989999999969083, -0.3585469896804291 
18.99999999996906, -0.35696376728339996 
19.009999999969036, -0.35448778149798205 
19.019999999969013, -0.3503124864155495 
19.02999999996899, -0.3431899421245794 
19.039999999968966, -0.33196448930772 
19.049999999968943, -0.31692425947173153 
19.05999999996892, -0.3005092480559335 
19.069999999968896, -0.2857511479466528 
19.079999999968873, -0.2742664439108321 
19.08999999996885, -0.266068139472743 
19.099999999968826, -0.2604473406755722 
19.109999999968803, -0.2566389319513447 
19.11999999996878, -0.25405321234128375 
19.129999999968756, -0.2522895967650999 
19.139999999968733, -0.251091270199552 
19.14999999996871, -0.2503000056546683 
19.159999999968687, -0.24982427987750025 
19.169999999968663, -0.24962002910433148 
19.17999999996864, -0.2496811842405578 
19.189999999968617, -0.25003802037187606 
19.199999999968593, -0.250762782646607 
19.20999999996857, -0.25198334842981407 
19.219999999968547, -0.2539063235906862 
19.229999999968523, -0.25684912360524087 
19.2399999999685, -0.26127055366339025 
19.249999999968477, -0.2677581201026086 
19.259999999968453, -0.2768657854149873 
19.26999999996843, -0.2886580075161557 
19.279999999968407, -0.30207426672089366 
19.289999999968384, -0.31491379889619175 
19.29999999996836, -0.3250967041137202 
19.309999999968337, -0.33197083034771663 
19.319999999968314, -0.3361511958644693 
19.32999999996829, -0.33858304988430177 
19.339999999968267, -0.3399934008791124 
19.349999999968244, -0.3408197121457809 
19.35999999996822, -0.3413005179009612 
19.369999999968197, -0.3415621502593565 
19.379999999968174, -0.34167127623715554 
19.38999999996815, -0.3416627386879933 
19.399999999968127, -0.34155435609881024 
19.409999999968104, -0.34135604962669563 
19.41999999996808, -0.3410772204728639 
19.429999999968057, -0.34073374332319256 
19.439999999968034, -0.3403535124997338 
19.44999999996801, -0.33997766197551404 
19.459999999967987, -0.33965510427770196 
19.469999999967964, -0.3394313688900345 
19.47999999996794, -0.3393360375103113 
19.489999999967917, -0.33937337238687215 
19.499999999967894, -0.339519087624795 
19.50999999996787, -0.3397250259828787 
19.519999999967848, -0.33993163045808955 
19.529999999967824, -0.3400837959842382 
19.5399999999678, -0.34014243055725935 
19.549999999967778, -0.3400866795133014 
19.559999999967754, -0.3399080314180309 
19.56999999996773, -0.33960092971510514 
19.579999999967708, -0.3391531481286543 
19.589999999967684, -0.338535922390652 
19.59999999996766, -0.3376910729742381 
19.609999999967638, -0.3365103717739878 
19.619999999967614, -0.33480157990745907 
19.62999999996759, -0.3322408041253913 
19.639999999967568, -0.3283379899984745 
19.649999999967545, -0.32251153390208404 
19.65999999996752, -0.3144206121351481 
19.669999999967498, -0.3044827341288298 
19.679999999967475, -0.2939893210268012 
19.68999999996745, -0.28441652461364303 
19.699999999967428, -0.27662639310962 
19.709999999967405, -0.27073311490879065 
19.71999999996738, -0.26643709670715515 
19.729999999967358, -0.26334354907035407 
19.739999999967335, -0.2611118629589087 
19.74999999996731, -0.25949098875529825 
19.759999999967288, -0.25831025075626907 
19.769999999967265, -0.2574608649613887 
19.77999999996724, -0.2568804183617879 
19.78999999996722, -0.2565432006082923 
19.799999999967195, -0.25645665444216564 
19.80999999996717, -0.25666418048386125 
19.81999999996715, -0.2572554996236432 
19.829999999967125, -0.2583872237434432 
19.8399999999671, -0.2603176398929152 
19.84999999996708, -0.26345861093834616 
19.859999999967055, -0.2684352912030936 
19.869999999967032, -0.2760969989369591 
19.87999999996701, -0.28730334558729737 
19.889999999966985, -0.30218841844376526 
19.899999999966962, -0.3190167203038535 
19.90999999996694, -0.3341816158358093 
19.919999999966915, -0.34470500242536845 
19.929999999966892, -0.350430374520784 
19.93999999996687, -0.3530391840377321 
19.949999999966845, -0.3541410738940233 
19.959999999966822, -0.3546342898794603 
19.9699999999668, -0.3548993333455944 
19.979999999966775, -0.3550717928206396 
19.989999999966752, -0.35519370737363926 
19.99999999996673, -0.35527614174185324 
20.009999999966706, -0.3553212825507502 
20.019999999966682, -0.3553295291104439 
20.02999999996666, -0.35530204994505155 
20.039999999966636, -0.3552427224793559 
20.049999999966612, -0.35516073175302076 
20.05999999996659, -0.3550736677958008 
20.069999999966566, -0.3550097295041619 
20.079999999966542, -0.3550068696092318 
20.08999999996652, -0.3551072215389259 
20.099999999966496, -0.355346961986417 
20.109999999966472, -0.35574368806473633 
20.11999999996645, -0.35628484648049574 
20.129999999966426, -0.35692251458837637 
20.139999999966403, -0.3575805282596488 
20.14999999996638, -0.35817485687733697 
20.159999999966356, -0.3586377161107249 
20.169999999966333, -0.3589313315307293 
20.17999999996631, -0.3590455905063427 
20.189999999966286, -0.35898534085501044 
20.199999999966263, -0.3587560277854883 
20.20999999996624, -0.35835179831238695 
20.219999999966216, -0.35774513152181786 
20.229999999966193, -0.35687455995457884 
20.23999999996617, -0.3556267564330432 
20.249999999966146, -0.3538118194145787 
20.259999999966123, -0.35114122312324286 
20.2699999999661, -0.347245758846184 
20.279999999966076, -0.34180671943140173 
20.289999999966053, -0.33483326993123963 
20.29999999996603, -0.3268969823733288 
20.309999999966006, -0.3189771329314902 
20.319999999965983, -0.3119542346599062 
20.32999999996596, -0.30625148232722665 
20.339999999965936, -0.3018662761833074 
20.349999999965913, -0.2985830476832946 
20.35999999996589, -0.29614384110760855 
20.369999999965867, -0.2943268461263187 
20.379999999965843, -0.2929662765157106 
20.38999999996582, -0.29194836256365686 
20.399999999965797, -0.29120167888938364 
20.409999999965773, -0.2906889199605341 
20.41999999996575, -0.29040242447462955 
20.429999999965727, -0.29036430018255116 
20.439999999965703, -0.2906320653164013 
20.44999999996568, -0.29131153447887276 
20.459999999965657, -0.29257986405383873 
20.469999999965633, -0.2947224281120216 
20.47999999996561, -0.2981844283345437 
20.489999999965587, -0.303621792621427 
20.499999999965564, -0.31188165936277634 
20.50999999996554, -0.32372662159355703 
20.519999999965517, -0.33905845842017046 
20.529999999965494, -0.35593371609846647 
20.53999999996547, -0.3709071148726212 
20.549999999965447, -0.3814406304226582 
20.559999999965424, -0.3875401389289265 
20.5699999999654, -0.39069805580220945 
20.579999999965377, -0.39231511269740554 
20.589999999965354, -0.3932042024650663 
20.59999999996533, -0.3937435690445901 
20.609999999965307, -0.39409358620485657 
20.619999999965284, -0.3943217973149842 
20.62999999996526, -0.3944581347479203 
20.639999999965237, -0.39451664446234924 
20.649999999965214, -0.39450388983754603 
20.65999999996519, -0.39442290940968666 
20.669999999965167, -0.3942764432348346 
20.679999999965144, -0.3940708795344733 
20.68999999996512, -0.3938208162328679 
20.699999999965097, -0.39355247622941814 
20.709999999965074, -0.39330313399337 
20.71999999996505, -0.3931146885802295 
20.729999999965028, -0.3930226140280369 
20.739999999965004, -0.39304430241389654 
20.74999999996498, -0.3931712857282989 
20.759999999964958, -0.39336876020699746 
20.769999999964934, -0.39358395391200596 
20.77999999996491, -0.393761003991324 
20.789999999964888, -0.39385541967567794 
20.799999999964864, -0.39384097801319096 
20.80999999996484, -0.39370735174499044 
20.819999999964818, -0.3934522273674398 
20.829999999964794, -0.39307241662610515 
20.83999999996477, -0.39255575043777247 
20.849999999964748, -0.3918725235740064 
20.859999999964725, -0.3909629107669298 
20.8699999999647, -0.3897141912639545 
20.879999999964678, -0.3879181995904674 
20.889999999964655, -0.3851992646642083 
20.89999999996463, -0.38092656897339566 
20.909999999964608, -0.37422045128211723 
20.919999999964585, -0.36431907407632286 
20.92999999996456, -0.3514159006972467 
20.939999999964538, -0.33717791050968 
20.949999999964515, -0.32389792046915783 
20.95999999996449, -0.3130755837777185 
20.969999999964468, -0.3050004711617669 
20.979999999964445, -0.2992501484082509 
20.98999999996442, -0.29522971538899007 
20.9999999999644, -0.2924265587973452 
21.009999999964375, -0.2904674734126908 
21.01999999996435, -0.2891009297761457 
21.02999999996433, -0.2881652149136421 
21.039999999964305, -0.2875619799283835 
21.04999999996428, -0.2872386207370772 
21.05999999996426, -0.2871785361151179 
21.069999999964235, -0.28739795165573706 
21.079999999964212, -0.2879487408122271 
21.08999999996419, -0.2889275758762445 
21.099999999964165, -0.2904923313370809 
21.109999999964142, -0.29288593391334733 
21.11999999996412, -0.2964628054940101 
21.129999999964095, -0.3016963460130951 
21.139999999964072, -0.30910690539020785 
21.14999999996405, -0.3190013734598687 
21.159999999964025, -0.330982033554355 
21.169999999964002, -0.3435838409526107 
21.17999999996398, -0.3547765689893069 
21.189999999963955, -0.36320719915831157 
21.199999999963932, -0.36880043823129544 
21.20999999996391, -0.37224668098873515 
21.219999999963886, -0.3743093820599332 
21.229999999963862, -0.37553653608233856 
21.23999999996384, -0.37625910328135326 
21.249999999963816, -0.37666340742644666 
21.259999999963792, -0.3768513336142613 
21.26999999996377, -0.3768767737624205 
21.279999999963746, -0.3767658495491526 
21.289999999963722, -0.37652880162338914 
21.2999999999637, -0.3761688682454562 
21.309999999963676, -0.37569115385871243 
21.319999999963652, -0.37511186781480726 
21.32999999996363, -0.37446505430741234 
21.339999999963606, -0.3738019834426113 
21.349999999963583, -0.37318093634618366 
21.35999999996356, -0.37265144621992774 
21.369999999963536, -0.3722408829584384 
21.379999999963513, -0.37194885988907644 
21.38999999996349, -0.3717501445598988 
21.399999999963466, -0.3716039365301835 
21.409999999963443, -0.3714660064037124 
21.41999999996342, -0.3712991631860284 
21.429999999963396, -0.37107832983901207 
21.439999999963373, -0.3707896540301566 
21.44999999996335, -0.37042595901761965 
21.459999999963326, -0.36998123371335906 
21.469999999963303, -0.369445321223876 
21.47999999996328, -0.3687979718350879 
21.489999999963256, -0.3679992672940804 
21.499999999963233, -0.36696991471117624 
21.50999999996321, -0.3655481240277178 
21.519999999963186, -0.36340038291682325 
21.529999999963163, -0.35987039859508135 
21.53999999996314, -0.3538500459473841 
21.549999999963116, -0.34404371105058357 
21.559999999963093, -0.33008547053548415 
21.56999999996307, -0.3137242728736414 
21.579999999963047, -0.29805024189658746 
21.589999999963023, -0.285295004129652 
21.599999999963, -0.2759563468424594 
21.609999999962977, -0.2694836140879914 
21.619999999962953, -0.26508837462144286 
21.62999999996293, -0.26210997615508436 
21.639999999962907, -0.2600832609590883 
21.649999999962883, -0.25870431061444743 
21.65999999996286, -0.2577826230205582 
21.669999999962837, -0.2572042535327885 
21.679999999962813, -0.2569082435032026 
21.68999999996279, -0.25687369736415155 
21.699999999962767, -0.25711505912506605 
21.709999999962744, -0.25768442307195133 
21.71999999996272, -0.2586810003410899 
21.729999999962697, -0.26026871742189794 
21.739999999962674, -0.26270228690063024 
21.74999999996265, -0.2663565204234853 
21.759999999962627, -0.27173442023573485 
21.769999999962604, -0.27938386874709414 
21.77999999996258, -0.28959776588539854 
21.789999999962557, -0.3018644173554068 
21.799999999962534, -0.3145243684009048 
21.80999999996251, -0.32544953712883157 
21.819999999962487, -0.33340622909775386 
21.829999999962464, -0.33851729295448213 
21.83999999996244, -0.3415841579089562 
21.849999999962417, -0.34338516882366515 
21.859999999962394, -0.3444436021958964 
21.86999999996237, -0.34506217218044033 
21.879999999962347, -0.34540630626237034 
21.889999999962324, -0.34556480164125036 
21.8999999999623, -0.34558452175166887 
21.909999999962277, -0.3454891779736231 
21.919999999962254, -0.34529040264230537 
21.92999999996223, -0.3449960443196807 
21.939999999962208, -0.3446179905166585 
21.949999999962184, -0.34417924747064627 
21.95999999996216, -0.3437175512157402 
21.969999999962138, -0.3432822160458576 
21.979999999962114, -0.34292384629199446 
21.98999999996209, -0.34268094328259285 
21.999999999962068, -0.3425689928823497 
22.009999999962044, -0.34257563362247645 
22.01999999996202, -0.342663261264826 
22.029999999961998, -0.34277893590379777 
22.039999999961974, -0.34286865814444834 
22.04999999996195, -0.3428898291861494 
22.059999999961928, -0.34281630984707967 
22.069999999961905, -0.3426353864404597 
22.07999999996188, -0.34234011324562363 
22.089999999961858, -0.3419205612760652 
22.099999999961835, -0.34135488952273674 
22.10999999996181, -0.3405983252528325 
22.119999999961788, -0.33956572197364815 
22.129999999961765, -0.3381010596368569 
22.13999999996174, -0.33592717017952595 
22.149999999961718, -0.3325827353487061 
22.159999999961695, -0.32741041883543764 
22.16999999996167, -0.3197677987982057 
22.179999999961648, -0.30959753875689444 
22.189999999961625, -0.29795034436542683 
22.1999999999616, -0.2866089693799611 
22.20999999996158, -0.27699687774618403 
22.219999999961555, -0.26959783462632725 
22.22999999996153, -0.26420113542038814 
22.23999999996151, -0.26035177932607606 
22.249999999961485, -0.257614669718297 
22.25999999996146, -0.2556574611163004 
22.26999999996144, -0.25425044666237645 
22.279999999961415, -0.25324420808522957 
22.289999999961392, -0.2525480619935193 
22.29999999996137, -0.2521151583661737 
22.309999999961345, -0.2519346753877883 
22.319999999961322, -0.25203073655399505 
22.3299999999613, -0.2524684188917921 
22.339999999961275, -0.25336855866803865 
22.349999999961252, -0.2549345797905918 
22.35999999996123, -0.25749509428356154 
22.369999999961205, -0.26156084016003234 
22.379999999961182, -0.26786871122461225 
22.38999999996116, -0.2773068389121982 
22.399999999961135, -0.2904746394893346 
22.409999999961112, -0.3066885809475674 
22.41999999996109, -0.3231956289547721 
22.429999999961066, -0.3364439286080876 
22.439999999961042, -0.3448232697103659 
22.44999999996102, -0.3492308238429471 
22.459999999960996, -0.35134196682497953 
22.469999999960972, -0.3523629281506687 
22.47999999996095, -0.35290507579629105 
22.489999999960926, -0.3532289328738751 
22.499999999960902, -0.35343727264604163 
22.50999999996088, -0.35357023519010516 
22.519999999960856, -0.3536442380127992 
22.529999999960832, -0.3536667023316765 
22.53999999996081, -0.3536418893937526 
22.549999999960786, -0.35357417889030274 
22.559999999960763, -0.35347124443942285 
22.56999999996074, -0.35334767422838476 
22.579999999960716, -0.35322812106597645 
22.589999999960693, -0.35314792751498136 
22.59999999996067, -0.3531491959071941 
22.609999999960646, -0.3532719257531116 
22.619999999960623, -0.35354204008352486 
22.6299999999606, -0.35395954674799845 
22.639999999960576, -0.35449120673156276 
22.649999999960553, -0.3550731112672862 
22.65999999996053, -0.3556260698847296 
22.669999999960506, -0.3560783099259462 
22.679999999960483, -0.3563828115472054 
22.68999999996046, -0.3565203486095915 
22.699999999960436, -0.3564902507429803 
22.709999999960413, -0.3562968529414213 
22.71999999996039, -0.3559372127132679 
22.729999999960366, -0.3553906160038903 
22.739999999960343, -0.3546070890294166 
22.74999999996032, -0.35349098477907637 
22.759999999960296, -0.35187668921113485 
22.769999999960273, -0.34950020027111617 
22.77999999996025, -0.34599236676832634 
22.789999999960227, -0.340961357695184 
22.799999999960203, -0.334239612485277 
22.80999999996018, -0.32620242460311594 
22.819999999960157, -0.31779007888049876 
22.829999999960133, -0.310046275486857 
22.83999999996011, -0.30360857680771286 
22.849999999960087, -0.29860423302227396 
22.859999999960063, -0.2948512592840735 
22.86999999996004, -0.29207405181060925 
22.879999999960017, -0.29001871094221593 
22.889999999959993, -0.2884894232124896 
22.89999999995997, -0.28734876777835044 
22.909999999959947, -0.28650754595239947 
22.919999999959924, -0.2859147214898918 
22.9299999999599, -0.28555092466719795 
22.939999999959877, -0.2854265428587638 
22.949999999959854, -0.28558510324906583 
22.95999999995983, -0.2861132915253044 
22.969999999959807, -0.28716009275293053 
22.979999999959784, -0.2889686594893014 
22.98999999995976, -0.2919236341261361 
22.999999999959737, -0.2966068164812215 
23.009999999959714, -0.3038160942239446 
23.01999999995969, -0.314405378518301 
23.029999999959667, -0.3286869287977454 
23.039999999959644, -0.3453943236248463 
23.04999999995962, -0.36136551067233885 
23.059999999959597, -0.37343688552377635 
23.069999999959574, -0.3807848177660543 
23.07999999995955, -0.38464689612191066 
23.089999999959527, -0.38658286777860223 
23.099999999959504, -0.38760215115475594 
23.10999999995948, -0.3881963283821427 
23.119999999959457, -0.3885750391048307 
23.129999999959434, -0.38882435872981425 
23.13999999995941, -0.3889807503393793 
23.149999999959388, -0.38906068582687825 
23.159999999959364, -0.3890718677796977 
23.16999999995934, -0.38901792651696354 
23.179999999959318, -0.38890153113560155 
23.189999999959294, -0.3887279094979441 
23.19999999995927, -0.3885091382951322 
23.209999999959248, -0.38826798405448726 
23.219999999959224, -0.38803873204879497 
23.2299999999592, -0.38786265003991743 
23.239999999959178, -0.387778194033808 
23.249999999959154, -0.38780909378843165 
23.25999999995913, -0.3879547083064081 
23.269999999959108, -0.3881865724761978 
23.279999999959085, -0.38845382015735075 
23.28999999995906, -0.38869697794967595 
23.299999999959038, -0.38886430219658463 
23.309999999959015, -0.38892225874327857 
23.31999999995899, -0.3888559217728175 
23.329999999958968, -0.388661815730382 
23.339999999958945, -0.3883383562253344 
23.34999999995892, -0.3878769179786429 
23.359999999958898, -0.3872531637629278 
23.369999999958875, -0.38641565033167147 
23.37999999995885, -0.3852664684747129 
23.389999999958828, -0.38362603473415574 
23.399999999958805, -0.38117373003627053 
23.40999999995878, -0.37737236437801824 
23.41999999995876, -0.3714541935748907 
23.429999999958735, -0.3626783384523282 
23.43999999995871, -0.3510157154792214 
23.44999999995869, -0.33774114126268806 
23.459999999958665, -0.32492942303408767 
23.46999999995864, -0.31417163807793835 
23.47999999995862, -0.3059615819753724 
23.489999999958595, -0.3000221275657565 
23.499999999958572, -0.29582275990341866 
23.50999999995855, -0.2928686270542798 
23.519999999958525, -0.2907856959273412 
23.529999999958502, -0.28931640115015844 
23.53999999995848, -0.2882926453512446 
23.549999999958455, -0.28761061492627304 
23.559999999958432, -0.2872131588331609 
23.56999999995841, -0.28707966441796395 
23.579999999958385, -0.2872224131222944 
23.589999999958362, -0.28768893889367597 
23.59999999995834, -0.2885708079305083 
23.609999999958315, -0.29002000943681905 
23.619999999958292, -0.29227395756902597 
23.62999999995827, -0.2956863550581613 
23.639999999958246, -0.3007468874205011 
23.649999999958222, -0.3080351529943405 
23.6599999999582, -0.3179937843498817 
23.669999999958176, -0.3304229000409615 
23.679999999958152, -0.34396154857375205 
23.68999999995813, -0.35638787885362233 
23.699999999958106, -0.3659629315435305 
23.709999999958082, -0.37237112717593956 
23.71999999995806, -0.3763091566437243 
23.729999999958036, -0.37864991141666643 
23.739999999958012, -0.3800378514528603 
23.74999999995799, -0.3808618779113379 
23.759999999957966, -0.381338625883397 
23.769999999957943, -0.38158562606336627 
23.77999999995792, -0.38166548468132905 
23.789999999957896, -0.38160976894626963 
23.799999999957873, -0.3814322208447163 
23.80999999995785, -0.38113761071786173 
23.819999999957826, -0.38072986948652177 
23.829999999957803, -0.38022074252958626 
23.83999999995778, -0.3796372681858606 
23.849999999957756, -0.3790238449413706 
23.859999999957733, -0.3784354325546694 
23.86999999995771, -0.3779235780320215 
23.879999999957686, -0.3775219916986537 
23.889999999957663, -0.377238153994621 
23.89999999995764, -0.37705329687390765 
23.909999999957616, -0.3769297064664603 
23.919999999957593, -0.37682245163726413 
23.92999999995757, -0.37669108821236735 
23.939999999957546, -0.3765067871937455 
23.949999999957523, -0.37625306831886596 
23.9599999999575, -0.3759218394516729 
23.969999999957476, -0.37550773534810655 
23.979999999957453, -0.37500257055263264 
23.98999999995743, -0.3743896882318611 
23.999999999957407, -0.37363593456528976 
24.009999999957383, -0.3726761614782593 
24.01999999995736, -0.37137976443459847 
24.029999999957337, -0.369479934195167 
24.039999999957313, -0.36644394713037254 
24.04999999995729, -0.36131908702493754 
24.059999999957267, -0.3528119278598274 
24.069999999957243, -0.3401086175916684 
24.07999999995722, -0.324225123639711 
24.089999999957197, -0.3080149878130959 
24.099999999957173, -0.2941684924655284 
24.10999999995715, -0.2837226315240638 
24.119999999957127, -0.2763742299405791 
24.129999999957104, -0.27135870228472375 
24.13999999995708, -0.26795958055399155 
24.149999999957057, -0.26564939716415403 
24.159999999957034, -0.2640760054187228 
24.16999999995701, -0.26301533868309745 
24.179999999956987, -0.2623304204575104 
24.189999999956964, -0.26194366182246476 
24.19999999995694, -0.26182063910522824 
24.209999999956917, -0.2619626439661969 
24.219999999956894, -0.2624063546466199 
24.22999999995687, -0.2632302551905391 
24.239999999956847, -0.2645684209165023 
24.249999999956824, -0.2666323178190067 
24.2599999999568, -0.269738130114569 
24.269999999956777, -0.27432478462792476 
24.279999999956754, -0.28091501853583883 
24.28999999995673, -0.2899180290610811 
24.299999999956707, -0.3011829080491507 
24.309999999956684, -0.31352371042713234 
24.31999999995666, -0.3249484514974609 
24.329999999956637, -0.33384031589410956 
24.339999999956614, -0.3398453413620891 
24.34999999995659, -0.343556524170915 
24.359999999956568, -0.3457638988259417 
24.369999999956544, -0.34706639518474086 
24.37999999995652, -0.3478314417460277 
24.389999999956498, -0.34826568709300426 
24.399999999956474, -0.34848171198932076 
24.40999999995645, -0.34853963361620754 
24.419999999956428, -0.34847020326988226 
24.429999999956404, -0.34828801145844174 
24.43999999995638, -0.3480006284150968 
24.449999999956358, -0.3476168698269225 
24.459999999956334, -0.3471548267291943 
24.46999999995631, -0.34664752016538164 
24.479999999956288, -0.3461424200173525 
24.489999999956265, -0.3456929389934362 
24.49999999995624, -0.34534483619606865 
24.509999999956218, -0.3451236189725231 
24.519999999956195, -0.34502768440461956 
24.52999999995617, -0.3450288774022013 
24.539999999956148, -0.34508028371906296 
24.549999999956125, -0.3451291557208104 
24.5599999999561, -0.34512996328833484 
24.569999999956078, -0.34505180855055817 
24.579999999956055, -0.344877979697471 
24.58999999995603, -0.34459992621549074 
24.599999999956008, -0.3442092538037784 
24.609999999955985, -0.3436894761219595 
24.61999999995596, -0.3430065183811974 
24.62999999995594, -0.3420944408177488 
24.639999999955915, -0.34083013669324735 
24.64999999995589, -0.3389882023820662 
24.65999999995587, -0.3361713849242597 
24.669999999955845, -0.3317476189916827 
24.67999999995582, -0.32493076398338927 
24.6899999999558, -0.3152414712308357 
24.699999999955775, -0.3032536914986996 
24.709999999955752, -0.2907212140637253 
24.71999999995573, -0.27953757258494555 
24.729999999955705, -0.2706780703009843 
24.739999999955682, -0.2641508273175744 
24.74999999995566, -0.2595048217199409 
24.759999999955635, -0.25622969228589065 
24.769999999955612, -0.25391351135580437 
24.77999999995559, -0.2522650196372976 
24.789999999955565, -0.2510917490742291 
24.799999999955542, -0.2502734051541848 
24.80999999995552, -0.2497418191431658 
24.819999999955495, -0.24946894351412147 
24.829999999955472, -0.24946218968808695 
24.83999999995545, -0.24976679529073623 
24.849999999955426, -0.25047611845272355 
24.859999999955402, -0.25175226602753586 
24.86999999995538, -0.2538606303559646 
24.879999999955356, -0.2572201146283458 
24.889999999955332, -0.26245692032947665 
24.89999999995531, -0.27039993667182344 
24.909999999955286, -0.28184033787305296 
24.919999999955262, -0.29679255604305343 
24.92999999995524, -0.31346753857080967 
24.939999999955216, -0.3284641478992608 
24.949999999955192, -0.3391270698979427 
24.95999999995517, -0.34533166730349596 
24.969999999955146, -0.34852597034093047 
24.979999999955123, -0.35012437672547425 
24.9899999999551, -0.35096633599529753 
24.999999999955076, -0.35145062546632977 
