t, s[1].omega / s[0].omega 
0, -0.6199977214875587 
0.009999999999999995, -0.6197796924626359 
0.019999999999999934, -0.6195727238574533 
0.029999999999999874, -0.6193556635690051 
0.04000000000000012, -0.6191039452057885 
0.050000000000000405, -0.6187991212248659 
0.06000000000000069, -0.6184342856631574 
0.07000000000000098, -0.6180148861604116 
0.08000000000000126, -0.6175576554815072 
0.09000000000000155, -0.617090973090368 
0.10000000000000184, -0.616658836140821 
0.11000000000000212, -0.6163295026776197 
0.12000000000000241, -0.6162093697420641 
0.130000000000002, -0.616462369050293 
0.1400000000000009, -0.6173343708308645 
0.1499999999999998, -0.6191797751266972 
0.1599999999999987, -0.6224817535183824 
0.1699999999999976, -0.6278450239640995 
0.1799999999999965, -0.6359173935131021 
0.1899999999999954, -0.6471731873780474 
0.1999999999999943, -0.6615228131598134 
0.2099999999999932, -0.6779037568636376 
0.2199999999999921, -0.6943103676149626 
0.229999999999991, -0.7085981682159288 
0.2399999999999899, -0.7195245008934583 
0.2499999999999888, -0.7270587430446727 
0.2599999999999877, -0.7318947249088162 
0.2699999999999866, -0.7348557626776233 
0.2799999999999855, -0.7365978417762461 
0.2899999999999844, -0.7375601509086599 
0.2999999999999833, -0.7380095560832108 
0.3099999999999822, -0.7380939250213774 
0.3199999999999811, -0.7378787323139046 
0.32999999999998, -0.7373645569963635 
0.3399999999999789, -0.7364874990280994 
0.3499999999999778, -0.7351033806826374 
0.35999999999997667, -0.7329565040759263 
0.36999999999997557, -0.7296415071498454 
0.37999999999997447, -0.7245934097907096 
0.38999999999997337, -0.7171888799715631 
0.39999999999997227, -0.7070529624928351 
0.40999999999997117, -0.6944952246947846 
0.41999999999997006, -0.6806820618824496 
0.42999999999996896, -0.667214609247833 
0.43999999999996786, -0.6554181094613121 
0.44999999999996676, -0.6459447189297064 
0.45999999999996566, -0.638836915030255 
0.46999999999996456, -0.6337889391949154 
0.47999999999996346, -0.6303740432749914 
0.48999999999996235, -0.6281740312200832 
0.49999999999996125, -0.6268338435354104 
0.5099999999999602, -0.626075174284695 
0.519999999999959, -0.6256914266218793 
0.529999999999958, -0.6255355238858067 
0.5399999999999568, -0.6255061246858123 
0.5499999999999557, -0.6255349868442077 
0.5599999999999546, -0.6255768956370296 
0.5699999999999535, -0.6256028437399851 
0.5799999999999524, -0.6255965583209142 
0.5899999999999513, -0.6255536255522756 
0.5999999999999502, -0.6254812480453055 
0.6099999999999491, -0.6253958148946146 
0.619999999999948, -0.6253163953845211 
0.6299999999999469, -0.6252553556683624 
0.6399999999999458, -0.6252104459246384 
0.6499999999999447, -0.6251630805585573 
0.6599999999999436, -0.6250844000707491 
0.6699999999999425, -0.6249459744727468 
0.6799999999999414, -0.6247292276866718 
0.6899999999999403, -0.6244294124667921 
0.6999999999999392, -0.6240545970525957 
0.7099999999999381, -0.6236233240115847 
0.719999999999937, -0.6231645995146196 
0.7299999999999359, -0.6227223785938343 
0.7399999999999348, -0.622365681900641 
0.7499999999999337, -0.6222052833801603 
0.7599999999999326, -0.6224178656443402 
0.7699999999999315, -0.6232776313458998 
0.7799999999999304, -0.6251920905906825 
0.7899999999999293, -0.6287302868014093 
0.7999999999999282, -0.6346132010156573 
0.8099999999999271, -0.6436042911772261 
0.819999999999926, -0.6562124903232688 
0.8299999999999249, -0.6721881989830972 
0.8399999999999238, -0.6900847039141198 
0.8499999999999227, -0.7074907838580036 
0.8599999999999216, -0.7221435330002521 
0.8699999999999205, -0.733004926065871 
0.8799999999999194, -0.7403209989013757 
0.8899999999999183, -0.7449484371777644 
0.8999999999999172, -0.7477586874089982 
0.9099999999999161, -0.7494030077429231 
0.919999999999915, -0.7503036603444232 
0.9299999999999139, -0.7507126253983551 
0.9399999999999128, -0.7507669743253921 
0.9499999999999117, -0.7505240048293438 
0.9599999999999106, -0.7499766952638535 
0.9699999999999095, -0.7490520516110732 
0.9799999999999084, -0.7475932330023309 
0.9899999999999073, -0.7453268190851976 
0.9999999999999062, -0.7418262739325684 
1.0099999999999052, -0.736512323842921 
1.019999999999904, -0.7287781449877213 
1.029999999999903, -0.7183209372883113 
1.039999999999902, -0.7055624197949778 
1.0499999999999008, -0.6917477233729407 
1.0599999999998997, -0.6784649621057034 
1.0699999999998986, -0.6669609553611183 
1.0799999999998975, -0.6578088388131096 
1.0899999999998964, -0.6510038024489628 
1.0999999999998953, -0.6462206181781249 
1.1099999999998942, -0.6430273756481476 
1.119999999999893, -0.641006159218418 
1.129999999999892, -0.6398042210146413 
1.1399999999998909, -0.6391467486800746 
1.1499999999998898, -0.6388314817428246 
1.1599999999998887, -0.6387160003464022 
1.1699999999998876, -0.6387032874655996 
1.1799999999998865, -0.6387285529871574 
1.1899999999998854, -0.6387489129014539 
1.1999999999998843, -0.6387366785568225 
1.2099999999998832, -0.6386763185480554 
1.219999999999882, -0.6385641792431918 
1.229999999999881, -0.6384086890006302 
1.2399999999998799, -0.6382279428248336 
1.2499999999998788, -0.6380428648878278 
1.2599999999998777, -0.6378676708823714 
1.2699999999998766, -0.6377024105988693 
1.2799999999998755, -0.6375320439527444 
1.2899999999998744, -0.6373327867284486 
1.2999999999998733, -0.637082054754712 
1.3099999999998722, -0.6367666018093521 
1.319999999999871, -0.6363858023373576 
1.32999999999987, -0.6359511479081851 
1.3399999999998689, -0.6354853217161839 
1.3499999999998678, -0.6350238294378824 
1.3599999999998666, -0.6346207517566735 
1.3699999999998655, -0.634359155466443 
1.3799999999998644, -0.6343661542730976 
1.3899999999998633, -0.6348319707461891 
1.3999999999998622, -0.6360309537554549 
1.4099999999998611, -0.638339488236279 
1.41999999999986, -0.6422394435107439 
1.429999999999859, -0.6482836908122783 
1.4399999999998578, -0.6569825227852639 
1.4499999999998567, -0.6685641107960743 
1.4599999999998556, -0.6826264245467834 
1.4699999999998545, -0.6978943621896674 
1.4799999999998534, -0.7124701920687568 
1.4899999999998523, -0.7246531488258273 
1.4999999999998512, -0.7336868022522316 
1.5099999999998501, -0.7397870966852559 
1.519999999999849, -0.743645025973328 
1.529999999999848, -0.7459709234735752 
1.5399999999998468, -0.747302470357716 
1.5499999999998457, -0.7479903521652477 
1.5599999999998446, -0.7482420348302881 
1.5699999999998435, -0.7481651437818327 
1.5799999999998424, -0.747794357343985 
1.5899999999998413, -0.7471006187990465 
1.5999999999998402, -0.7459833293837553 
1.6099999999998391, -0.7442445459243341 
1.619999999999838, -0.7415449556590963 
1.629999999999837, -0.737353544115116 
1.6399999999998358, -0.7309423432140123 
1.6499999999998347, -0.7215461051244695 
1.6599999999998336, -0.70880839984681 
1.6699999999998325, -0.6933552250874158 
1.6799999999998314, -0.6768982950050033 
1.6899999999998303, -0.6615081327919282 
1.6999999999998292, -0.6486623570876999 
1.709999999999828, -0.6388761629160566 
1.719999999999827, -0.6319355752173224 
1.729999999999826, -0.6272931287778138 
1.7399999999998248, -0.624348767464624 
1.7499999999998237, -0.6225821820903115 
1.7599999999998226, -0.6215909660362487 
1.7699999999998215, -0.6210848444852923 
1.7799999999998204, -0.620864395968937 
1.7899999999998193, -0.6207973912686362 
1.7999999999998182, -0.620798065783067 
1.809999999999817, -0.6208111126041151 
1.819999999999816, -0.6208007179186892 
1.8299999999998149, -0.6207444008725536 
1.8399999999998138, -0.6206310033082422 
1.8499999999998127, -0.6204613029865609 
1.8599999999998116, -0.6202484220981513 
1.8699999999998105, -0.6200147293273546 
1.8799999999998094, -0.6197839303292245 
1.8899999999998083, -0.6195709784683406 
1.8999999999998072, -0.6193750668895279 
1.909999999999806, -0.6191797886072702 
1.919999999999805, -0.6189604128779275 
1.9299999999998039, -0.6186940857722693 
1.9399999999998028, -0.6183676366979463 
1.9499999999998017, -0.6179804186141667 
1.9599999999998006, -0.617543619597423 
1.9699999999997995, -0.6170794477276484 
1.9799999999997984, -0.6166230593003565 
1.9899999999997973, -0.6162288032132688 
1.9999999999997962, -0.6159815669266359 
2.0099999999998173, -0.616013732351911 
2.0199999999998384, -0.6165278420477658 
2.0299999999998595, -0.6178236729416742 
2.0399999999998806, -0.6203246115759529 
2.0499999999999017, -0.6245892628943593 
2.059999999999923, -0.6312759665314454 
2.069999999999944, -0.6410007851013324 
2.079999999999965, -0.6540220805966673 
2.089999999999986, -0.6697880121373344 
2.100000000000007, -0.6866739375305425 
2.1100000000000283, -0.7024203995348123 
2.1200000000000494, -0.7152120723865764 
2.1300000000000705, -0.7244453417218962 
2.1400000000000916, -0.7305555829323223 
2.1500000000001127, -0.734374641457032 
2.160000000000134, -0.736667804304769 
2.170000000000155, -0.7379835417643913 
2.180000000000176, -0.7386692422965463 
2.190000000000197, -0.7389272409703638 
2.2000000000002182, -0.738861357069301 
2.2100000000002393, -0.7385039327660252 
2.2200000000002604, -0.737824692932844 
2.2300000000002815, -0.7367231783767417 
2.2400000000003026, -0.7350051843509988 
2.2500000000003237, -0.7323464233326236 
2.260000000000345, -0.7282622874779332 
2.270000000000366, -0.7221411547314739 
2.280000000000387, -0.713440837918103 
2.290000000000408, -0.702085170749072 
2.3000000000004293, -0.6888219217487288 
2.3100000000004504, -0.6751031565606542 
2.3200000000004715, -0.6624507006470048 
2.3300000000004926, -0.6518571941502332 
2.3400000000005137, -0.6436407737526568 
2.3500000000005348, -0.6376418247324822 
2.360000000000556, -0.6334794642010123 
2.370000000000577, -0.6307269863267029 
2.380000000000598, -0.6289984854450758 
2.390000000000619, -0.6279795663236568 
2.4000000000006403, -0.6274302042983924 
2.4100000000006614, -0.6271756943341739 
2.4200000000006825, -0.6270935738573217 
2.4300000000007036, -0.6271003951516376 
2.4400000000007247, -0.6271403547783707 
2.450000000000746, -0.6271768358376 
2.460000000000767, -0.6271872999912185 
2.470000000000788, -0.6271612780107494 
2.480000000000809, -0.6271001398996471 
2.49000000000083, -0.6270161224945611 
2.5000000000008513, -0.6269279565727092 
2.5100000000008724, -0.6268525544925112 
2.5200000000008935, -0.6267957295126432 
2.5300000000009146, -0.6267469419335276 
2.5400000000009357, -0.6266815784977086 
2.550000000000957, -0.6265699579143531 
2.560000000000978, -0.6263880617423437 
2.570000000000999, -0.6261244158065733 
2.58000000000102, -0.6257812307118801 
2.5900000000010412, -0.6253722637915307 
2.6000000000010624, -0.6249213737239374 
2.6100000000010835, -0.6244646775843621 
2.6200000000011046, -0.6240578116517977 
2.6300000000011257, -0.6237892110540095 
2.6400000000011468, -0.6238002714655092 
2.650000000001168, -0.6243128576710755 
2.660000000001189, -0.6256627264305255 
2.67000000000121, -0.6283320941324982 
2.680000000001231, -0.632962130563322 
2.6900000000012523, -0.6403017890956296 
2.7000000000012734, -0.651017032027514 
2.7100000000012945, -0.6652903930633899 
2.7200000000013156, -0.682305937006696 
2.7300000000013367, -0.7000773915176978 
2.740000000001358, -0.7161456465660914 
2.750000000001379, -0.7288066648989406 
2.7600000000014, -0.7377220473715456 
2.770000000001421, -0.7435228023047038 
2.780000000001442, -0.747110942576124 
2.7900000000014633, -0.7492500164043541 
2.8000000000014844, -0.7504662745315386 
2.8100000000015055, -0.7510861346170518 
2.8200000000015266, -0.7512965868203255 
2.8300000000015477, -0.7511903513456918 
2.840000000001569, -0.7507904416953581 
2.85000000000159, -0.7500564914470693 
2.860000000001611, -0.7488744771517124 
2.870000000001632, -0.7470301606205609 
2.8800000000016532, -0.7441704617950811 
2.8900000000016743, -0.739775571438477 
2.9000000000016954, -0.733207254898772 
2.9100000000017165, -0.7239376769730733 
2.9200000000017377, -0.7119749741837903 
2.9300000000017588, -0.6981987280574555 
2.94000000000178, -0.6841626437079424 
2.950000000001801, -0.671406421295333 
2.960000000001822, -0.6608757296025861 
2.970000000001843, -0.6528238846777648 
2.9800000000018643, -0.647036340090261 
2.9900000000018854, -0.64309327103877 
3.0000000000019065, -0.6405428703845326 
3.0100000000019276, -0.6389849255004527 
3.0200000000019487, -0.6380989690099585 
3.03000000000197, -0.6376447534783986 
3.040000000001991, -0.6374508619827296 
3.050000000002012, -0.6373995574317081 
3.060000000002033, -0.6374120127693024 
3.070000000002054, -0.637436053481995 
3.0800000000020753, -0.6374374458073506 
3.0900000000020964, -0.6373950627246141 
3.1000000000021175, -0.6372994962112013 
3.1100000000021386, -0.6371534864899089 
3.1200000000021597, -0.6369712548107385 
3.130000000002181, -0.6367739116913073 
3.140000000002202, -0.6365807492161819 
3.150000000002223, -0.6364000035770986 
3.160000000002244, -0.6362242426977718 
3.1700000000022652, -0.6360332584678196 
3.1800000000022863, -0.6358028441097516 
3.1900000000023074, -0.6355144309527481 
3.2000000000023285, -0.6351609369552587 
3.2100000000023496, -0.6347478685866015 
3.2200000000023707, -0.6342922298182014 
3.230000000002392, -0.6338226353932356 
3.240000000002413, -0.6333828959682208 
3.250000000002434, -0.6330400454457552 
3.260000000002455, -0.6328970500896145 
3.2700000000024763, -0.6331099367537626 
3.2800000000024974, -0.633908161081889 
3.2900000000025185, -0.6356149939419578 
3.3000000000025396, -0.6386603417450488 
3.3100000000025607, -0.6435694955185414 
3.3200000000025818, -0.650895675617167 
3.330000000002603, -0.6610480241519785 
3.340000000002624, -0.6739857582923299 
3.350000000002645, -0.6888782809172983 
3.360000000002666, -0.7040624813109996 
3.3700000000026873, -0.71761619636676 
3.3800000000027084, -0.7282549174051205 
3.3900000000027295, -0.7357533934561687 
3.4000000000027506, -0.7406376491415074 
3.4100000000027717, -0.7436500661519871 
3.420000000002793, -0.7454245583241683 
3.430000000002814, -0.746401350937041 
3.440000000002835, -0.7468532775359463 
3.450000000002856, -0.7469333333833553 
3.460000000002877, -0.7467104499264179 
3.4700000000028983, -0.7461874272473528 
3.4800000000029194, -0.7453016723482592 
3.4900000000029405, -0.7439086878458211 
3.5000000000029616, -0.7417471020532825 
3.5100000000029827, -0.7383890363523923 
3.520000000003004, -0.7332033854448655 
3.530000000003025, -0.7254163264264091 
3.540000000003046, -0.7144083871593133 
3.550000000003067, -0.7002686032269978 
3.5600000000030882, -0.6842042524772963 
3.5700000000031094, -0.6682087648546925 
3.5800000000031305, -0.6541150310931015 
3.5900000000031516, -0.6428969163205162 
3.6000000000031727, -0.6346529525812431 
3.6100000000031938, -0.6289666232787071 
3.620000000003215, -0.6252518257598919 
3.630000000003236, -0.6229497632107522 
3.640000000003257, -0.6216051696501437 
3.650000000003278, -0.6208779695944684 
3.6600000000032993, -0.6205282654112289 
3.6700000000033204, -0.620393730485684 
3.6800000000033415, -0.6203676971875032 
3.6900000000033626, -0.6203811092740142 
3.7000000000033837, -0.6203892728996075 
3.710000000003405, -0.6203634429349167 
3.720000000003426, -0.6202868630231765 
3.730000000003447, -0.6201542695752222 
3.740000000003468, -0.6199727113678789 
3.750000000003489, -0.619760442770017 
3.7600000000035103, -0.6195412925816978 
3.7700000000035314, -0.619335124269396 
3.7800000000035525, -0.6191486960953905 
3.7900000000035736, -0.6189720562017663 
3.8000000000035947, -0.6187826838580509 
3.810000000003616, -0.6185550274499897 
3.820000000003637, -0.6182701238204981 
3.830000000003658, -0.6179209247884642 
3.840000000003679, -0.6175128756329611 
3.8500000000037002, -0.6170625942843151 
3.8600000000037213, -0.6165980597921028 
3.8700000000037424, -0.6161625444458009 
3.8800000000037635, -0.6158234115298503 
3.8900000000037847, -0.615686456287967 
3.9000000000038058, -0.6159162595961537 
3.910000000003827, -0.6167622633330806 
3.920000000003848, -0.6185878579985762 
3.930000000003869, -0.6218936185469892 
3.94000000000389, -0.6273121237341165 
3.9500000000039113, -0.6355269806406871 
3.9600000000039324, -0.647043245905589 
3.9700000000039535, -0.661770687779116 
3.9800000000039746, -0.6785906068290548 
3.9900000000039957, -0.6954008068467787 
4.000000000004016, -0.7099821252417298 
4.010000000003993, -0.7210830335330815 
4.02000000000397, -0.7287088228348955 
4.030000000003946, -0.733591855470074 
4.040000000003923, -0.736579038275184 
4.0500000000039, -0.7383375508523305 
4.0600000000038765, -0.739311468733566 
4.070000000003853, -0.7397699358097239 
4.08000000000383, -0.739862097947281 
4.090000000003807, -0.7396543496825034 
4.100000000003783, -0.7391481396739468 
4.11000000000376, -0.7382806466213219 
4.120000000003737, -0.7369093743836059 
4.130000000003713, -0.7347816713682691 
4.14000000000369, -0.7314980386468799 
4.150000000003667, -0.7265043529894102 
4.1600000000036434, -0.719194323706373 
4.17000000000362, -0.7092112260976461 
4.180000000003597, -0.6968687413973428 
4.1900000000035735, -0.6833086273750183 
4.20000000000355, -0.6700865329471094 
4.210000000003527, -0.6584886940533575 
4.220000000003504, -0.6491526335496892 
4.23000000000348, -0.642127354639944 
4.240000000003457, -0.637122671063223 
4.250000000003434, -0.6337272442924824 
4.26000000000341, -0.6315342967556993 
4.270000000003387, -0.6301958186502677 
4.280000000003364, -0.6294371914678321 
4.2900000000033405, -0.6290533729856211 
4.300000000003317, -0.6288976918022984 
4.310000000003294, -0.6288686965841846 
4.320000000003271, -0.6288978592757148 
4.330000000003247, -0.6289396473430273 
4.340000000003224, -0.6289647440448211 
4.350000000003201, -0.6289565780051952 
4.360000000003177, -0.6289104513705629 
4.370000000003154, -0.6288333167692957 
4.380000000003131, -0.628741378377689 
4.390000000003107, -0.6286536192435628 
4.400000000003084, -0.628582457587054 
4.410000000003061, -0.6285258877025901 
4.4200000000030375, -0.6284658061275983 
4.430000000003014, -0.6283740516964522 
4.440000000002991, -0.6282229850904628 
4.450000000002968, -0.6279947497118 
4.460000000002944, -0.627685164694082 
4.470000000002921, -0.6273027765402077 
4.480000000002898, -0.6268666971189473 
4.490000000002874, -0.6264068118260461 
4.500000000002851, -0.6259684558925896 
4.510000000002828, -0.6256226164783694 
4.520000000002804, -0.6254824544299503 
4.530000000002781, -0.6257267738907075 
4.540000000002758, -0.6266300242627333 
4.5500000000027345, -0.6285951207410304 
4.560000000002711, -0.6321772616434851 
4.570000000002688, -0.6380696882443194 
4.580000000002665, -0.6469935431433494 
4.590000000002641, -0.6594124275077318 
4.600000000002618, -0.6750586283238669 
4.610000000002595, -0.6925282007607134 
4.620000000002571, -0.7095059280296993 
4.630000000002548, -0.7238149482768816 
4.640000000002525, -0.7344426196349936 
4.6500000000025015, -0.7416128249774364 
4.660000000002478, -0.7461501527663863 
4.670000000002455, -0.7489026859942853 
4.6800000000024315, -0.7505079669110125 
4.690000000002408, -0.7513804671533982 
4.700000000002385, -0.751767432341848 
4.710000000002362, -0.7518026596685997 
4.720000000002338, -0.7515407097646446 
4.730000000002315, -0.7509716437808013 
4.740000000002292, -0.7500185350803819 
4.750000000002268, -0.7485183005472463 
4.760000000002245, -0.7461867585530155 
4.770000000002222, -0.7425785958629085 
4.7800000000021985, -0.7370839344433746 
4.790000000002175, -0.7290549172034096 
4.800000000002152, -0.7181552539808097 
4.810000000002129, -0.7048176109479531 
4.820000000002105, -0.6903654466275281 
4.830000000002082, -0.6765001820411859 
4.840000000002059, -0.664552785826593 
4.850000000002035, -0.6551191666204599 
4.860000000002012, -0.648169820153784 
4.870000000001989, -0.6433364860817743 
4.880000000001965, -0.6401465061313544 
4.890000000001942, -0.6381519371742271 
4.900000000001919, -0.6369815011795961 
4.9100000000018955, -0.6363508967251057 
4.920000000001872, -0.6360542767627975 
4.930000000001849, -0.6359488639082154 
4.940000000001826, -0.6359386583116206 
4.950000000001802, -0.6359601827765944 
4.960000000001779, -0.6359716631368404 
4.970000000001756, -0.6359461954362301 
4.980000000001732, -0.6358688066867788 
4.990000000001709, -0.6357363763144195 
5.000000000001686, -0.6355580284850892 
5.0100000000016625, -0.6353527878110479 
5.020000000001639, -0.6351426657538056 
5.030000000001616, -0.6349429763714359 
5.0400000000015925, -0.6347547628405836 
5.050000000001569, -0.6345638073683236 
5.060000000001546, -0.6343469176243893 
5.070000000001523, -0.6340818141515525 
5.080000000001499, -0.633755269419216 
5.090000000001476, -0.6333664826121066 
5.100000000001453, -0.6329267185663897 
5.110000000001429, -0.6324585032957435 
5.120000000001406, -0.6319973090321885 
5.130000000001383, -0.6315972847291589 
5.1400000000013595, -0.6313415776862761 
5.150000000001336, -0.6313572576894464 
5.160000000001313, -0.6318342408145681 
5.17000000000129, -0.6330462574670699 
5.180000000001266, -0.6353689330794012 
5.190000000001243, -0.6392837401017835 
5.20000000000122, -0.6453442896185616 
5.210000000001196, -0.6540632988094413 
5.220000000001173, -0.6656722775861722 
5.23000000000115, -0.6797704215706462 
5.240000000001126, -0.6950781494343781 
5.250000000001103, -0.7096885916918019 
5.26000000000108, -0.7218942623471984 
5.2700000000010565, -0.73093923213259 
5.280000000001033, -0.7370442399029948 
5.29000000000101, -0.740904487730023 
5.300000000000987, -0.7432323428572329 
5.310000000000963, -0.7445660649412018 
5.32000000000094, -0.7452563734949844 
5.330000000000917, -0.7455106884416685 
5.340000000000893, -0.7454366643320692 
5.35000000000087, -0.7450691281332229 
5.360000000000847, -0.7443793369283879 
5.3700000000008234, -0.7432672965795946 
5.3800000000008, -0.7415363034069874 
5.390000000000777, -0.7388498186511008 
5.4000000000007535, -0.7346832803175464 
5.41000000000073, -0.7283229127297841 
5.420000000000707, -0.7190294756730546 
5.430000000000684, -0.7064792210687744 
5.44000000000066, -0.6913123134469279 
5.450000000000637, -0.6752070499649674 
5.460000000000614, -0.660162109048773 
5.47000000000059, -0.6475910139471392 
5.480000000000567, -0.6379842856203645 
5.490000000000544, -0.6311381604445596 
5.5000000000005205, -0.6265304707907731 
5.510000000000497, -0.6235864471578795 
5.520000000000474, -0.6218047032120182 
5.5300000000004506, -0.6207946306087511 
5.540000000000427, -0.6202721542108568 
5.550000000000404, -0.6200404186644105 
5.560000000000381, -0.6199677715662518 
5.570000000000357, -0.6199681678369631 
5.580000000000334, -0.6199858350976446 
5.590000000000311, -0.6199846432855338 
5.600000000000287, -0.6199420453105208 
5.610000000000264, -0.6198469960240132 
5.620000000000241, -0.6197003647491786 
5.6300000000002175, -0.6195150847531414 
5.640000000000194, -0.6193128585902634 
5.650000000000171, -0.6191162171479301 
5.660000000000148, -0.6189385609728256 
5.670000000000124, -0.6187773630651782 
5.680000000000101, -0.6186145669760925 
5.690000000000078, -0.6184241089462986 
5.700000000000054, -0.6181822979846936 
5.710000000000031, -0.617875624421664 
5.720000000000008, -0.6175034035385368 
5.729999999999984, -0.617076796296222 
5.739999999999961, -0.6166177407635433 
5.749999999999938, -0.6161607458407364 
5.7599999999999145, -0.615759173114745 
5.769999999999891, -0.6154968812084054 
5.779999999999868, -0.6155059094375247 
5.789999999999845, -0.6159905428651721 
5.799999999999821, -0.6172566840069483 
5.809999999999798, -0.6197413979159063 
5.819999999999775, -0.624027733821457 
5.829999999999751, -0.6308098443920592 
5.839999999999728, -0.6407434237405532 
5.849999999999705, -0.6541081595620792 
5.8599999999996815, -0.6703231002884236 
5.869999999999658, -0.6876740254354757 
5.879999999999635, -0.7037989718407303 
5.8899999999996115, -0.716836824978729 
5.899999999999588, -0.7262056131643136 
5.909999999999565, -0.7323854532839296 
5.919999999999542, -0.7362417465780344 
5.929999999999518, -0.7385572046647241 
5.939999999999495, -0.7398880204110994 
5.949999999999472, -0.7405850195347327 
5.959999999999448, -0.7408523087441073 
5.969999999999425, -0.7407948605588233 
5.979999999999402, -0.7404459925321654 
5.9899999999993785, -0.7397765078918044 
5.999999999999355, -0.7386874700446425 
6.009999999999332, -0.7369872499444586 
6.019999999999309, -0.734356365784698 
6.029999999999285, -0.7303192521071289 
6.039999999999262, -0.7242796986727056 
6.049999999999239, -0.7157158221212985 
6.059999999999215, -0.7045652924688011 
6.069999999999192, -0.6915644778542129 
6.079999999999169, -0.6781238400394362 
6.089999999999145, -0.6657159304679504 
6.099999999999122, -0.6553041226919247 
6.109999999999099, -0.6472041177221183 
6.1199999999990755, -0.6412701347938116 
6.129999999999052, -0.637139042416269 
6.139999999999029, -0.6343989480811892 
6.149999999999006, -0.632673898139695 
6.159999999998982, -0.6316551512119084 
6.169999999998959, -0.6311053535797234 
6.179999999998936, -0.6308507266928352 
6.189999999998912, -0.6307688747175145 
6.199999999998889, -0.6307760783488033 
6.209999999998866, -0.6308161750427315 
6.2199999999988425, -0.6308521899915298 
6.229999999998819, -0.6308612422747055 
6.239999999998796, -0.6308325330702318 
6.2499999999987725, -0.6307671273713686 
6.259999999998749, -0.6306770125446458 
6.269999999998726, -0.6305807650903792 
6.279999999998703, -0.6304952793996822 
6.289999999998679, -0.6304265364054118 
6.299999999998656, -0.6303644040856071 
6.309999999998633, -0.6302849310702587 
6.319999999998609, -0.6301592675107905 
6.329999999998586, -0.6299642266794214 
6.339999999998563, -0.6296890242992108 
6.3499999999985395, -0.629336414185262 
6.359999999998516, -0.6289206934662341 
6.369999999998493, -0.6284664797873224 
6.37999999999847, -0.6280110907421967 
6.389999999998446, -0.6276119515463826 
6.399999999998423, -0.6273598280498025 
6.4099999999984, -0.627398523679722 
6.419999999998376, -0.6279511366376094 
6.429999999998353, -0.6293509797587429 
6.43999999999833, -0.6320700795659234 
6.449999999998306, -0.6367265484856344 
6.459999999998283, -0.6440299962137743 
6.46999999999826, -0.6545958675061143 
6.4799999999982365, -0.6685680469808871 
6.489999999998213, -0.6851428366764457 
6.49999999999819, -0.7024169936463954 
6.509999999998167, -0.7180422629857091 
6.519999999998143, -0.7303789757289886 
6.52999999999812, -0.7390855567421063 
6.539999999998097, -0.7447583396551553 
6.549999999998073, -0.7482669811534594 
6.55999999999805, -0.7503543229667251 
6.569999999998027, -0.751534830766875 
6.5799999999980034, -0.7521281130429273 
6.58999999999798, -0.7523168431799426 
6.599999999997957, -0.7521905465712457 
6.6099999999979335, -0.751769286110843 
6.61999999999791, -0.7510091825163753 
6.629999999997887, -0.7497910545294071 
6.639999999997864, -0.7478920690410036 
6.64999999999784, -0.7449440720756123 
6.659999999997817, -0.740401362107251 
6.669999999997794, -0.7335861930928447 
6.67999999999777, -0.7239259530576913 
6.689999999997747, -0.7114099872236163 
6.699999999997724, -0.6969655064996699 
6.7099999999977005, -0.6822588461111255 
6.719999999997677, -0.6689457150595964 
6.729999999997654, -0.6580305281794387 
6.7399999999976306, -0.649760649576685 
6.749999999997607, -0.6438799079788301 
6.759999999997584, -0.6399205450105032 
6.769999999997561, -0.6373919590408162 
6.779999999997537, -0.6358682856514216 
6.789999999997514, -0.6350148597216425 
6.799999999997491, -0.6345852320664372 
6.809999999997467, -0.6344064726103468 
6.819999999997444, -0.6343615654020416 
6.829999999997421, -0.6343731155402954 
6.8399999999973975, -0.6343903119139023 
6.849999999997374, -0.634379936295093 
6.859999999997351, -0.6343215522922294 
6.869999999997328, -0.6342063016366366 
6.879999999997304, -0.6340375595798979 
6.889999999997281, -0.633830415642583 
6.899999999997258, -0.6336070719565092 
6.909999999997234, -0.6333879973284191 
6.919999999997211, -0.6331825366863131 
6.929999999997188, -0.6329842042768059 
6.939999999997164, -0.6327735170743212 
6.949999999997141, -0.6325267124882595 
6.959999999997118, -0.6322253550997562 
6.9699999999970945, -0.6318622390443263 
6.979999999997071, -0.6314426208552864 
6.989999999997048, -0.6309832693596554 
6.999999999997025, -0.6305126666571667 
7.009999999997001, -0.6300746040738651 
7.019999999996978, -0.6297361489550491 
7.029999999996955, -0.6296002419138091 
7.039999999996931, -0.6298227019273003 
7.049999999996908, -0.6306325393807802 
7.059999999996885, -0.6323524818963043 
7.0699999999968615, -0.6354122647961729 
7.079999999996838, -0.6403382002825969 
7.089999999996815, -0.6476865396129682 
7.0999999999967915, -0.6578712462879045 
7.109999999996768, -0.6708554046023086 
7.119999999996745, -0.6858062229181947 
7.129999999996722, -0.701049851990655 
7.139999999996698, -0.7146510382848797 
7.149999999996675, -0.7253197135687227 
7.159999999996652, -0.7328341465648656 
7.169999999996628, -0.737726723042517 
7.179999999996605, -0.7407443005716445 
7.189999999996582, -0.7425228596719405 
7.1999999999965585, -0.743503354974728 
7.209999999996535, -0.7439588682040315 
7.219999999996512, -0.7440425538560917 
7.229999999996489, -0.743823558645675 
7.239999999996465, -0.743305030573008 
7.249999999996442, -0.7424249716581378 
7.259999999996419, -0.7410399950322364 
7.269999999996395, -0.7388910256980326 
7.279999999996372, -0.7355552918228356 
7.289999999996349, -0.7304130165005611 
7.299999999996325, -0.7227128464014121 
7.309999999996302, -0.711869478571032 
7.319999999996279, -0.6980008294809982 
7.3299999999962555, -0.6823032885609539 
7.339999999996232, -0.6667060336841397 
7.349999999996209, -0.6529611924222731 
7.359999999996186, -0.6419937738597883 
7.369999999996162, -0.6338978416113774 
7.379999999996139, -0.62827939470033 
7.389999999996116, -0.624581482214828 
7.399999999996092, -0.6222698430271423 
7.409999999996069, -0.6209058880499949 
7.419999999996046, -0.6201591436462939 
7.4299999999960225, -0.6197942915222376 
7.439999999995999, -0.6196505716057863 
7.449999999995976, -0.619621382848072 
7.4599999999959525, -0.6196372053664734 
7.469999999995929, -0.6196528858908572 
7.479999999995906, -0.6196394518176612 
7.489999999995883, -0.6195801637188987 
7.499999999995859, -0.6194698696768793 
7.509999999995836, -0.6193155703973232 
7.519999999995813, -0.6191350588384787 
7.529999999995789, -0.6189511652531252 
7.539999999995766, -0.6187822777078736 
7.549999999995743, -0.618633388039896 
7.5599999999957195, -0.6184927218488054 
7.569999999995696, -0.618336141028851 
7.579999999995673, -0.6181369279310303 
7.58999999999565, -0.6178755177110771 
7.599999999995626, -0.6175447145053747 
7.609999999995603, -0.6171499880258869 
7.61999999999558, -0.6167078430723429 
7.629999999995556, -0.6162457875723482 
7.639999999995533, -0.6158061945435692 
7.64999999999551, -0.6154552428994399 
7.659999999995486, -0.6152977446902679 
7.669999999995463, -0.6154985507424896 
7.67999999999544, -0.6163105192667272 
7.6899999999954165, -0.6181065104629746 
7.699999999995393, -0.6214062197622272 
7.70999999999537, -0.6268736345459789 
7.719999999995347, -0.6352334615977612 
7.729999999995323, -0.6470265898674386 
7.7399999999953, -0.6621626409367793 
7.749999999995277, -0.6794589070894828 
7.759999999995253, -0.696704236441717 
7.76999999999523, -0.7115979108865483 
7.779999999995207, -0.7228818713590217 
7.789999999995183, -0.7306028255948407 
7.79999999999516, -0.7355351010161298 
7.809999999995137, -0.7385503076679273 
7.8199999999951135, -0.7403269659387027 
7.82999999999509, -0.741314011117768 
7.839999999995067, -0.7417828818164356 
7.849999999995044, -0.7418840749221506 
7.85999999999502, -0.7416850180394622 
7.869999999994997, -0.7411881856014534 
7.879999999994974, -0.7403320644483983 
7.88999999999495, -0.7389762087208265 
7.899999999994927, -0.7368716368026216 
7.909999999994904, -0.7336257538593505 
7.9199999999948805, -0.7286968593018149 
7.929999999994857, -0.721497514932522 
7.939999999994834, -0.7116901813957186 
7.9499999999948106, -0.6995912001758926 
7.959999999994787, -0.6863136017929535 
7.969999999994764, -0.6733628667345103 
7.979999999994741, -0.6619833291645507 
7.989999999994717, -0.6527974242991517 
7.999999999994694, -0.6458618650259988 
8.00999999999467, -0.6409037917261174 
8.019999999994647, -0.6375288936695934 
8.029999999994624, -0.6353429976089514 
8.0399999999946, -0.6340058672752783 
8.049999999994577, -0.633246929571514 
8.059999999994554, -0.6328628179063236 
8.06999999999453, -0.6327072616457092 
8.079999999994508, -0.6326786447708937 
8.089999999994484, -0.6327080883257644 
8.099999999994461, -0.6327496814174294 
8.109999999994438, -0.6327737429204854 
8.119999999994414, -0.6327633505184522 
8.129999999994391, -0.6327134720487997 
8.139999999994368, -0.6326307674083453 
8.149999999994344, -0.6325312308716678 
8.159999999994321, -0.6324337622774114 
8.169999999994298, -0.6323508685390488 
8.179999999994275, -0.6322808575959724 
8.189999999994251, -0.6322062030690955 
8.199999999994228, -0.6320995475517903 
8.209999999994205, -0.6319341395157904 
8.219999999994181, -0.631692918191603 
8.229999999994158, -0.6313723272647853 
8.239999999994135, -0.6309814481923172 
8.249999999994111, -0.6305400393590096 
8.259999999994088, -0.6300789799489064 
8.269999999994065, -0.6296451371355781 
8.279999999994041, -0.6293116177988385 
8.289999999994018, -0.6291940225938508 
8.299999999993995, -0.6294730212943322 
8.309999999993972, -0.6304223960063382 
8.319999999993948, -0.6324384173324191 
8.329999999993925, -0.6360587765043639 
8.339999999993902, -0.6419435633518215 
8.349999999993878, -0.6507652532283669 
8.359999999993855, -0.6629372601504551 
8.369999999993832, -0.678174342417208 
8.379999999993808, -0.6951244614481328 
8.389999999993785, -0.7115841696333709 
8.399999999993762, -0.7254769892689856 
8.409999999993738, -0.7358210794228209 
8.419999999993715, -0.7428149404641825 
8.429999999993692, -0.7472446814861676 
8.439999999993669, -0.7499295940940957 
8.449999999993645, -0.7514900441358203 
8.459999999993622, -0.7523307658861704 
8.469999999993599, -0.7526932119362917 
8.479999999993575, -0.7527073093614386 
8.489999999993552, -0.7524245066908963 
8.499999999993529, -0.7518316578319577 
8.509999999993505, -0.7508476075006715 
8.519999999993482, -0.7493026324872678 
8.529999999993459, -0.7469011201940652 
8.539999999993436, -0.743177669971822 
8.549999999993412, -0.7374891615008867 
8.559999999993389, -0.7291421023739904 
8.569999999993366, -0.7177613784221938 
8.579999999993342, -0.7037897276805203 
8.589999999993319, -0.6886379214521743 
8.599999999993296, -0.6741360756363426 
8.609999999993272, -0.6617102946853273 
8.619999999993249, -0.6519802055866234 
8.629999999993226, -0.6448857226850675 
8.639999999993202, -0.6400084021102928 
8.64999999999318, -0.6368295833293935 
8.659999999993156, -0.6348685205594061 
8.669999999993133, -0.6337344762778565 
8.67999999999311, -0.6331337355699416 
8.689999999993086, -0.632857316069322 
8.699999999993063, -0.6327625614520088 
8.70999999999304, -0.6327548572038046 
8.719999999993016, -0.6327722762717316 
8.729999999992993, -0.6327742885314592 
8.73999999999297, -0.6327348454730467 
8.749999999992946, -0.6326395765806517 
8.759999999992923, -0.6324859402138007 
8.7699999999929, -0.6322838193647563 
8.779999999992876, -0.6320532461640352 
8.789999999992853, -0.6318173951127539 
8.79999999999283, -0.6315927320471083 
8.809999999992806, -0.6313813129298832 
8.819999999992783, -0.6311697277577946 
8.82999999999276, -0.6309353364789941 
8.839999999992736, -0.6306561124525343 
8.849999999992713, -0.6303187940927131 
8.85999999999269, -0.6299223567048862 
8.869999999992666, -0.6294777906376418 
8.879999999992643, -0.6290074086789283 
8.88999999999262, -0.6285465748278776 
8.899999999992596, -0.628149407119533 
8.909999999992573, -0.6278990183364774 
8.91999999999255, -0.6279223416023548 
8.929999999992527, -0.6284090052865241 
8.939999999992503, -0.6296324147763712 
8.94999999999248, -0.6319682502537456 
8.959999999992457, -0.6358992149590109 
8.969999999992433, -0.641982294760482 
8.97999999999241, -0.6507360226528985 
8.989999999992387, -0.6623981595840884 
8.999999999992363, -0.6765691518508652 
9.00999999999234, -0.6919599810702948 
9.019999999992317, -0.7066460971685248 
9.029999999992294, -0.7189063888244478 
9.03999999999227, -0.7279838426539783 
9.049999999992247, -0.734106365956918 
9.059999999992224, -0.7379765104955479 
9.0699999999922, -0.7403109640087204 
9.079999999992177, -0.7416498987625477 
9.089999999992154, -0.7423447987627105 
9.09999999999213, -0.7426034548478011 
9.109999999992107, -0.7425338222810947 
9.119999999992084, -0.742171098810396 
9.12999999999206, -0.7414870989102842 
9.139999999992037, -0.7403827818024087 
9.149999999992014, -0.7386632787548348 
9.15999999999199, -0.7359959355686316 
9.169999999991967, -0.7318647337863023 
9.179999999991944, -0.7255737019296264 
9.18999999999192, -0.7164145324238872 
9.199999999991897, -0.7040998413956595 
9.209999999991874, -0.6892817386469829 
9.21999999999185, -0.6735953896790635 
9.229999999991827, -0.6589557379327473 
9.239999999991804, -0.6467048557168111 
9.24999999999178, -0.6373074303441907 
9.259999999991757, -0.6305726235418367 
9.269999999991734, -0.6260074772442967 
9.27999999999171, -0.6230660788151272 
9.289999999991688, -0.6212686398538544 
9.299999999991664, -0.6202381013900722 
9.309999999991641, -0.6196975952793042 
9.319999999991618, -0.6194533237351382 
9.329999999991594, -0.6193743896980716 
9.339999999991571, -0.6193744844229215 
9.349999999991548, -0.6193973222602862 
9.359999999991524, -0.6194063966450478 
9.369999999991501, -0.6193790411570685 
9.379999999991478, -0.6193042765767827 
9.389999999991455, -0.6191830118542505 
9.399999999991431, -0.6190279242333044 
9.409999999991408, -0.6188599642855716 
9.419999999991385, -0.6187003849983996 
9.429999999991361, -0.6185609151523664 
9.439999999991338, -0.6184371761614746 
9.449999999991315, -0.6183093325785983 
9.459999999991291, -0.6181498873630119 
9.469999999991268, -0.6179342662789831 
9.479999999991245, -0.617648631058434 
9.489999999991221, -0.6172923041183038 
9.499999999991198, -0.6168764655657306 
9.509999999991175, -0.6164228013761899 
9.519999999991152, -0.615965138513644 
9.529999999991128, -0.6155557412500643 
9.539999999991105, -0.6152772289534287 
9.549999999991082, -0.6152609663973527 
9.559999999991058, -0.6157125308529785 
9.569999999991035, -0.6169434466453142 
9.579999999991012, -0.6194040694620858 
9.589999999990988, -0.6237018968275999 
9.599999999990965, -0.6305675299738644 
9.609999999990942, -0.6406973609442318 
9.619999999990918, -0.6543928131349911 
9.629999999990895, -0.67104228112499 
9.639999999990872, -0.688839606790453 
9.649999999990849, -0.7053211534210839 
9.659999999990825, -0.7185848365299685 
9.669999999990802, -0.7280744183158283 
9.679999999990779, -0.734315149157608 
9.689999999990755, -0.7382041940863739 
9.699999999990732, -0.7405398290284845 
9.709999999990709, -0.741884771595694 
9.719999999990685, -0.7425926567978788 
9.729999999990662, -0.7428690668012876 
9.739999999990639, -0.7428199974475695 
9.749999999990616, -0.7424796918830887 
9.759999999990592, -0.7418200241066953 
9.769999999990569, -0.7407436017928192 
9.779999999990546, -0.7390614191481762 
9.789999999990522, -0.7364588590190217 
9.799999999990499, -0.7324693967233943 
9.809999999990476, -0.7265119725595967 
9.819999999990452, -0.7180842058099166 
9.829999999990429, -0.7071363558816884 
9.839999999990406, -0.6943927010853138 
9.849999999990382, -0.6812230451043071 
9.85999999999036, -0.669052716346087 
9.869999999990336, -0.6588173857342723 
9.879999999990313, -0.6508306808404908 
9.88999999999029, -0.6449602213689402 
9.899999999990266, -0.6408600023486399 
9.909999999990243, -0.6381324403212855 
9.91999999999022, -0.6364112097216139 
9.929999999990196, -0.6353930392430386 
9.939999999990173, -0.6348431504986122 
9.94999999999015, -0.6345886466545949 
9.959999999990126, -0.6345071818198382 
9.969999999990103, -0.6345147621907266 
9.97999999999008, -0.6345548679647217 
9.989999999990056, -0.6345901673800658 
9.999999999990033, -0.6345974346501844 
10.00999999999001, -0.6345655369929462 
10.019999999989986, -0.6344952323189011 
10.029999999989963, -0.6343982647345967 
10.03999999998994, -0.6342930756870704 
10.049999999989916, -0.6341965749099618 
10.059999999989893, -0.6341149554470532 
10.06999999998987, -0.6340385423637196 
10.079999999989846, -0.6339440921816515 
10.089999999989823, -0.6338036210514433 
10.0999999999898, -0.633594794020435 
10.109999999989776, -0.6333075268915745 
10.119999999989753, -0.6329451265363246 
10.12999999998973, -0.6325224481337788 
10.139999999989707, -0.6320648977601369 
10.149999999989683, -0.6316110258468379 
10.15999999998966, -0.631220053644743 
10.169999999989637, -0.6309849982566405 
10.179999999989613, -0.6310517953903233 
10.18999999998959, -0.6316441443896483 
10.199999999989567, -0.6330917451702323 
10.209999999989543, -0.6358546264323455 
10.21999999998952, -0.6405255428879081 
10.229999999989497, -0.647772544512397 
10.239999999989474, -0.6581594121317029 
10.24999999998945, -0.6717921893182436 
10.259999999989427, -0.6878822302437745 
10.269999999989404, -0.7046135995183467 
10.27999999998938, -0.7197542455748406 
10.289999999989357, -0.731733815080075 
10.299999999989334, -0.7402094611595357 
10.30999999998931, -0.7457412444572035 
10.319999999989287, -0.7491634430117251 
10.329999999989264, -0.7511955824395455 
10.33999999998924, -0.7523386699225096 
10.349999999989217, -0.7529045834835917 
10.359999999989194, -0.7530712142889195 
10.36999999998917, -0.7529246751272791 
10.379999999989147, -0.7524819980443144 
10.389999999989124, -0.7516958085134622 
10.3999999999891, -0.7504418954275426 
10.409999999989077, -0.7484891248674032 
10.419999999989054, -0.7454547989612178 
10.42999999998903, -0.7407680542678479 
10.439999999989007, -0.733712175719321 
10.449999999988984, -0.7236693695418757 
10.45999999998896, -0.7106087913219488 
10.469999999988937, -0.6955048296862982 
10.479999999988914, -0.6801384978077698 
10.48999999998889, -0.6662837023177784 
10.499999999988868, -0.6550027613815954 
10.509999999988844, -0.6465337256293944 
10.519999999988821, -0.6405755522518788 
10.529999999988798, -0.6366110073519391 
10.539999999988774, -0.6341108361433048 
10.549999999988751, -0.6326246004710866 
10.559999999988728, -0.6318047277693652 
10.569999999988704, -0.6313996435994464 
10.579999999988681, -0.6312356273992586 
10.589999999988658, -0.6311967868526389 
10.599999999988635, -0.6312073406852841 
10.609999999988611, -0.6312178996945137 
10.619999999988588, -0.6311962672769834 
10.629999999988565, -0.6311226918181143 
10.639999999988541, -0.6309888633999181 
10.649999999988518, -0.6307987942791067 
10.659999999988495, -0.6305684355672665 
10.669999999988471, -0.6303210509241842 
10.679999999988448, -0.6300782235011206 
10.689999999988425, -0.6298503135932623 
10.699999999988401, -0.6296316682869666 
10.709999999988378, -0.6294034143211065 
10.719999999988355, -0.6291421372580804 
10.729999999988332, -0.6288294725902617 
10.739999999988308, -0.6284580606994796 
10.749999999988285, -0.6280328943077127 
10.759999999988262, -0.627570487297255 
10.769999999988238, -0.6270991458596391 
10.779999999988215, -0.6266625689490521 
10.789999999988192, -0.6263277658776762 
10.799999999988168, -0.6261975809511482 
10.809999999988145, -0.626427657506474 
10.819999999988122, -0.6272468357693243 
10.829999999988098, -0.6289780200077982 
10.839999999988075, -0.6320521751174023 
10.849999999988052, -0.6369988871884474 
10.859999999988029, -0.6443804165947847 
10.869999999988005, -0.6546184241619211 
10.879999999987982, -0.6676807844338554 
10.889999999987959, -0.6827293007044978 
10.899999999987935, -0.6980720290918252 
10.909999999987912, -0.7117530907276961 
10.919999999987889, -0.722473737230695 
10.929999999987865, -0.7300172849225955 
10.939999999987842, -0.7349256268969008 
10.949999999987819, -0.7379526334079285 
10.959999999987796, -0.7397378536328466 
10.969999999987772, -0.7407237621622478 
10.979999999987749, -0.7411841045500273 
10.989999999987726, -0.7412724326238472 
10.999999999987702, -0.7410582704999944 
11.009999999987679, -0.7405452588364968 
11.019999999987656, -0.7396721720404756 
11.029999999987632, -0.7382970130370403 
11.039999999987609, -0.7361635067825139 
11.049999999987586, -0.7328549242595498 
11.059999999987562, -0.727764439521346 
11.06999999998754, -0.7201654347144311 
11.079999999987516, -0.70950858079598 
11.089999999987493, -0.6959397668790623 
11.09999999998747, -0.6806399812190742 
11.109999999987446, -0.6654688413869645 
11.119999999987423, -0.6520949641662863 
11.1299999999874, -0.6413944433899402 
11.139999999987376, -0.6334578866673986 
11.149999999987353, -0.6279148998140313 
11.15999999998733, -0.6242386365420121 
11.169999999987306, -0.6219201918092049 
11.179999999987283, -0.6205383376923271 
11.18999999998726, -0.6197727322457837 
11.199999999987236, -0.6193930081987696 
11.209999999987213, -0.6192402043028719 
11.21999999998719, -0.6192079113800848 
11.229999999987166, -0.6192261978056431 
11.239999999987143, -0.6192494559293614 
11.24999999998712, -0.6192484612544678 
11.259999999987096, -0.6192064485384107 
11.269999999987073, -0.6191183268203029 
11.27999999998705, -0.6189910037358772 
11.289999999987026, -0.6188417864861092 
11.299999999987003, -0.6186925106188536 
11.30999999998698, -0.6185601147574167 
11.319999999986956, -0.6184478585218611 
11.329999999986933, -0.6183421790056436 
11.33999999998691, -0.6182173574342941 
11.349999999986887, -0.618045556379925 
11.359999999986863, -0.6178066660648954 
11.36999999998684, -0.6174934045625229 
11.379999999986817, -0.6171113273007245 
11.389999999986793, -0.6166768861092045 
11.39999999998677, -0.616217176342024 
11.409999999986747, -0.6157737187824325 
11.419999999986723, -0.6154115118785733 
11.4299999999867, -0.6152342781573565 
11.439999999986677, -0.6154068066679557 
11.449999999986654, -0.6161846475504531 
11.45999999998663, -0.617948810930141 
11.469999999986607, -0.6212360114810952 
11.479999999986584, -0.6267386953159877 
11.48999999998656, -0.6352190949677659 
11.499999999986537, -0.6472505381474971 
11.509999999986514, -0.6627411033978 
11.51999999998649, -0.6804475640104204 
11.529999999986467, -0.698059862133049 
11.539999999986444, -0.7132082606965227 
11.54999999998642, -0.7246350655037617 
11.559999999986397, -0.7324269989657953 
11.569999999986374, -0.7373950987251428 
11.57999999998635, -0.7404309769317954 
11.589999999986327, -0.7422215828365102 
11.599999999986304, -0.7432191643148118 
11.60999999998628, -0.7436966638765002 
11.619999999986257, -0.7438055072008988 
11.629999999986234, -0.7436138988644145 
11.63999999998621, -0.7431251429580352 
11.649999999986187, -0.7422788284761989 
11.659999999986164, -0.7409362703046156 
11.66999999998614, -0.7388516657447005 
11.679999999986117, -0.7356384191133256 
11.689999999986094, -0.7307656140476441 
11.69999999998607, -0.7236621019173615 
11.709999999986048, -0.7140067666758007 
11.719999999986024, -0.7021180198160053 
11.729999999986001, -0.6890841334220482 
11.739999999985978, -0.6763677180140568 
11.749999999985954, -0.6651773428050158 
11.759999999985931, -0.6561224272251005 
11.769999999985908, -0.6492660573214794 
11.779999999985884, -0.6443500239525696 
11.789999999985861, -0.6409945154917618 
11.799999999985838, -0.6388161440119037 
11.809999999985815, -0.6374813501905947 
11.819999999985791, -0.6367230481138012 
11.829999999985768, -0.6363393254656432 
11.839999999985745, -0.6361842719932584 
11.849999999985721, -0.6361561465791461 
11.859999999985698, -0.6361857827112606 
11.869999999985675, -0.6362269525912374 
11.879999999985651, -0.63624966288514 
11.889999999985628, -0.6362366851756286 
11.899999999985605, -0.6361826955233482 
11.909999999985581, -0.636094104890051 
11.919999999985558, -0.6359867420739795 
11.929999999985535, -0.6358794638195677 
11.939999999985512, -0.6357848943675981 
11.949999999985488, -0.6357016652352696 
11.959999999985465, -0.6356128130702831 
11.969999999985442, -0.6354917463303237 
11.979999999985418, -0.6353125483457784 
11.989999999985395, -0.6350589007708674 
11.999999999985372, -0.6347278290487705 
12.009999999985348, -0.6343289173977796 
12.019999999985325, -0.6338825371576454 
12.029999999985302, -0.6334205047091177 
12.039999999985278, -0.6329911084864607 
12.049999999985255, -0.6326693684846587 
12.059999999985232, -0.6325729736499379 
12.069999999985209, -0.6328839279275723 
12.079999999985185, -0.6338746688404756 
12.089999999985162, -0.6359342018294575 
12.099999999985139, -0.6395826339430274 
12.109999999985115, -0.6454481445771492 
12.119999999985092, -0.6541577546704155 
12.129999999985069, -0.6660792683959305 
12.139999999985045, -0.6809127791242879 
12.149999999985022, -0.6973554159600497 
12.159999999984999, -0.713308235023744 
12.169999999984976, -0.7267903496639154 
12.179999999984952, -0.7368518623633056 
12.189999999984929, -0.7436691820053578 
12.199999999984906, -0.7479917213607059 
12.209999999984882, -0.7506101527686313 
12.219999999984859, -0.7521273019757853 
12.229999999984836, -0.7529378634404625 
12.239999999984812, -0.7532773753228559 
12.249999999984789, -0.7532719160868864 
12.259999999984766, -0.7529699491269933 
12.269999999984742, -0.7523553612691133 
12.27999999998472, -0.7513431916819936 
12.289999999984696, -0.7497578436971484 
12.299999999984673, -0.7472936814878559 
12.30999999998465, -0.7434677110624601 
12.319999999984626, -0.7376075221448168 
12.329999999984603, -0.7289789259274019 
12.33999999998458, -0.7171715651411273 
12.349999999984556, -0.7026369302616755 
12.359999999984533, -0.6868655851318051 
12.36999999998451, -0.6718055175025364 
12.379999999984486, -0.6589683696595071 
12.389999999984463, -0.6489921223476909 
12.39999999998444, -0.6417854798098912 
12.409999999984416, -0.6368825569877321 
12.419999999984393, -0.6337228760761182 
12.42999999998437, -0.6317969984251323 
12.439999999984346, -0.6306979546852712 
12.449999999984323, -0.6301247503624104 
12.4599999999843, -0.6298664524359615 
12.469999999984276, -0.6297810450162555 
12.479999999984253, -0.6297754330764083 
12.48999999998423, -0.6297891981403483 
12.499999999984206, -0.6297829641089191 
12.509999999984183, -0.6297314594161391 
12.51999999998416, -0.6296208622107371 
12.529999999984136, -0.6294491648285825 
12.539999999984113, -0.6292269444924226 
12.54999999998409, -0.6289751328236248 
12.559999999984067, -0.6287179100840916 
12.569999999984043, -0.6284727003938635 
12.57999999998402, -0.6282423657970087 
12.589999999983997, -0.6280141106833745 
12.599999999983973, -0.6277656950663242 
12.60999999998395, -0.6274752553536199 
12.619999999983927, -0.6271294699395299 
12.629999999983903, -0.6267271059894454 
12.63999999998388, -0.6262789035128032 
12.649999999983857, -0.6258069668754324 
12.659999999983834, -0.6253465253571547 
12.66999999998381, -0.6249516165946196 
12.679999999983787, -0.6247052793668633 
12.689999999983764, -0.6247343453158406 
12.69999999998374, -0.6252283675333311 
12.709999999983717, -0.6264609536963804 
12.719999999983694, -0.6288088293481484 
12.72999999998367, -0.6327574781789174 
12.739999999983647, -0.638869282637868 
12.749999999983624, -0.647670598075107 
12.7599999999836, -0.6594063279486216 
12.769999999983577, -0.673676478239276 
12.779999999983554, -0.6891778434148585 
12.78999999998353, -0.7039625470831747 
12.799999999983507, -0.716292876205783 
12.809999999983484, -0.7254114861192019 
12.81999999998346, -0.7315558840856223 
12.829999999983437, -0.7354380411141329 
12.839999999983414, -0.7377801497089334 
12.84999999998339, -0.7391248595225961 
12.859999999983367, -0.7398246738955583 
12.869999999983344, -0.7400878726546423 
12.87999999998332, -0.740022770630113 
12.889999999983297, -0.7396649696240997 
12.899999999983274, -0.7389868666089264 
12.90999999998325, -0.737890405668729 
12.919999999983228, -0.7361826095644395 
12.929999999983204, -0.733534808660855 
12.939999999983181, -0.7294396414691109 
12.949999999983158, -0.7232188304293682 
12.959999999983134, -0.7141940123258543 
12.969999999983111, -0.7021116441557758 
12.979999999983088, -0.6876328627822861 
12.989999999983064, -0.6723498682381507 
12.999999999983041, -0.6580985123952205 
13.009999999983018, -0.6461549333868815 
13.019999999982995, -0.636960470637842 
13.029999999982971, -0.6303364115804697 
13.039999999982948, -0.6258167673327271 
13.049999999982925, -0.622882343347037 
13.059999999982901, -0.6210735190487222 
13.069999999982878, -0.6200260648517617 
13.079999999982855, -0.6194700918741393 
13.089999999982831, -0.6192148966019821 
13.099999999982808, -0.6191304738606247 
13.109999999982785, -0.6191303917943457 
13.119999999982761, -0.6191579508397492 
13.129999999982738, -0.6191763119199425 
13.139999999982715, -0.6191626826507441 
13.149999999982692, -0.6191061119756459 
13.159999999982668, -0.6190075122033065 
13.169999999982645, -0.6188793078151146 
13.179999999982622, -0.6187417666086696 
13.189999999982598, -0.6186149988985483 
13.199999999982575, -0.618509240458164 
13.209999999982552, -0.6184184568514175 
13.219999999982528, -0.6183212269899577 
13.229999999982505, -0.618188795431348 
13.239999999982482, -0.6179958447277941 
13.249999999982458, -0.6177283052119557 
13.259999999982435, -0.6173855717505632 
13.269999999982412, -0.6169789046609974 
13.279999999982389, -0.6165298250399704 
13.289999999982365, -0.6160716084284624 
13.299999999982342, -0.6156555839500042 
13.309999999982319, -0.6153632647987259 
13.319999999982295, -0.6153253055454133 
13.329999999982272, -0.6157481161098467 
13.339999999982249, -0.6169475606731093 
13.349999999982225, -0.619384655741632 
13.359999999982202, -0.6236868479487019 
13.369999999982179, -0.6306146755514809 
13.379999999982156, -0.640897724099396 
13.389999999982132, -0.654853924818933 
13.399999999982109, -0.6718436455040768 
13.409999999982086, -0.6899831844151537 
13.419999999982062, -0.7067282097218901 
13.429999999982039, -0.7201498993672616 
13.439999999982016, -0.7297182612368347 
13.449999999981992, -0.7359961086579426 
13.459999999981969, -0.7399046361280163 
13.469999999981946, -0.742252709518125 
13.479999999981922, -0.7436069147432565 
13.4899999999819, -0.7443223389979913 
13.499999999981876, -0.744605310644901 
13.509999999981853, -0.7445624040648449 
13.51999999998183, -0.7442284539951077 
13.529999999981806, -0.7435760733145684 
13.539999999981783, -0.7425089789714425 
13.54999999998176, -0.7408400967699424 
13.559999999981736, -0.7382584639494997 
13.569999999981713, -0.7343044634941258 
13.57999999998169, -0.7284087714314028 
13.589999999981666, -0.7200843088423194 
13.599999999981643, -0.7092915260050969 
13.60999999998162, -0.6967459447138948 
13.619999999981596, -0.6837864058594855 
13.629999999981573, -0.6718017815332344 
13.63999999998155, -0.6617059094152082 
13.649999999981526, -0.6538102074485052 
13.659999999981503, -0.6479921601185045 
13.66999999998148, -0.6439187256315808 
13.679999999981456, -0.641203279860753 
13.689999999981433, -0.6394869338100233 
13.69999999998141, -0.6384706788398501 
13.709999999981386, -0.6379217749620197 
13.719999999981363, -0.6376680572801023 
13.72999999998134, -0.6375872663312165 
13.739999999981316, -0.6375952370205332 
13.749999999981293, -0.6376352037570866 
13.75999999998127, -0.6376695773980525 
13.769999999981247, -0.6376748745585485 
13.779999999981223, -0.637639709539061 
13.7899999999812, -0.6375646115553969 
13.799999999981177, -0.637461153474239 
13.809999999981153, -0.6373476968946857 
13.81999999998113, -0.6372411928332768 
13.829999999981107, -0.6371480331334524 
13.839999999981083, -0.6370589422060873 
13.84999999998106, -0.6369512856180564 
13.859999999981037, -0.6367978220849899 
13.869999999981014, -0.636576946711836 
13.87999999998099, -0.6362791763280544 
13.889999999980967, -0.6359082953806486 
13.899999999980944, -0.6354796443303299 
13.90999999998092, -0.6350193132122703 
13.919999999980897, -0.6345669095654916 
13.929999999980874, -0.6341831657540815 
13.93999999998085, -0.6339629329993024 
13.949999999980827, -0.6340537554271815 
13.959999999980804, -0.634679445252144 
13.96999999998078, -0.636166003279415 
13.979999999980757, -0.6389624789554619 
13.989999999980734, -0.6436394159068122 
13.99999999998071, -0.650829465454957 
14.009999999980687, -0.6610533228524003 
14.019999999980664, -0.6743860982236777 
14.02999999998064, -0.6900521245593343 
14.039999999980617, -0.7063083425071537 
14.049999999980594, -0.7210210227083488 
14.05999999998057, -0.7326811348614309 
14.069999999980547, -0.7409478680835547 
14.079999999980524, -0.7463515645078884 
14.0899999999805, -0.7496956572116407 
14.099999999980477, -0.751678554486336 
14.109999999980454, -0.7527887912440556 
14.11999999998043, -0.7533310435579036 
14.129999999980408, -0.7534788021450075 
14.139999999980384, -0.7533151210807183 
14.149999999980361, -0.7528544046509111 
14.159999999980338, -0.7520463396572943 
14.169999999980314, -0.7507625808307915 
14.179999999980291, -0.7487652739613175 
14.189999999980268, -0.745660051508532 
14.199999999980244, -0.7408559236555841 
14.209999999980221, -0.733604944837377 
14.219999999980198, -0.7232529716692411 
14.229999999980175, -0.7097531596761908 
14.239999999980151, -0.6941194591211909 
14.249999999980128, -0.6782280755773427 
14.259999999980105, -0.6639495835151983 
14.269999999980081, -0.6523910748876824 
14.279999999980058, -0.6437792824055346 
14.289999999980035, -0.6377737888422284 
14.299999999980011, -0.6338160478320324 
14.309999999979988, -0.6313457489765795 
14.319999999979965, -0.6298935440520128 
14.329999999979941, -0.6291025240735969 
14.339999999979918, -0.6287178774762672 
14.349999999979895, -0.6285658605439004 
14.359999999979872, -0.6285318479372848 
14.369999999979848, -0.628541542753308 
14.379999999979825, -0.6285467823206788 
14.389999999979802, -0.6285162259397643 
14.399999999979778, -0.628430693262377 
14.409999999979755, -0.6282823398056314 
14.419999999979732, -0.628075720127521 
14.429999999979708, -0.6278275013992851 
14.439999999979685, -0.6275617983169014 
14.449999999979662, -0.6273010493139969 
14.459999999979638, -0.627056355671415 
14.469999999979615, -0.6268226421668135 
14.479999999979592, -0.6265814412474355 
14.489999999979569, -0.6263095601858958 
14.499999999979545, -0.62598866547071 
14.509999999979522, -0.6256112717657634 
14.519999999979499, -0.6251821661522023 
14.529999999979475, -0.6247176591365152 
14.539999999979452, -0.6242459059422723 
14.549999999979429, -0.6238105134721229 
14.559999999979405, -0.6234784331407963 
14.569999999979382, -0.6233524599309788 
14.579999999979359, -0.6235882234444514 
14.589999999979335, -0.6244147499831103 
14.599999999979312, -0.6261557362666305 
14.609999999979289, -0.6292442563272402 
14.619999999979266, -0.6342141872226604 
14.629999999979242, -0.6416346155171088 
14.639999999979219, -0.6519349359303815 
14.649999999979196, -0.6650864493152853 
14.659999999979172, -0.6802428007681265 
14.669999999979149, -0.6956911757614569 
14.679999999979126, -0.7094542254481407 
14.689999999979102, -0.7202258940068805 
14.69999999997908, -0.7277964833908634 
14.709999999979056, -0.7327185637999196 
14.719999999979033, -0.7357533760673973 
14.72999999997901, -0.7375440184466178 
14.739999999978986, -0.7385343738797604 
14.749999999978963, -0.7389987441892734 
14.75999999997894, -0.7390909875638999 
14.769999999978916, -0.738880920207132 
14.779999999978893, -0.7383725787101458 
14.78999999997887, -0.7375053780608934 
14.799999999978846, -0.736138503477999 
14.809999999978823, -0.7340181113556339 
14.8199999999788, -0.730732787120003 
14.829999999978776, -0.7256871256603642 
14.839999999978753, -0.7181761768009434 
14.84999999997873, -0.7076816428733286 
14.859999999978706, -0.6943727469105142 
14.869999999978683, -0.6794162364818899 
14.87999999997866, -0.6646121291899263 
14.889999999978636, -0.651558679118699 
14.899999999978613, -0.6410909578700421 
14.90999999997859, -0.6332963720296055 
14.919999999978566, -0.6278238439285189 
14.929999999978543, -0.624171448355577 
14.93999999997852, -0.6218515028741487 
14.949999999978496, -0.6204575213781973 
14.959999999978473, -0.6196779453789989 
14.96999999997845, -0.6192868514238571 
14.979999999978427, -0.6191270276673781 
14.989999999978403, -0.6190923973248483 
14.99999999997838, -0.6191127894070277 
15.009999999978357, -0.6191422685887088 
15.019999999978333, -0.6191514148132987 
15.02999999997831, -0.6191234338943133 
15.039999999978287, -0.619053270797608 
15.049999999978263, -0.6189477466669449 
15.05999999997824, -0.6188237694170209 
15.069999999978217, -0.6187023647727204 
15.079999999978194, -0.6185992876515275 
15.08999999997817, -0.6185163767839541 
15.099999999978147, -0.6184386035977963 
15.109999999978124, -0.6183389697533842 
15.1199999999781, -0.6181887607577415 
15.129999999978077, -0.6179674803524807 
15.139999999978054, -0.6176678416713566 
15.14999999997803, -0.6172955318055322 
15.159999999978007, -0.6168670171472769 
15.169999999977984, -0.6164091160899974 
15.17999999997796, -0.6159627186670267 
15.189999999977937, -0.6155919206129546 
15.199999999977914, -0.6153995810402062 
15.20999999997789, -0.6155503669341426 
15.219999999977867, -0.6163017542093435 
15.229999999977844, -0.618040791000787 
15.23999999997782, -0.62131695467214 
15.249999999977797, -0.6268441059557329 
15.259999999977774, -0.6354125134150639 
15.26999999997775, -0.6476188188434329 
15.279999999977727, -0.6633672045251227 
15.289999999977704, -0.6813655320605039 
15.29999999997768, -0.6992291662907425 
15.309999999977657, -0.7145417748558601 
15.319999999977634, -0.7260526735416134 
15.32999999997761, -0.7338816875901711 
15.339999999977588, -0.7388666740900752 
15.349999999977564, -0.7419122408384926 
15.359999999977541, -0.7437099436854002 
15.369999999977518, -0.7447134162654037 
15.379999999977494, -0.7451960946302698 
15.389999999977471, -0.7453097367471215 
15.399999999977448, -0.7451229015089459 
15.409999999977424, -0.7446393394636798 
15.419999999977401, -0.7437992858333653 
15.429999999977378, -0.74246514138176 
15.439999999977355, -0.7403931485638441 
15.449999999977331, -0.737200729241028 
15.459999999977308, -0.7323644578382913 
15.469999999977285, -0.7253248939932819 
15.479999999977261, -0.7157732862231814 
15.489999999977238, -0.7040307191010544 
15.499999999977215, -0.6911689952412644 
15.509999999977191, -0.678620596621081 
15.519999999977168, -0.6675680945922104 
15.529999999977145, -0.6586106590984102 
15.539999999977121, -0.6518150354010762 
15.549999999977098, -0.6469329041184453 
15.559999999977075, -0.6435945390697989 
15.569999999977052, -0.6414241810242157 
15.579999999977028, -0.6400930661750035 
15.589999999977005, -0.6393366697408209 
15.599999999976982, -0.6389542025561723 
15.609999999976958, -0.6388000945749996 
15.619999999976935, -0.6387725875003725 
15.629999999976912, -0.6388023660386348 
15.639999999976888, -0.6388430159599372 
15.649999999976865, -0.638864347015733 
15.659999999976842, -0.6388489306452181 
15.669999999976818, -0.6387912527942152 
15.679999999976795, -0.6386975691702461 
15.689999999976772, -0.6385836154178128 
15.699999999976749, -0.6384682389570482 
15.709999999976725, -0.6383641628878518 
15.719999999976702, -0.6382702648678389 
15.729999999976679, -0.638170010851012 
15.739999999976655, -0.6380374027283564 
15.749999999976632, -0.6378471803731457 
15.759999999976609, -0.6375836165377977 
15.769999999976585, -0.6372442050012143 
15.779999999976562, -0.6368389375597785 
15.789999999976539, -0.6363886804851431 
15.799999999976515, -0.635925998716078 
15.809999999976492, -0.6355003007819066 
15.819999999976469, -0.6351880866260696 
15.829999999976446, -0.6351086062894244 
15.839999999976422, -0.6354447402271293 
15.849999999976399, -0.6364675885941585 
15.859999999976376, -0.6385601082476712 
15.869999999976352, -0.6422283654458999 
15.879999999976329, -0.6480756599854813 
15.889999999976306, -0.6566941422440749 
15.899999999976282, -0.6684169329654712 
15.90999999997626, -0.6829327417849393 
15.919999999976236, -0.6989752189890742 
15.929999999976213, -0.7145246344183342 
15.93999999997619, -0.7276750568647039 
15.949999999976166, -0.7375046559450043 
15.959999999976143, -0.7441753345285447 
15.96999999997612, -0.7484085098029132 
15.979999999976096, -0.7509718292527454 
15.989999999976073, -0.7524535048045352 
15.99999999997605, -0.7532397038939878 
16.009999999976028, -0.7535609303065591 
16.019999999976005, -0.7535400297395044 
16.02999999997598, -0.7532230185612114 
16.039999999975958, -0.7525914187415071 
16.049999999975935, -0.751557309182121 
16.05999999997591, -0.749940609439242 
16.069999999975888, -0.7474281446048805 
16.079999999975865, -0.7435238393064122 
16.08999999997584, -0.7375336870375062 
16.099999999975818, -0.728693719014921 
16.109999999975795, -0.7165683165542551 
16.11999999997577, -0.7016171453689276 
16.129999999975748, -0.6853922544066806 
16.139999999975725, -0.6699303161429693 
16.1499999999757, -0.6568049399440179 
16.15999999997568, -0.6466642203680958 
16.169999999975655, -0.639390408551409 
16.17999999997563, -0.6344806905569743 
16.18999999997561, -0.6313433820306343 
16.199999999975585, -0.6294484786317425 
16.20999999997556, -0.6283779680975878 
16.21999999997554, -0.6278263554316397 
16.229999999975515, -0.6275819171141603 
16.239999999975492, -0.6275035245449152 
16.24999999997547, -0.6274994370108373 
16.259999999975445, -0.6275104654923851 
16.269999999975422, -0.6274981388146713 
16.2799999999754, -0.627437786934196 
16.289999999975375, -0.6273160189170508 
16.299999999975352, -0.6271312540185785 
16.30999999997533, -0.626894615773914 
16.319999999975305, -0.626627717438155 
16.329999999975282, -0.6263554656118359 
16.33999999997526, -0.6260959378389356 
16.349999999975235, -0.625852513217009 
16.359999999975212, -0.6256127720898254 
16.36999999997519, -0.6253547149508675 
16.379999999975166, -0.6250565762216207 
16.389999999975142, -0.6247049945844126 
16.39999999997512, -0.6242986008763397 
16.409999999975096, -0.6238479675324997 
16.419999999975072, -0.6233750567099311 
16.42999999997505, -0.6229150070196062 
16.439999999975026, -0.6225218133447328 
16.449999999975002, -0.6222785048675512 
16.45999999997498, -0.6223119469262757 
16.469999999974956, -0.6228118642007539 
16.479999999974932, -0.6240524358123526 
16.48999999997491, -0.6264118626017431 
16.499999999974886, -0.6303787193298694 
16.509999999974863, -0.6365206574265969 
16.51999999997484, -0.6453709085057764 
16.529999999974816, -0.6571796074548208 
16.539999999974793, -0.6715440671480517 
16.54999999997477, -0.687145916881849 
16.559999999974746, -0.7020156360384278 
16.569999999974723, -0.7144023678494706 
16.5799999999747, -0.7235511046551317 
16.589999999974676, -0.729709588811226 
16.599999999974653, -0.733598561359559 
16.60999999997463, -0.735944836737541 
16.619999999974606, -0.7372928699162752 
16.629999999974583, -0.7379957487031255 
16.63999999997456, -0.7382619596669004 
16.649999999974536, -0.7381999702589555 
16.659999999974513, -0.7378455978175215 
16.66999999997449, -0.7371716006084206 
16.679999999974466, -0.7360805862885972 
16.689999999974443, -0.7343809271613349 
16.69999999997442, -0.7317469271695095 
16.709999999974396, -0.7276778936008226 
16.719999999974373, -0.7215094255590394 
16.72999999997435, -0.7125868046163327 
16.739999999974327, -0.7006832254888409 
16.749999999974303, -0.6864671195328415 
16.75999999997428, -0.6714976691576819 
16.769999999974257, -0.6575499332375603 
16.779999999974233, -0.6458491755911268 
16.78999999997421, -0.6368181079742314 
16.799999999974187, -0.6302864030315899 
16.809999999974163, -0.6258080404511531 
16.81999999997414, -0.6228839803608109 
16.829999999974117, -0.6210700670159897 
16.839999999974093, -0.6200121071776848 
16.84999999997407, -0.6194458342408968 
16.859999999974047, -0.6191831758810741 
16.869999999974024, -0.6190950168648243 
16.879999999974, -0.6190949747692326 
16.889999999973977, -0.6191261209909508 
16.899999999973954, -0.6191514075361317 
16.90999999997393, -0.6191479638691063 
16.919999999973907, -0.6191048658016048 
16.929999999973884, -0.6190230331007708 
16.93999999997386, -0.6189147087627659 
16.949999999973837, -0.6187996561872521 
16.959999999973814, -0.6186971276715935 
16.96999999997379, -0.6186162248504148 
16.979999999973767, -0.6185496506026467 
16.989999999973744, -0.618474784965092 
16.99999999997372, -0.6183619462371626 
17.009999999973697, -0.6181853054993651 
17.019999999973674, -0.6179306799852519 
17.02999999997365, -0.6175975781431743 
17.039999999973627, -0.6171973729564408 
17.049999999973604, -0.6167515129828701 
17.05999999997358, -0.6162929190615366 
17.069999999973557, -0.6158722905116389 
17.079999999973534, -0.6155703890605997 
17.08999999997351, -0.6155173973217454 
17.099999999973488, -0.6159203432092051 
17.109999999973464, -0.6170981896105278 
17.11999999997344, -0.6195195219235642 
17.129999999973418, -0.6238258868211204 
17.139999999973394, -0.6307987687657328 
17.14999999997337, -0.6411903013470279 
17.159999999973348, -0.6553277617302096 
17.169999999973324, -0.6725481182468471 
17.1799999999733, -0.6909106756612076 
17.189999999973278, -0.7078168673464234 
17.199999999973254, -0.7213256099428238 
17.20999999997323, -0.7309305039974269 
17.219999999973208, -0.737221851816902 
17.229999999973185, -0.7411363651626184 
17.23999999997316, -0.7434885998838863 
17.249999999973138, -0.7448465587107664 
17.259999999973115, -0.7455655406091821 
17.26999999997309, -0.7458519197258295 
17.279999999973068, -0.7458123816079166 
17.289999999973045, -0.7454819656296672 
17.29999999997302, -0.7448336098626043 
17.309999999972998, -0.7437715793263 
17.319999999972975, -0.7421098364873966 
17.32999999997295, -0.7395395357098763 
17.339999999972928, -0.7356053520813337 
17.349999999972905, -0.7297457227447185 
17.35999999997288, -0.7214843617144944 
17.36999999997286, -0.7107899641627984 
17.379999999972835, -0.6983739659658416 
17.38999999997281, -0.6855554799629845 
17.39999999997279, -0.6736985861957178 
17.409999999972765, -0.6637012239212011 
17.41999999997274, -0.6558720243579396 
17.42999999997272, -0.6500942147026093 
17.439999999972695, -0.6460430352572175 
17.449999999972672, -0.6433391084991917 
17.45999999997265, -0.6416285885397077 
17.469999999972625, -0.6406154457671664 
17.479999999972602, -0.6400684425396276 
17.48999999997258, -0.6398160314000083 
17.499999999972555, -0.6397361177840521 
17.509999999972532, -0.6397445049893397 
17.51999999997251, -0.6397843228000857 
17.529999999972485, -0.6398178510079863 
17.539999999972462, -0.6398214636129961 
17.54999999997244, -0.6397836321193647 
17.559999999972415, -0.6397047609329045 
17.569999999972392, -0.63959633642735 
17.57999999997237, -0.6394766862548299 
17.589999999972346, -0.6393627924548871 
17.599999999972322, -0.6392611701226384 
17.6099999999723, -0.6391628026977433 
17.619999999972276, -0.6390454737218128 
17.629999999972252, -0.6388824742514241 
17.63999999997223, -0.6386527398684079 
17.649999999972206, -0.6383472435882871 
17.659999999972182, -0.63797013811901 
17.66999999997216, -0.6375371366716538 
17.679999999972136, -0.6370748462319622 
17.689999999972112, -0.636623662987876 
17.69999999997209, -0.6362454348102072 
17.709999999972066, -0.6360363497764779 
17.719999999972043, -0.6361450961937352 
17.72999999997202, -0.6367955054909973 
17.739999999971996, -0.6383108103347834 
17.749999999971973, -0.6411320697034825 
17.75999999997195, -0.6458139029335495 
17.769999999971926, -0.6529638238321278 
17.779999999971903, -0.6630720024561784 
17.78999999997188, -0.6761911886067291 
17.799999999971856, -0.6915533762161042 
17.809999999971833, -0.707465118395425 
17.81999999997181, -0.7218622338431304 
17.829999999971786, -0.7332820266818132 
17.839999999971763, -0.7413886283746997 
17.84999999997174, -0.7466929234631599 
17.859999999971716, -0.7499762171280909 
17.869999999971693, -0.7519209956596178 
17.87999999997167, -0.7530060777940838 
17.889999999971646, -0.7535304363550617 
17.899999999971623, -0.7536640756576138 
17.9099999999716, -0.7534876569918303 
17.919999999971576, -0.7530135709244471 
17.929999999971553, -0.7521893002455161 
17.93999999997153, -0.7508834569289782 
17.949999999971507, -0.7488533259263352 
17.959999999971483, -0.7456962453897762 
17.96999999997146, -0.7408071727673481 
17.979999999971437, -0.733416768206691 
17.989999999971413, -0.7228466985704513 
17.99999999997139, -0.7090410769882329 
18.009999999971367, -0.6930438942820418 
18.019999999971343, -0.676798868153803 
18.02999999997132, -0.6622424273447514 
18.039999999971297, -0.6505093527872258 
18.049999999971273, -0.6418150775983994 
18.05999999997125, -0.6357898462809506 
18.069999999971227, -0.6318459983409039 
18.079999999971204, -0.6294022138042586 
18.08999999997118, -0.6279769285065607 
18.099999999971157, -0.6272076298679302 
18.109999999971134, -0.6268379335968118 
18.11999999997111, -0.6266945269991858 
18.129999999971087, -0.6266639272437182 
18.139999999971064, -0.6266730065521655 
18.14999999997104, -0.6266745203530415 
18.159999999971017, -0.6266377549099449 
18.169999999970994, -0.6265439505750705 
18.17999999997097, -0.6263856149216891 
18.189999999970947, -0.6261677133776743 
18.199999999970924, -0.6259074375014084 
18.2099999999709, -0.6256294941757115 
18.219999999970877, -0.6253568800326823 
18.229999999970854, -0.625101145226182 
18.23999999997083, -0.6248575424433671 
18.249999999970807, -0.6246078304379765 
18.259999999970784, -0.6243289479278837 
18.26999999997076, -0.6240025917524628 
18.279999999970737, -0.6236212158943982 
18.289999999970714, -0.623189494831646 
18.29999999997069, -0.6227236251119692 
18.309999999970668, -0.6222516840596224 
18.319999999970644, -0.6218172508404496 
18.32999999997062, -0.621487297388738 
18.339999999970598, -0.6213646914242791 
18.349999999970574, -0.6216052358582468 
18.35999999997055, -0.6224383818852982 
18.369999999970528, -0.6241888223270846 
18.379999999970504, -0.6272917064982417 
18.38999999997048, -0.6322846025169541 
18.399999999970458, -0.6397418972308963 
18.409999999970434, -0.6500981981308812 
18.41999999997041, -0.6633255221652341 
18.429999999970388, -0.6785684538849699 
18.439999999970365, -0.6940961222240803 
18.44999999997034, -0.707915323068273 
18.459999999970318, -0.7187173258801727 
18.469999999970295, -0.7263006255814165 
18.47999999997027, -0.731227209209502 
18.489999999970248, -0.7342639093486109 
18.499999999970225, -0.7360560250135058 
18.5099999999702, -0.7370480094267726 
18.519999999970178, -0.7375142165880684 
18.529999999970155, -0.7376084820785851 
18.53999999997013, -0.7374006565362625 
18.549999999970108, -0.7368949118337572 
18.559999999970085, -0.7360309632869853 
18.56999999997006, -0.734668641054613 
18.57999999997004, -0.7325555736331144 
18.589999999970015, -0.7292838273266259 
18.59999999996999, -0.724265899342034 
18.60999999996997, -0.7168123718134338 
18.619999999969945, -0.7064277549408906 
18.62999999996992, -0.6932991557701508 
18.6399999999699, -0.6785845299817587 
18.649999999969875, -0.6640423234263089 
18.659999999969852, -0.6512206832383549 
18.66999999996983, -0.6409245813177769 
18.679999999969805, -0.6332378378655205 
18.689999999969782, -0.6278219749033225 
18.69999999996976, -0.6241920998872038 
18.709999999969735, -0.6218753703716018 
18.719999999969712, -0.6204758314636072 
18.72999999996969, -0.6196883709007354 
18.739999999969665, -0.6192904678634713 
18.749999999969642, -0.619126375480943 
18.75999999996962, -0.6190904252882321 
18.769999999969595, -0.6191123950559083 
18.779999999969572, -0.6191461905796786 
18.78999999996955, -0.6191622950616125 
18.799999999969526, -0.6191439183645493 
18.809999999969502, -0.6190860505030475 
18.81999999996948, -0.6189954730165387 
18.829999999969456, -0.6188888332673034 
18.839999999969432, -0.618786597514047 
18.84999999996941, -0.6187036802547947 
18.859999999969386, -0.6186408983117504 
18.869999999969362, -0.6185821716450957 
18.87999999996934, -0.6184996034279954 
18.889999999969316, -0.618363894362252 
18.899999999969292, -0.6181543294866303 
18.90999999996927, -0.617863674807028 
18.919999999969246, -0.6174977586948135 
18.929999999969223, -0.6170731008731363 
18.9399999999692, -0.6166163729672925 
18.949999999969176, -0.6161680859215857 
18.959999999969153, -0.6157917886083639 
18.96999999996913, -0.6155898424121979 
18.979999999969106, -0.6157269432594485 
18.989999999969083, -0.6164620041024288 
18.99999999996906, -0.6181863016834969 
19.009999999969036, -0.6214580546931541 
19.019999999969013, -0.6270055381566562 
19.02999999996899, -0.6356373736637361 
19.039999999968966, -0.6479641973997907 
19.049999999968943, -0.6638842546453142 
19.05999999996892, -0.6820688820591995 
19.069999999968896, -0.7000829464462536 
19.079999999968873, -0.7154835232863734 
19.08999999996885, -0.7270307954306253 
19.099999999968826, -0.7348699521746254 
19.109999999968803, -0.7398566932153632 
19.11999999996878, -0.742902887573752 
19.129999999968756, -0.7447017872996334 
19.139999999968733, -0.7457069918518482 
19.14999999996871, -0.7461916713349893 
19.159999999968687, -0.7463074389787553 
19.169999999968663, -0.7461228441029661 
19.17999999996864, -0.7456417340942848 
19.189999999968617, -0.744804561924185 
19.199999999968593, -0.743474176464283 
19.20999999996857, -0.7414078043511053 
19.219999999968547, -0.7382250691019709 
19.229999999968523, -0.733407112530828 
19.2399999999685, -0.7264023241609182 
19.249999999968477, -0.7169112049327514 
19.259999999968453, -0.7052586586827819 
19.26999999996843, -0.6925075661441202 
19.279999999968407, -0.6800710755216209 
19.289999999968384, -0.6691136172805858 
19.29999999996836, -0.6602260068490495 
19.309999999968337, -0.6534760780664357 
19.319999999968314, -0.648621268684486 
19.32999999996829, -0.6452982052459502 
19.339999999968267, -0.6431361432428482 
19.349999999968244, -0.6418096016021797 
19.35999999996822, -0.6410559123666151 
19.369999999968197, -0.640675194831505 
19.379999999968174, -0.640522248240067 
19.38999999996815, -0.640495416871663 
19.399999999968127, -0.640525370795689 
19.409999999968104, -0.6405656318298417 
19.41999999996808, -0.6405859232595409 
19.429999999968057, -0.6405687216768404 
19.439999999968034, -0.6405084246935302 
19.44999999996801, -0.640411221241967 
19.459999999967987, -0.6402928097973237 
19.469999999967964, -0.6401720322841618 
19.47999999996794, -0.6400616504771217 
19.489999999967917, -0.6399606620785981 
19.499999999967894, -0.6398527796037731 
19.50999999996787, -0.6397123840787738 
19.519999999967848, -0.6395146649040252 
19.529999999967824, -0.6392443198299469 
19.5399999999678, -0.6388991911309573 
19.549999999967778, -0.6384895762435174 
19.559999999967754, -0.6380367042440969 
19.56999999996773, -0.6375736773482137 
19.579999999967708, -0.6371507008425291 
19.589999999967684, -0.6368453255444425 
19.59999999996766, -0.6367779170270321 
19.609999999967638, -0.6371320166644188 
19.619999999967614, -0.6381779041818958 
19.62999999996759, -0.6402945769548174 
19.639999999967568, -0.6439788445805921 
19.649999999967545, -0.6498175745108513 
19.65999999996752, -0.6583797609195692 
19.669999999967498, -0.6699749925577062 
19.679999999967475, -0.6842827957195888 
19.68999999996745, -0.7000584253003861 
19.699999999967428, -0.7153330240651984 
19.709999999967405, -0.7282518535335468 
19.71999999996738, -0.7379154090258988 
19.729999999967358, -0.7444788801263148 
19.739999999967335, -0.7486459115539372 
19.74999999996731, -0.7511683435372601 
19.759999999967288, -0.7526238527330111 
19.769999999967265, -0.7533922658796272 
19.77999999996724, -0.7537002890902608 
19.78999999996722, -0.7536683299712535 
19.799999999967195, -0.7533405789333987 
19.80999999996717, -0.7526968198114783 
19.81999999996715, -0.7516469886497241 
19.829999999967125, -0.750007810976829 
19.8399999999671, -0.7474608451866146 
19.84999999996708, -0.743501095923405 
19.859999999967055, -0.7374202565481737 
19.869999999967032, -0.7284354011191337 
19.87999999996701, -0.7160962411857381 
19.889999999966985, -0.7008708999210833 
19.899999999966962, -0.6843543304409876 
19.90999999996694, -0.6686412477623571 
19.919999999966915, -0.6553429591690316 
19.929999999966892, -0.6451104923187054 
19.93999999996687, -0.6378061967164285 
19.949999999966845, -0.632902098731315 
19.959999999966822, -0.6297862459633734 
19.9699999999668, -0.6279158563437088 
19.979999999966775, -0.6268664642070629 
19.989999999966752, -0.6263302816431857 
19.99999999996673, -0.6260955368048851 
20.009999999966706, -0.6260219827437987 
20.019999999966682, -0.6260189408685699 
20.02999999996666, -0.62602812146358 
20.039999999966636, -0.6260116948447381 
20.049999999966612, -0.6259454147974608 
20.05999999996659, -0.625816201299651 
20.069999999966566, -0.6256227886014365 
20.079999999966542, -0.6253766951466522 
20.08999999996652, -0.625100003102078 
20.099999999966496, -0.6248180859072593 
20.109999999966472, -0.6245494061520892 
20.11999999996645, -0.6242976208375843 
20.129999999966426, -0.6240505040490477 
20.139999999966403, -0.6237861901993873 
20.14999999996638, -0.6234829875563932 
20.159999999966356, -0.6231275405299355 
20.169999999966333, -0.6227184290620391 
20.17999999996631, -0.6222661524372163 
20.189999999966286, -0.6217926164275174 
20.199999999966263, -0.6213329467062699 
20.20999999996624, -0.6209411798542973 
20.219999999966216, -0.6207004474124862 
20.229999999966193, -0.6207378011183098 
20.23999999996617, -0.6212433135121374 
20.249999999966146, -0.6224918526825812 
20.259999999966123, -0.6248629660416503 
20.2699999999661, -0.6288476324452636 
20.279999999966076, -0.6350171548693668 
20.289999999966053, -0.6439089246665555 
20.29999999996603, -0.6557750896248863 
20.309999999966006, -0.6702084696928358 
20.319999999965983, -0.685877689567559 
20.32999999996596, -0.700797966308482 
20.339999999965936, -0.7132120588790285 
20.349999999965913, -0.7223702330226188 
20.35999999996589, -0.7285294857672373 
20.369999999965867, -0.7324169509038077 
20.379999999965843, -0.7347620504037977 
20.38999999996582, -0.7361097645306298 
20.399999999965797, -0.7368130192048887 
20.409999999965773, -0.7370800561675818 
20.41999999996575, -0.7370191816836603 
20.429999999965727, -0.7366661542099324 
20.439999999965703, -0.7359937782057686 
20.44999999996568, -0.7349048683322991 
20.459999999965657, -0.7332083731143194 
20.469999999965633, -0.7305801354864782 
20.47999999996561, -0.7265233857292763 
20.489999999965587, -0.7203825980048463 
20.499999999965564, -0.711519070283971 
20.50999999996554, -0.6997251732209333 
20.519999999965517, -0.6856764367560977 
20.529999999965494, -0.6709120418163435 
20.53999999996547, -0.6571671831468611 
20.549999999965447, -0.6456323713687615 
20.559999999965424, -0.6367162925216023 
20.5699999999654, -0.6302526700715646 
20.579999999965377, -0.6258077541859797 
20.589999999965354, -0.6228954346890971 
20.59999999996533, -0.6210817533594011 
20.609999999965307, -0.6200193232288153 
20.619999999965284, -0.6194478376117604 
20.62999999996526, -0.6191812021577656 
20.639999999965237, -0.619091087016651 
20.649999999965214, -0.6190912876439773 
20.65999999996519, -0.6191248221321741 
20.669999999965167, -0.6191545672456341 
20.679999999965144, -0.6191576424313117 
20.68999999996512, -0.6191231744576025 
20.699999999965097, -0.6190521204930194 
20.709999999965074, -0.6189566341909385 
20.71999999996505, -0.6188561644083317 
20.729999999965028, -0.6187693921351676 
20.739999999965004, -0.618704640797712 
20.74999999996498, -0.6186537400017403 
20.759999999964958, -0.6185932523612567 
20.769999999964934, -0.618492890480413 
20.77999999996491, -0.6183265247169325 
20.789999999964888, -0.6180799489380102 
20.799999999964864, -0.61775279467364 
20.80999999996484, -0.617356548296012 
20.819999999964818, -0.6169126467537779 
20.829999999964794, -0.6164538226647618 
20.83999999996477, -0.6160304281929229 
20.849999999964748, -0.6157228313267532 
20.859999999964725, -0.615661046877803 
20.8699999999647, -0.6160526979160239 
20.879999999964678, -0.6172190140982232 
20.889999999964655, -0.6196337957534711 
20.89999999996463, -0.6239480071502213 
20.909999999964608, -0.6309566980561192 
20.919999999964585, -0.6414257388521888 
20.92999999996456, -0.6556859562144595 
20.939999999964538, -0.6730551173404081 
20.949999999964515, -0.6915525608632886 
20.95999999996449, -0.7085460997881102 
20.969999999964468, -0.7220922722899664 
20.979999999964445, -0.7317049189998224 
20.98999999996442, -0.7379938044195954 
20.9999999999644, -0.7419050249659889 
21.009999999964375, -0.744255544001025 
21.01999999996435, -0.7456132157263649 
21.02999999996433, -0.7463327630922633 
21.039999999964305, -0.7466201432906742 
21.04999999996428, -0.7465818256147888 
21.05999999996426, -0.7462527693655142 
21.069999999964235, -0.7456059254528707 
21.079999999964212, -0.744545681174792 
21.08999999996419, -0.7428863620601021 
21.099999999964165, -0.7403201011178551 
21.109999999964142, -0.7363939742951667 
21.11999999996412, -0.7305514027516357 
21.129999999964095, -0.7223239213162278 
21.139999999964072, -0.7116875192321234 
21.14999999996405, -0.699353243007496 
21.159999999964025, -0.6866284184010094 
21.169999999964002, -0.6748601483924836 
21.17999999996398, -0.6649341425354359 
21.189999999963955, -0.6571554985921838 
21.199999999963932, -0.6514101678191687 
21.20999999996391, -0.6473784145012261 
21.219999999963886, -0.6446856057020258 
21.229999999963862, -0.6429813852364792 
21.23999999996384, -0.6419719187122032 
21.249999999963816, -0.6414271862028982 
21.259999999963792, -0.6411762390478675 
21.26999999996377, -0.6410972384039473 
21.279999999963746, -0.6411060720738215 
21.289999999963722, -0.641145873778627 
21.2999999999637, -0.6411788890641685 
21.309999999963676, -0.6411814407246507 
21.319999999963652, -0.641141947581347 
21.32999999996363, -0.6410607724004576 
21.339999999963606, -0.6409493750944741 
21.349999999963583, -0.6408260663373394 
21.35999999996356, -0.640707818865066 
21.369999999963536, -0.6406011691069715 
21.379999999963513, -0.6404972013692033 
21.38999999996349, -0.6403739202369245 
21.399999999963466, -0.6402049454248462 
21.409999999963443, -0.6399695786400155 
21.41999999996342, -0.6396591220199677 
21.429999999963396, -0.6392780028609051 
21.439999999963373, -0.6388422077826611 
21.44999999996335, -0.6383787092308035 
21.459999999963326, -0.6379284514375531 
21.469999999963303, -0.6375540583830995 
21.47999999996328, -0.6373526645822349 
21.489999999963256, -0.6374738199402445 
21.499999999963233, -0.638141548346314 
21.50999999996321, -0.6396775605873454 
21.519999999963186, -0.6425181439588659 
21.529999999963163, -0.6472081580990706 
21.53999999996314, -0.654339426782356 
21.549999999963116, -0.6643825378918132 
21.559999999963093, -0.6773746952431632 
21.56999999996307, -0.6925498966615146 
21.579999999963047, -0.7082430598307549 
21.589999999963023, -0.7224334811337517 
21.599999999963, -0.7336906593609095 
21.609999999962977, -0.7416856369644332 
21.619999999962953, -0.7469190881340337 
21.62999999996293, -0.7501585473761444 
21.639999999962907, -0.7520758125097018 
21.649999999962883, -0.7531428548112667 
21.65999999996286, -0.7536545086332085 
21.669999999962837, -0.7537782162583243 
21.679999999962813, -0.7535928804467766 
21.68999999996279, -0.7531094219979975 
21.699999999962767, -0.7522737294997868 
21.709999999962744, -0.7509522385603957 
21.71999999996272, -0.7488988160527319 
21.729999999962697, -0.745705116089125 
21.739999999962674, -0.7407568053437764 
21.74999999996265, -0.7332710762122921 
21.759999999962627, -0.7225555960031871 
21.769999999962604, -0.7085517413748728 
21.77999999996258, -0.6923259662508254 
21.789999999962557, -0.6758659791745516 
21.799999999962534, -0.6611477600389786 
21.80999999996251, -0.6493198110778867 
21.819999999962487, -0.6405873194135301 
21.829999999962464, -0.6345605128504421 
21.83999999996244, -0.6306331740170456 
21.849999999962417, -0.6282112196446893 
21.859999999962394, -0.6268060662867596 
21.86999999996237, -0.6260522968723921 
21.879999999962347, -0.6256930180209653 
21.889999999962324, -0.6255555194193165 
21.8999999999623, -0.6255272462666535 
21.909999999962277, -0.6255359289231529 
21.919999999962254, -0.6255349682034613 
21.92999999996223, -0.6254940833369915 
21.939999999962208, -0.6253948083567789 
21.949999999962184, -0.6252299049112889 
21.95999999996216, -0.6250046359198473 
21.969999999962138, -0.6247365580989535 
21.979999999962114, -0.624450764602545 
21.98999999996209, -0.6241705841822693 
21.999999999962068, -0.6239078045254215 
22.009999999962044, -0.6236578368762395 
22.01999999996202, -0.6234025564690454 
22.029999999961998, -0.6231189921791193 
22.039999999961974, -0.6227888942147255 
22.04999999996195, -0.6224047235139271 
22.059999999961928, -0.6219711280143392 
22.069999999961905, -0.621504275703534 
22.07999999996188, -0.6210322460756366 
22.089999999961858, -0.6205986737213394 
22.099999999961835, -0.6202706520775899 
22.10999999996181, -0.6201512502790163 
22.119999999961788, -0.6203965876110252 
22.129999999961765, -0.6212366325884524 
22.13999999996174, -0.6229969630578082 
22.149999999961718, -0.6261142214090386 
22.159999999961695, -0.6311282585214466 
22.16999999996167, -0.6386162599804296 
22.179999999961648, -0.649014719910122 
22.189999999961625, -0.6622936744555601 
22.1999999999616, -0.6775892086789311 
22.20999999996158, -0.693157849111134 
22.219999999961555, -0.7069984042534833 
22.22999999996153, -0.7178045994861859 
22.23999999996151, -0.7253834168514871 
22.249999999961485, -0.7303038585332514 
22.25999999996146, -0.7333358160814818 
22.26999999996144, -0.7351250643395317 
22.279999999961415, -0.7361156204677128 
22.289999999961392, -0.7365813105137287 
22.29999999996137, -0.7366755802876244 
22.309999999961345, -0.7364680340266764 
22.319999999961322, -0.7359626992450121 
22.3299999999613, -0.7350992284871876 
22.339999999961275, -0.733737522660797 
22.349999999961252, -0.7316256580428023 
22.35999999996123, -0.7283572455072168 
22.369999999961205, -0.7233490643371147 
22.379999999961182, -0.7159211803003412 
22.38999999996116, -0.7055933212592645 
22.399999999961135, -0.6925662631639009 
22.409999999961112, -0.6779954586494408 
22.41999999996109, -0.6636149960758335 
22.429999999961066, -0.6509411615257706 
22.439999999961042, -0.640758233813227 
22.44999999996102, -0.6331458240171857 
22.459999999960996, -0.6277719499070588 
22.469999999960972, -0.6241616558722166 
22.47999999996095, -0.621851161105513 
22.489999999960926, -0.620451168922437 
22.499999999960902, -0.619660804425231 
22.50999999996088, -0.6192599137243794 
22.519999999960856, -0.6190938829433699 
22.529999999960832, -0.619057470717275 
22.53999999996081, -0.6190805467293274 
22.549999999960786, -0.6191170019053371 
22.559999999960763, -0.6191373171045285 
22.56999999996074, -0.6191247501750305 
22.579999999960716, -0.6190743619032739 
22.589999999960693, -0.6189929501533793 
22.59999999996067, -0.6188970297100946 
22.609999999960646, -0.6188067221975475 
22.619999999960623, -0.6187363891119719 
22.6299999999606, -0.6186861570999944 
22.639999999960576, -0.6186392378285777 
22.649999999960553, -0.6185671480725492 
22.65999999996053, -0.6184402355734012 
22.669999999960506, -0.6182376886135915 
22.679999999960483, -0.6179523530736378 
22.68999999996046, -0.6175901848848222 
22.699999999960436, -0.6171677677229418 
22.709999999960413, -0.6167117125756703 
22.71999999996039, -0.616262338670301 
22.729999999960366, -0.6158829280490539 
22.739999999960343, -0.6156756539750341 
22.74999999996032, -0.6158054242395176 
22.759999999960296, -0.6165323423984648 
22.769999999960273, -0.618250744700337 
22.77999999996025, -0.6215248447147579 
22.789999999960227, -0.627092437507998 
22.799999999960203, -0.6357736677113982 
22.80999999996018, -0.6481866358267633 
22.819999999960157, -0.6642224224502178 
22.829999999960133, -0.682524808624092 
22.83999999996011, -0.7006247909404482 
22.849999999960087, -0.7160657795480562 
22.859999999960063, -0.7276204337945885 
22.86999999996004, -0.7354536427941609 
22.879999999960017, -0.7404330763665168 
22.889999999959993, -0.7434743613690243 
22.89999999995997, -0.7452707609722664 
22.909999999959947, -0.746275039136895 
22.919999999959924, -0.7467596645331738 
22.9299999999599, -0.7468758203283554 
22.939999999959877, -0.7466918199973899 
22.949999999959854, -0.7462113862577263 
22.95999999995983, -0.7453749186278424 
22.969999999959807, -0.7440453153349404 
22.979999999959784, -0.7419801357122909 
22.98999999995976, -0.7388001157020854 
22.999999999959737, -0.7339892649369775 
23.009999999959714, -0.7270016522410312 
23.01999999995969, -0.7175454977835397 
23.029999999959667, -0.705950566631707 
23.039999999959644, -0.6932754083527896 
23.04999999995962, -0.6809199306257321 
23.059999999959597, -0.6700345388261565 
23.069999999959574, -0.6612023614168469 
23.07999999995955, -0.6544905821184018 
23.089999999959527, -0.6496599451756115 
23.099999999959504, -0.6463513401658993 
23.10999999995948, -0.6441976553641349 
23.119999999959457, -0.6428759567878799 
23.129999999959434, -0.642125144228291 
23.13999999995941, -0.6417462059953858 
23.149999999959388, -0.6415943791821082 
23.159999999959364, -0.6415682067680378 
23.16999999995934, -0.6415984343105199 
23.179999999959318, -0.6416385981203209 
23.189999999959294, -0.6416584077222177 
23.19999999995927, -0.6416403176514309 
23.209999999959248, -0.6415787082117934 
23.219999999959224, -0.6414797587031597 
23.2299999999592, -0.6413591554078126 
23.239999999959178, -0.6412357119586817 
23.249999999959154, -0.6411221516602349 
23.25999999995913, -0.6410174633574477 
23.269999999959108, -0.6409054369924494 
23.279999999959085, -0.6407606468242448 
23.28999999995906, -0.640558561499815 
23.299999999959038, -0.6402841740952088 
23.309999999959015, -0.6399355862735401 
23.31999999995899, -0.6395233257327716 
23.329999999958968, -0.6390688825443764 
23.339999999958945, -0.6386057308268404 
23.34999999995892, -0.6381846241704328 
23.359999999958898, -0.6378838507909509 
23.369999999958875, -0.6378246047390727 
23.37999999995885, -0.6381910491072895 
23.389999999958828, -0.6392532710818974 
23.399999999958805, -0.6413882615443391 
23.40999999995878, -0.6450876720665562 
23.41999999995876, -0.6509287945366495 
23.429999999958735, -0.6594665669635457 
23.43999999995871, -0.6709952781615149 
23.44999999995869, -0.6851862835557077 
23.459999999958665, -0.7008043340538281 
23.46999999995864, -0.7159092391072007 
23.47999999995862, -0.72867876074342 
23.489999999958595, -0.7382308805499025 
23.499999999958572, -0.7447199870853037 
23.50999999995855, -0.7488401198221777 
23.519999999958525, -0.7513332787519302 
23.529999999958502, -0.7527700669294053 
23.53999999995848, -0.753525847733309 
23.549999999958455, -0.7538245817004017 
23.559999999958432, -0.753784893817739 
23.56999999995841, -0.7534496369488178 
23.579999999958385, -0.7527973239393162 
23.589999999958362, -0.7517363304604734 
23.59999999995834, -0.7500810811843659 
23.609999999958315, -0.7475094231478392 
23.619999999958292, -0.7435102995460607 
23.62999999995827, -0.737366196488952 
23.639999999958246, -0.7282829757652136 
23.649999999958222, -0.7158035248428669 
23.6599999999582, -0.7004049357240005 
23.669999999958176, -0.6837115524382609 
23.679999999958152, -0.6678535069741109 
23.68999999995813, -0.6544621187819224 
23.699999999958106, -0.6441866674401481 
23.709999999958082, -0.6368750513441596 
23.71999999995806, -0.6319830838832815 
23.729999999958036, -0.6288865084389738 
23.739999999958012, -0.627035205246545 
23.74999999995799, -0.6260013062752271 
23.759999999957966, -0.625476091230653 
23.769999999957943, -0.6252481127758504 
23.77999999995792, -0.6251779068647797 
23.789999999957896, -0.625175600218241 
23.799999999957873, -0.6251835461019974 
23.80999999995785, -0.6251643603742353 
23.819999999957826, -0.6250940894569886 
23.829999999957803, -0.6249598735625109 
23.83999999995778, -0.6247606761262956 
23.849999999957756, -0.6245082982877733 
23.859999999957733, -0.6242251408142112 
23.86999999995771, -0.623936868835415 
23.879999999957686, -0.6236621574783239 
23.889999999957663, -0.6234047971026064 
23.89999999995764, -0.6231526552689017 
23.909999999957616, -0.6228839530750344 
23.919999999957593, -0.6225770787097562 
23.92999999995757, -0.6222187304788631 
23.939999999957546, -0.6218075084372938 
23.949999999957523, -0.6213539153143937 
23.9599999999575, -0.6208798754911105 
23.969999999957476, -0.6204205789660726 
23.979999999957453, -0.6200301937332339 
23.98999999995743, -0.619792063622145 
23.999999999957407, -0.619833548167622 
24.009999999957383, -0.6203451531090095 
24.01999999995736, -0.6216023681383911 
24.029999999957337, -0.6239856525353218 
24.039999999957313, -0.6279872765259711 
24.04999999995729, -0.6341800967157164 
24.059999999957267, -0.6431025881602398 
24.069999999957243, -0.6550057589600193 
24.07999999995722, -0.6694769217667987 
24.089999999957197, -0.6851752419298062 
24.099999999957173, -0.7001082369475681 
24.10999999995715, -0.7125192050800616 
24.119999999957127, -0.7216659350452903 
24.129999999957104, -0.7278129430546241 
24.13999999995708, -0.7316909646483019 
24.149999999957057, -0.7340298800708338 
24.159999999957034, -0.7353739001466815 
24.16999999995701, -0.7360750604433128 
24.179999999956987, -0.7363409281561849 
24.189999999956964, -0.7362793555746847 
24.19999999995694, -0.7359257902992209 
24.209999999956917, -0.7352527965283332 
24.219999999956894, -0.73416298225509 
24.22999999995687, -0.7324651725381559 
24.239999999956847, -0.7298354587631382 
24.249999999956824, -0.7257785605322874 
24.2599999999568, -0.7196435093207801 
24.269999999956777, -0.7108012961140517 
24.279999999956754, -0.6990576514025201 
24.28999999995673, -0.6850958654826983 
24.299999999956707, -0.6704463630527082 
24.309999999956684, -0.6568213890040812 
24.31999999995666, -0.6453892395635423 
24.329999999956637, -0.6365479119302477 
24.339999999956614, -0.6301316011070908 
24.34999999995659, -0.6257126986182285 
24.359999999956568, -0.622812289067433 
24.369999999956544, -0.6210024060327979 
24.37999999995652, -0.6199398571791733 
24.389999999956498, -0.6193669215816001 
24.399999999956474, -0.6190989162673126 
24.40999999995645, -0.6190081786496704 
24.419999999956428, -0.6190087627900172 
24.429999999956404, -0.6190437639139449 
24.43999999995638, -0.6190760903982481 
24.449999999956358, -0.6190829138571189 
24.459999999956334, -0.6190534435055915 
24.46999999995631, -0.6189887098459744 
24.479999999956288, -0.6189008568766858 
24.489999999956265, -0.6188091664376524 
24.49999999995624, -0.6187319624084198 
24.509999999956218, -0.6186770517009196 
24.519999999956195, -0.6186356746661282 
24.52999999995617, -0.618583851850297 
24.539999999956148, -0.6184909165198536 
24.549999999956125, -0.6183305795727936 
24.5599999999561, -0.6180886613349508 
24.569999999956078, -0.6177649069653575 
24.579999999956055, -0.6173709004987928 
24.58999999995603, -0.6169280946090498 
24.599999999956008, -0.6164691357341499 
24.609999999955985, -0.6160442137596316 
24.61999999995596, -0.615733545795297 
24.62999999995594, -0.6156671997907638 
24.639999999955915, -0.6160534217510104 
24.64999999995589, -0.6172152392614269 
24.65999999995587, -0.6196302525018507 
24.669999999955845, -0.6239559753343504 
24.67999999995582, -0.6309964791555086 
24.6899999999558, -0.6415259757196377 
24.699999999955775, -0.6558754055810156 
24.709999999955752, -0.6733461382761061 
24.71999999995573, -0.6919280384331884 
24.729999999955705, -0.7089674544509017 
24.739999999955682, -0.7225238292876903 
24.74999999995566, -0.7321287779444867 
24.759999999955635, -0.7384067207562535 
24.769999999955612, -0.74230969423703 
24.77999999995559, -0.7446553170971786 
24.789999999955565, -0.7460104892949636 
24.799999999955542, -0.7467289550065586 
24.80999999995552, -0.7470160129534227 
24.819999999955495, -0.746977741472379 
24.829999999955472, -0.7466488674738488 
24.83999999995545, -0.7460021907387279 
24.849999999955426, -0.7449420039510222 
24.859999999955402, -0.7432826635927314 
24.86999999995538, -0.7407167392374426 
24.879999999955356, -0.7367928437104039 
24.889999999955332, -0.7309581836879321 
24.89999999995531, -0.7227509640256121 
24.909999999955286, -0.7121543775858592 
24.919999999955262, -0.6998810714465387 
24.92999999995524, -0.6872302005836673 
24.939999999955216, -0.6755350778621445 
24.949999999955192, -0.6656703338407358 
24.95999999995517, -0.6579367906922855 
24.969999999955146, -0.6522215754866434 
24.979999999955123, -0.6482085174075392 
24.9899999999551, -0.645526729146487 
24.999999999955076, -0.6438288160130943 
