t, s[1].omega / s[0].omega 
0, -0.4198528974443351 
0.009999999999999995, -0.4045949866527546 
0.019999999999999934, -0.3904457268567273 
0.029999999999999874, -0.3793877043566688 
0.04000000000000012, -0.3716357560333468 
0.050000000000000405, -0.3665202140676157 
0.06000000000000069, -0.36324575937476267 
0.07000000000000098, -0.36118262442640553 
0.08000000000000126, -0.3598996828474645 
0.09000000000000155, -0.3591198536484571 
0.10000000000000184, -0.35867043550334593 
0.11000000000000212, -0.3584462747761906 
0.12000000000000241, -0.35838592667436386 
0.130000000000002, -0.35845738816193695 
0.1400000000000009, -0.35865032744566516 
0.1499999999999998, -0.35897263284393444 
0.1599999999999987, -0.3594496312955672 
0.1699999999999976, -0.3601242816968663 
0.1799999999999965, -0.36105603322795676 
0.1899999999999954, -0.3623149235995986 
0.1999999999999943, -0.36396617583101964 
0.2099999999999932, -0.3660407235653799 
0.2199999999999921, -0.3684937826987732 
0.229999999999991, -0.3711719237559994 
0.2399999999999899, -0.3738270993143823 
0.2499999999999888, -0.376195998034652 
0.2599999999999877, -0.3780987999976409 
0.2699999999999866, -0.37948277060080293 
0.2799999999999855, -0.38039306597472117 
0.2899999999999844, -0.3809150420499453 
0.2999999999999833, -0.38113020667847997 
0.3099999999999822, -0.3810954626900994 
0.3199999999999811, -0.3808369949903848 
0.32999999999998, -0.38034919615665486 
0.3399999999999789, -0.3795938983331866 
0.3499999999999778, -0.3785004127327119 
0.35999999999997667, -0.37697253295429256 
0.36999999999997557, -0.3749141785573512 
0.37999999999997447, -0.37228288494454975 
0.38999999999997337, -0.36915568170058655 
0.39999999999997227, -0.3657535557717503 
0.40999999999997117, -0.3623779049655113 
0.41999999999997006, -0.35929368938816186 
0.42999999999996896, -0.3566494147637461 
0.43999999999996786, -0.35447454681231266 
0.44999999999996676, -0.352722828713648 
0.45999999999996566, -0.35131804325691596 
0.46999999999996456, -0.3501836498550385 
0.47999999999996346, -0.34925691605734094 
0.48999999999996235, -0.34849356629336986 
0.49999999999996125, -0.3478681454181606 
0.5099999999999602, -0.34737353567293167 
0.519999999999959, -0.34702183321967145 
0.529999999999958, -0.3468482182559027 
0.5399999999999568, -0.3469195154136635 
0.5499999999999557, -0.3473497842339432 
0.5599999999999546, -0.348326228573561 
0.5699999999999535, -0.35014878658363996 
0.5799999999999524, -0.35328166753309376 
0.5899999999999513, -0.35839209867273436 
0.5999999999999502, -0.36628413587462133 
0.6099999999999491, -0.3775163987177762 
0.619999999999948, -0.39152385126660155 
0.6299999999999469, -0.40583548538901787 
0.6399999999999458, -0.417072203454704 
0.6499999999999447, -0.4236002289974278 
0.6599999999999436, -0.42638389713281566 
0.6699999999999425, -0.4272558336451178 
0.6799999999999414, -0.42746777536146385 
0.6899999999999403, -0.4275511542559641 
0.6999999999999392, -0.4276505195188939 
0.7099999999999381, -0.4277725812849007 
0.719999999999937, -0.42789337216253653 
0.7299999999999359, -0.4279908361839954 
0.7399999999999348, -0.42805022186237107 
0.7499999999999337, -0.4280623163172093 
0.7599999999999326, -0.4280212565571456 
0.7699999999999315, -0.42792388326540304 
0.7799999999999304, -0.42777111869612394 
0.7899999999999293, -0.42757105954999497 
0.7999999999999282, -0.4273423465694113 
0.8099999999999271, -0.42711514013854146 
0.819999999999926, -0.42692707324611057 
0.8299999999999249, -0.42681388805719844 
0.8399999999999238, -0.42679776284577536 
0.8499999999999227, -0.426878024538488 
0.8599999999999216, -0.4270283895475169 
0.8699999999999205, -0.42720291522461595 
0.8799999999999194, -0.4273492167727073 
0.8899999999999183, -0.427422960929967 
0.8999999999999172, -0.4273963896449472 
0.9099999999999161, -0.4272579862035652 
0.919999999999915, -0.4270060723127453 
0.9299999999999139, -0.4266409009654481 
0.9399999999999128, -0.4261577977336666 
0.9499999999999117, -0.42554112171263353 
0.9599999999999106, -0.4247567309569479 
0.9699999999999095, -0.4237384935349782 
0.9799999999999084, -0.4223604647161247 
0.9899999999999073, -0.42037962270628987 
0.9999999999999062, -0.4173305797846284 
1.0099999999999052, -0.4123886749533307 
1.019999999999904, -0.4043774539655745 
1.029999999999903, -0.39234577087205963 
1.039999999999902, -0.3767862091071899 
1.0499999999999008, -0.3601145685012362 
1.0599999999998997, -0.3451777140914548 
1.0699999999998986, -0.33349193969996554 
1.0799999999998975, -0.32508679477159114 
1.0899999999998964, -0.3192937047443953 
1.0999999999998953, -0.3153661239278001 
1.1099999999998942, -0.31271281084223645 
1.119999999999893, -0.31092256168217125 
1.129999999999892, -0.3097257191891637 
1.1399999999998909, -0.3089514309056994 
1.1499999999998898, -0.3084957441246322 
1.1599999999998887, -0.30830106581575817 
1.1699999999998876, -0.3083444452349593 
1.1799999999998865, -0.308632417216295 
1.1899999999998854, -0.30920102941446703 
1.1999999999998843, -0.3101203515911023 
1.2099999999998832, -0.31150282237588606 
1.219999999999882, -0.31351347595567935 
1.229999999999881, -0.3163756329536151 
1.2399999999998799, -0.32035502978964486 
1.2499999999998788, -0.32568829636133334 
1.2599999999998777, -0.3324177450563622 
1.2699999999998766, -0.34016589083985643 
1.2799999999998755, -0.3480607960616585 
1.2899999999998744, -0.355059904738926 
1.2999999999998733, -0.3604923458321822 
1.3099999999998722, -0.36428470404538615 
1.319999999999871, -0.3667479539266504 
1.32999999999987, -0.36827422224600037 
1.3399999999998689, -0.3691791885176981 
1.3499999999998678, -0.3696736454077162 
1.3599999999998666, -0.3698847447605243 
1.3699999999998655, -0.36988261665394717 
1.3799999999998644, -0.3696999865584377 
1.3899999999998633, -0.369345270667628 
1.3999999999998622, -0.3688129103427905 
1.4099999999998611, -0.3680947886781035 
1.41999999999986, -0.36719462626324006 
1.429999999999859, -0.3661425090341778 
1.4399999999998578, -0.3650010593840757 
1.4499999999998567, -0.36385523286171234 
1.4599999999998556, -0.362788453283616 
1.4699999999998545, -0.36185903380794515 
1.4799999999998534, -0.36108926288831855 
1.4899999999998523, -0.3604685285923439 
1.4999999999998512, -0.3599644886458222 
1.5099999999998501, -0.3595361139802791 
1.519999999999849, -0.35914460852465535 
1.529999999999848, -0.35875997979853336 
1.5399999999998468, -0.35836287800035777 
1.5499999999998457, -0.3579431282120783 
1.5599999999998446, -0.3574971107460157 
1.5699999999998435, -0.35702561501260976 
1.5799999999998424, -0.35653273215684766 
1.5899999999998413, -0.35602518087201307 
1.5999999999998402, -0.35550950183233543 
1.6099999999998391, -0.35497950672641726 
1.619999999999838, -0.3543734712083776 
1.629999999999837, -0.3534551560540111 
1.6399999999998358, -0.3515569404680091 
1.6499999999998347, -0.34725745504442 
1.6599999999998336, -0.3385982890065674 
1.6699999999998325, -0.32473856018354574 
1.6799999999998314, -0.3078025702084932 
1.6899999999998303, -0.29165759035263067 
1.6999999999998292, -0.278859101144747 
1.709999999999828, -0.2697858368658401 
1.719999999999827, -0.26369501092944214 
1.729999999999826, -0.25968404967375003 
1.7399999999998248, -0.2570476477142611 
1.7499999999998237, -0.25531105296600176 
1.7599999999998226, -0.2541740971034411 
1.7699999999998215, -0.253453471828058 
1.7799999999998204, -0.253042055424014 
1.7899999999998193, -0.2528840765524117 
1.7999999999998182, -0.2529617957871426 
1.809999999999817, -0.25329046282631384 
1.819999999999816, -0.2539198610961097 
1.8299999999998149, -0.25494190849403825 
1.8399999999998138, -0.25650413122910365 
1.8499999999998127, -0.2588272394934763 
1.8599999999998116, -0.262218323999164 
1.8699999999998105, -0.26705312824841654 
1.8799999999998094, -0.27366877393924866 
1.8899999999998083, -0.28209851901636446 
1.8999999999998072, -0.2917188180162339 
1.909999999999806, -0.3012086134898474 
1.919999999999805, -0.30918296584145194 
1.9299999999998039, -0.31498655626628386 
1.9399999999998028, -0.3187944947623244 
1.9499999999998017, -0.3211485901146204 
1.9599999999998006, -0.3225619036331774 
1.9699999999997995, -0.32339090926310216 
1.9799999999997984, -0.3238521953219403 
1.9899999999997973, -0.3240693445002896 
1.9999999999997962, -0.3241099397110133 
2.0099999999998173, -0.32400876326738126 
2.0199999999998384, -0.32378210516714545 
2.0299999999998595, -0.32343811496896824 
2.0399999999998806, -0.32298629247010713 
2.0499999999999017, -0.3224466344870303 
2.059999999999923, -0.32185586578180664 
2.069999999999944, -0.3212665107788105 
2.079999999999965, -0.3207370543181317 
2.089999999999986, -0.32031707094188 
2.100000000000007, -0.3200342874956862 
2.1100000000000283, -0.31988822410544937 
2.1200000000000494, -0.31985128291128506 
2.1300000000000705, -0.3198765404954649 
2.1400000000000916, -0.31991033000340685 
2.1500000000001127, -0.31990518734277484 
2.160000000000134, -0.3198276533742163 
2.170000000000155, -0.3196584045392217 
2.180000000000176, -0.3193865602117002 
2.190000000000197, -0.31900159077195667 
2.2000000000002182, -0.31848461231326963 
2.2100000000002393, -0.3177981345867841 
2.2200000000002604, -0.3168707939970191 
2.2300000000002815, -0.3155712416216397 
2.2400000000003026, -0.31366439681067665 
2.2500000000003237, -0.3107520574254312 
2.260000000000345, -0.3062425677402477 
2.270000000000366, -0.2994909915670868 
2.280000000000387, -0.2902758069044821 
2.290000000000408, -0.2793704664775872 
2.3000000000004293, -0.2684023882148594 
2.3100000000004504, -0.25886830733113575 
2.3200000000004715, -0.2514101782000774 
2.3300000000004926, -0.24592456159711423 
2.3400000000005137, -0.2419977076903931 
2.3500000000005348, -0.2392008755229516 
2.360000000000556, -0.23719652732314683 
2.370000000000577, -0.23574800851936178 
2.380000000000598, -0.2346999541150192 
2.390000000000619, -0.23395696529606225 
2.4000000000006403, -0.23346825977976576 
2.4100000000006614, -0.23321934179709114 
2.4200000000006825, -0.23323050011932495 
2.4300000000007036, -0.23356260879087404 
2.4400000000007247, -0.23433214219135454 
2.450000000000746, -0.23573911363122643 
2.460000000000767, -0.2381126665510213 
2.470000000000788, -0.24197425774163758 
2.480000000000809, -0.24809053806129158 
2.49000000000083, -0.2573959774641254 
2.5000000000008513, -0.2704868637246244 
2.5100000000008724, -0.28643468026331903 
2.5200000000008935, -0.3018905834989098 
2.5300000000009146, -0.31288542119693113 
2.5400000000009357, -0.3182629074912572 
2.550000000000957, -0.31981720376459 
2.560000000000978, -0.3197377719178206 
2.570000000000999, -0.31926470654967853 
2.58000000000102, -0.31884602634104897 
2.5900000000010412, -0.31857031738891683 
2.6000000000010624, -0.3184145255928433 
2.6100000000010835, -0.3183378401612733 
2.6200000000011046, -0.31830770759273264 
2.6300000000011257, -0.31830341684030844 
2.6400000000011468, -0.3183144141619182 
2.650000000001168, -0.3183387369346817 
2.660000000001189, -0.31838289791936375 
2.67000000000121, -0.3184631249854125 
2.680000000001231, -0.31860704610650553 
2.6900000000012523, -0.3188542088913379 
2.7000000000012734, -0.3192534645517247 
2.7100000000012945, -0.3198554580479814 
2.7200000000013156, -0.32069908560158805 
2.7300000000013367, -0.32179225664024613 
2.740000000001358, -0.3230918459256504 
2.750000000001379, -0.3244957343812753 
2.7600000000014, -0.3258620446994126 
2.770000000001421, -0.32705382608173467 
2.780000000001442, -0.32798194261073127 
2.7900000000014633, -0.3286182434558432 
2.8000000000014844, -0.32897860216884295 
2.8100000000015055, -0.3290956527504216 
2.8200000000015266, -0.32899712313788776 
2.8300000000015477, -0.32869306716530244 
2.840000000001569, -0.3281684154513699 
2.85000000000159, -0.3273769956024397 
2.860000000001611, -0.32623636225227043 
2.870000000001632, -0.3246286433300217 
2.8800000000016532, -0.32242111193769174 
2.8900000000016743, -0.3195240739860022 
2.9000000000016954, -0.3159812623874647 
2.9100000000017165, -0.31203037679995954 
2.9200000000017377, -0.3080485147764897 
2.9300000000017588, -0.30439603539495563 
2.94000000000178, -0.3012869238668788 
2.950000000001801, -0.29877009138224936 
2.960000000001822, -0.2967868301374803 
2.970000000001843, -0.29523598060216105 
2.9800000000018643, -0.2940153493497723 
2.9900000000018854, -0.2930402041550806 
3.0000000000019065, -0.29224843739835166 
3.0100000000019276, -0.2915999540464895 
3.0200000000019487, -0.29107465715040104 
3.03000000000197, -0.29067148184208824 
3.040000000001991, -0.2904100805025052 
3.050000000002012, -0.2903366387492155 
3.060000000002033, -0.29053571221921165 
3.070000000002054, -0.2911505172825935 
3.0800000000020753, -0.29241321551637883 
3.0900000000020964, -0.29467884201385575 
3.1000000000021175, -0.2984254499048976 
3.1100000000021386, -0.3040980097829781 
3.1200000000021597, -0.31155257111386164 
3.130000000002181, -0.3190671467177972 
3.140000000002202, -0.3231812181325723 
3.150000000002223, -0.3213290625961934 
3.160000000002244, -0.31478337218414454 
3.1700000000022652, -0.3070662338361297 
3.1800000000022863, -0.30060392117791246 
3.1900000000023074, -0.2960095092471188 
3.2000000000023285, -0.2929909021703078 
3.2100000000023496, -0.29107867336775434 
3.2200000000023707, -0.2898898056323106 
3.230000000002392, -0.2891645347247735 
3.240000000002413, -0.28873977591548217 
3.250000000002434, -0.28851780317217973 
3.260000000002455, -0.28844359330314306 
3.2700000000024763, -0.28849100249151227 
3.2800000000024974, -0.2886555207510023 
3.2900000000025185, -0.2889516069201172 
3.3000000000025396, -0.2894130825933612 
3.3100000000025607, -0.2900951121518496 
3.3200000000025818, -0.29107570900075397 
3.330000000002603, -0.29245319300153066 
3.340000000002624, -0.29433317935685754 
3.350000000002645, -0.29679556220126574 
3.360000000002666, -0.29983549891925504 
3.3700000000026873, -0.3032965871479408 
3.3800000000027084, -0.30685646396817173 
3.3900000000027295, -0.3101235624572821 
3.4000000000027506, -0.3128012402933539 
3.4100000000027717, -0.31478489046047037 
3.420000000002793, -0.31613142810112693 
3.430000000002814, -0.3169683539388513 
3.440000000002835, -0.3174223423529835 
3.450000000002856, -0.31758827911446497 
3.460000000002877, -0.31752413406468116 
3.4700000000028983, -0.3172553980997218 
3.4800000000029194, -0.31678135406974706 
3.4900000000029405, -0.3160822791091486 
3.5000000000029616, -0.31513047901881164 
3.5100000000029827, -0.31390873179897344 
3.520000000003004, -0.3124349513025617 
3.530000000003025, -0.3107811221586606 
3.540000000003046, -0.3090679643478725 
3.550000000003067, -0.30743021792482295 
3.5600000000030882, -0.30597348657423956 
3.5700000000031094, -0.30475010584893625 
3.5800000000031305, -0.3037612924467402 
3.5900000000031516, -0.30297395406350414 
3.6000000000031727, -0.3023392317173069 
3.6100000000031938, -0.3018068043361796 
3.620000000003215, -0.3013337317324634 
3.630000000003236, -0.30088822655012015 
3.640000000003257, -0.30044954315090644 
3.650000000003278, -0.30000573843371814 
3.6600000000032993, -0.29955092767625624 
3.6700000000033204, -0.2990828290949089 
3.6800000000033415, -0.2986001447017871 
3.6900000000033626, -0.29809730591777955 
3.7000000000033837, -0.29754956903754104 
3.710000000003405, -0.29687055523391775 
3.720000000003426, -0.2958032197702889 
3.730000000003447, -0.29369112710713463 
3.740000000003468, -0.28918622417668804 
3.750000000003489, -0.2804199804553248 
3.7600000000035103, -0.2665277659850418 
3.7700000000035314, -0.24953130466342838 
3.7800000000035525, -0.23329261745909396 
3.7900000000035736, -0.22041593039608834 
3.8000000000035947, -0.2112840514596527 
3.810000000003616, -0.20513366526848328 
3.820000000003637, -0.201049983557073 
3.830000000003658, -0.19832715782682106 
3.840000000003679, -0.19649544541934816 
3.8500000000037002, -0.19526116542151842 
3.8600000000037213, -0.1944478242295186 
3.8700000000037424, -0.1939559654961608 
3.8800000000037635, -0.19373983815203716 
3.8900000000037847, -0.19379660192278245 
3.9000000000038058, -0.19416549135894762 
3.910000000003827, -0.19493665560496062 
3.920000000003848, -0.1962716351572634 
3.930000000003869, -0.19843910146676824 
3.94000000000389, -0.2018677407199101 
3.9500000000039113, -0.20720234433315285 
3.9600000000039324, -0.21529081991966584 
3.9700000000039535, -0.22689574925430986 
3.9800000000039746, -0.241850023640069 
3.9900000000039957, -0.25802035150859676 
4.000000000004016, -0.27186436433620076 
4.010000000003993, -0.2811096910441038 
4.02000000000397, -0.286124885607494 
4.030000000003946, -0.2885134473159875 
4.040000000003923, -0.28960510729304995 
4.0500000000039, -0.2901244505284905 
4.0600000000038765, -0.290395353140021 
4.070000000003853, -0.2905499173608159 
4.08000000000383, -0.2906406934697808 
4.090000000003807, -0.2906894357528662 
4.100000000003783, -0.2907067146114253 
4.11000000000376, -0.2907001292861697 
4.120000000003737, -0.2906787373110753 
4.130000000003713, -0.2906566439793267 
4.14000000000369, -0.2906564285746507 
4.150000000003667, -0.2907116549975649 
4.1600000000036434, -0.2908668553769352 
4.17000000000362, -0.2911733864494312 
4.180000000003597, -0.29168028919630323 
4.1900000000035735, -0.2924200567818576 
4.20000000000355, -0.2933906381986693 
4.210000000003527, -0.2945395416052698 
4.220000000003504, -0.2957625663308554 
4.23000000000348, -0.2969280302498718 
4.240000000003457, -0.29791877004194933 
4.250000000003434, -0.2986651873761351 
4.26000000000341, -0.29914974693713914 
4.270000000003387, -0.2993884117921513 
4.280000000003364, -0.2994068541303229 
4.2900000000033405, -0.29922270304547316 
4.300000000003317, -0.29883489684794295 
4.310000000003294, -0.2982168574032792 
4.320000000003271, -0.2973111324512331 
4.330000000003247, -0.296027203703755 
4.340000000003224, -0.2942508703493557 
4.350000000003201, -0.2918801647062314 
4.360000000003177, -0.28889575759533465 
4.370000000003154, -0.2854351528164369 
4.380000000003131, -0.2817952061525305 
4.390000000003107, -0.2783244084723611 
4.400000000003084, -0.2752824411470226 
4.410000000003061, -0.27277648069333726 
4.4200000000030375, -0.2707887405860939 
4.430000000003014, -0.26923717084064175 
4.440000000002991, -0.2680236049561064 
4.450000000002968, -0.26705932160199114 
4.460000000002944, -0.266274671571378 
4.470000000002921, -0.2656205495906187 
4.480000000002898, -0.26506665996853307 
4.490000000002874, -0.26459938860731824 
4.500000000002851, -0.26422097818759327 
4.510000000002828, -0.263951163792866 
4.520000000002804, -0.2638321868613388 
4.530000000002781, -0.2639377100865079 
4.540000000002758, -0.2643840610330804 
4.5500000000027345, -0.2653336213047883 
4.560000000002711, -0.2669525136825344 
4.570000000002688, -0.26921868120564685 
4.580000000002665, -0.27140984295574233 
4.590000000002641, -0.2713866007128556 
4.600000000002618, -0.2660079838681358 
4.610000000002595, -0.25419416776932097 
4.620000000002571, -0.23917204462149608 
4.630000000002548, -0.22543055313224158 
4.640000000002525, -0.21510365602573076 
4.6500000000025015, -0.20808338754385866 
4.660000000002478, -0.2034981043747365 
4.670000000002455, -0.2005283609385157 
4.6800000000024315, -0.1985982903915176 
4.690000000002408, -0.19734337008278635 
4.700000000002385, -0.1965436287391106 
4.710000000002362, -0.19607209712772586 
4.720000000002338, -0.19586283774722976 
4.730000000002315, -0.19589381173333442 
4.740000000002292, -0.1961803534318907 
4.750000000002268, -0.19677712029398126 
4.760000000002245, -0.19778827732060558 
4.770000000002222, -0.1993868936066993 
4.7800000000021985, -0.20184383534592035 
4.790000000002175, -0.20555937699528753 
4.800000000002152, -0.21106581900174043 
4.810000000002129, -0.21891140406937573 
4.820000000002105, -0.22928008497554697 
4.830000000002082, -0.24137792735107227 
4.840000000002059, -0.253257777856255 
4.850000000002035, -0.26286852421919976 
4.860000000002012, -0.26941065426228167 
4.870000000001989, -0.27336781085521666 
4.880000000001965, -0.2756299806314773 
4.890000000001942, -0.276908999278697 
4.900000000001919, -0.27763724405838786 
4.9100000000018955, -0.27804927655169503 
4.920000000001872, -0.27826794004773153 
4.930000000001849, -0.2783577500606266 
4.940000000001826, -0.27835345327683425 
4.950000000001802, -0.27827529655234073 
4.960000000001779, -0.27813834178066366 
4.970000000001756, -0.27795949000908804 
4.980000000001732, -0.2777632398719318 
4.990000000001709, -0.2775851932470747 
5.000000000001686, -0.2774713781946524 
5.0100000000016625, -0.27747232189374615 
5.020000000001639, -0.2776328174926945 
5.030000000001616, -0.2779795415915834 
5.0400000000015925, -0.27850888453003597 
5.050000000001569, -0.2791789291992334 
5.060000000001546, -0.2799123373647582 
5.070000000001523, -0.2806147161131599 
5.080000000001499, -0.2812019992531252 
5.090000000001476, -0.2816208296748094 
5.100000000001453, -0.2818511596791714 
5.110000000001429, -0.28189441665855625 
5.120000000001406, -0.2817574422632238 
5.130000000001383, -0.2814388787622845 
5.1400000000013595, -0.28091874965518904 
5.150000000001336, -0.28014915744473434 
5.160000000001313, -0.27904487533614497 
5.17000000000129, -0.2774772418393718 
5.180000000001266, -0.2752844179818286 
5.190000000001243, -0.27232202858317806 
5.20000000000122, -0.268567582267916 
5.210000000001196, -0.2642274667646812 
5.220000000001173, -0.2597249403648181 
5.23000000000115, -0.255524339399151 
5.240000000001126, -0.25193496125856873 
5.250000000001103, -0.24905066984065144 
5.26000000000108, -0.24681282800880094 
5.2700000000010565, -0.24509880897023603 
5.280000000001033, -0.24378055501712298 
5.29000000000101, -0.2427502949229205 
5.300000000000987, -0.24192718819678577 
5.310000000000963, -0.2412559449901582 
5.32000000000094, -0.24070325116056077 
5.330000000000917, -0.24025476704823362 
5.340000000000893, -0.23991414634112843 
5.35000000000087, -0.2397050483784144 
5.360000000000847, -0.23967697213704647 
5.3700000000008234, -0.23991523263754452 
5.3800000000008, -0.24055244338415985 
5.390000000000777, -0.2417670591643492 
5.4000000000007535, -0.24371785289750098 
5.41000000000073, -0.2462822019276957 
5.420000000000707, -0.24842216943177903 
5.430000000000684, -0.247504099606712 
5.44000000000066, -0.24036977074285817 
5.450000000000637, -0.22701458818500536 
5.460000000000614, -0.21166768238414027 
5.47000000000059, -0.19856306755836514 
5.480000000000567, -0.18910810189391541 
5.490000000000544, -0.1828056910057556 
5.5000000000005205, -0.1787146200975945 
5.510000000000497, -0.17606152264959224 
5.520000000000474, -0.1743300497115398 
5.5300000000004506, -0.17320165509428267 
5.540000000000427, -0.17248801907176747 
5.550000000000404, -0.17208428544772844 
5.560000000000381, -0.17194187025633292 
5.570000000000357, -0.17205544667369072 
5.580000000000334, -0.1724605328147078 
5.590000000000311, -0.17324062128564183 
5.600000000000287, -0.17454500924258465 
5.610000000000264, -0.1766198533331163 
5.620000000000241, -0.17985279601106313 
5.6300000000002175, -0.18481615196616794 
5.640000000000194, -0.19224136814333365 
5.650000000000171, -0.20274816775323687 
5.660000000000148, -0.21612241090778306 
5.670000000000124, -0.230514487893083 
5.680000000000101, -0.24298601402088954 
5.690000000000078, -0.2516442094564723 
5.700000000000054, -0.2566851687293485 
5.710000000000031, -0.2593370991273482 
5.720000000000008, -0.2606931659366907 
5.729999999999984, -0.2614020589408189 
5.739999999999961, -0.26178753910718583 
5.749999999999938, -0.2620013079177287 
5.7599999999999145, -0.26211455873873735 
5.769999999999891, -0.26216243893986213 
5.779999999999868, -0.26216452742200574 
5.789999999999845, -0.26213494806606513 
5.799999999999821, -0.2620885701646731 
5.809999999999798, -0.26204588535305695 
5.819999999999775, -0.2620369381170613 
5.829999999999751, -0.262103289145584 
5.839999999999728, -0.26229647878442336 
5.849999999999705, -0.2626718929411881 
5.8599999999996815, -0.26327756897038623 
5.869999999999658, -0.26413784967649234 
5.879999999999635, -0.26523393607393586 
5.8899999999996115, -0.26649007227079513 
5.899999999999588, -0.26778062201086283 
5.909999999999565, -0.2689652679274555 
5.919999999999542, -0.2699348240797695 
5.929999999999518, -0.27063697720073054 
5.939999999999495, -0.27107002061289587 
5.949999999999472, -0.27125861755362257 
5.959999999999448, -0.2712302250472212 
5.969999999999425, -0.2709999143849629 
5.979999999999402, -0.2705622494572915 
5.9899999999993785, -0.26988691342058446 
5.999999999999355, -0.26891732242799893 
6.009999999999332, -0.26757622530232067 
6.019999999999309, -0.2657872793412678 
6.029999999999285, -0.2635200268088691 
6.039999999999262, -0.2608456865843055 
6.049999999999239, -0.25795858819511935 
6.059999999999215, -0.25512199550306375 
6.069999999999192, -0.2525659217535414 
6.079999999999169, -0.2504158481079931 
6.089999999999145, -0.24869019874801115 
6.099999999999122, -0.24733911429753377 
6.109999999999099, -0.24628522967932884 
6.1199999999990755, -0.24544997984738423 
6.129999999999052, -0.24476636277754893 
6.139999999999029, -0.24418327425553854 
6.149999999999006, -0.2436653057977868 
6.159999999998982, -0.24319046940159747 
6.169999999998959, -0.24274748307651203 
6.179999999998936, -0.2423335343701413 
6.189999999998912, -0.2419525284413322 
6.199999999998889, -0.24161229456338118 
6.209999999998866, -0.24131562485446492 
6.2199999999988425, -0.24103065055540399 
6.229999999998819, -0.24060452640835023 
6.239999999998796, -0.23955355609815138 
6.2499999999987725, -0.23670383526170374 
6.259999999998749, -0.23005384762130826 
6.269999999998726, -0.2179586979974173 
6.279999999998703, -0.2015755121650849 
6.289999999998679, -0.18487863100234406 
6.299999999998656, -0.17122512542949545 
6.309999999998633, -0.16146954068366376 
6.319999999998609, -0.15492649251399765 
6.329999999998586, -0.15061492249143935 
6.339999999998563, -0.14775780371631733 
6.3499999999985395, -0.1458392862691922 
6.359999999998516, -0.14454010279286272 
6.369999999998493, -0.14367050322172994 
6.37999999999847, -0.14312469485771617 
6.389999999998446, -0.14285482056362683 
6.399999999998423, -0.14285943678290267 
6.4099999999984, -0.143183678636072 
6.419999999998376, -0.1439313479643263 
6.429999999998353, -0.14529234499637084 
6.43999999999833, -0.1475914683338559 
6.449999999998306, -0.15136169227398993 
6.459999999998283, -0.15741598027923215 
6.46999999999826, -0.1667775649822982 
6.4799999999982365, -0.1800695075770461 
6.489999999998213, -0.19596769151947052 
6.49999999999819, -0.21012479125388078 
6.509999999998167, -0.2180615758299985 
6.519999999998143, -0.2196175186086328 
6.52999999999812, -0.21787997294188957 
6.539999999998097, -0.21546718109617707 
6.549999999998073, -0.21345583629897563 
6.55999999999805, -0.2120300461579699 
6.569999999998027, -0.2110856452694158 
6.5799999999980034, -0.2104829526761444 
6.58999999999798, -0.21011449282429312 
6.599999999997957, -0.20991103018450447 
6.6099999999979335, -0.20983396153277126 
6.61999999999791, -0.20986813057387183 
6.629999999997887, -0.21001804538383978 
6.639999999997864, -0.2103075833999147 
6.64999999999784, -0.21078269345934303 
6.659999999997817, -0.21151638754152052 
6.669999999997794, -0.21261464401098315 
6.67999999999777, -0.21421973421356974 
6.689999999997747, -0.21650218499997984 
6.699999999997724, -0.2196233479636887 
6.7099999999977005, -0.22364620237921895 
6.719999999997677, -0.2284037024312297 
6.729999999997654, -0.2334259545699356 
6.7399999999976306, -0.23807594042568175 
6.749999999997607, -0.24185633137432125 
6.759999999997584, -0.2446077585163585 
6.769999999997561, -0.24644904392787365 
6.779999999997537, -0.24760370474033552 
6.789999999997514, -0.2482785020248417 
6.799999999997491, -0.24862283725804443 
6.809999999997467, -0.24873128906761566 
6.819999999997444, -0.2486579685233699 
6.829999999997421, -0.24843039381946994 
6.8399999999973975, -0.24806109833093792 
6.849999999997374, -0.24755852654433266 
6.859999999997351, -0.24693830515155762 
6.869999999997328, -0.24623319190272125 
6.879999999997304, -0.24549687382755328 
6.889999999997281, -0.24479726384702394 
6.899999999997258, -0.24420096755715984 
6.909999999997234, -0.24375681052261525 
6.919999999997211, -0.24348560943681913 
6.929999999997188, -0.24337764614638968 
6.939999999997164, -0.2433961403839222 
6.949999999997141, -0.24348588981519698 
6.959999999997118, -0.2435861954089722 
6.9699999999970945, -0.24364410237096684 
6.979999999997071, -0.24362216693162325 
6.989999999997048, -0.24349796151953237 
6.999999999997025, -0.24325726653503907 
7.009999999997001, -0.24288455877907644 
7.019999999996978, -0.24235262857059198 
7.029999999996955, -0.24161052615973272 
7.039999999996931, -0.2405675389095709 
7.049999999996908, -0.23907212756437152 
7.059999999996885, -0.2368928188075532 
7.0699999999968615, -0.23373025719163207 
7.079999999996838, -0.22932002960082318 
7.089999999996815, -0.22365864574816147 
7.0999999999967915, -0.2172064758178506 
7.109999999996768, -0.21077376346466803 
7.119999999996745, -0.2050971733960366 
7.129999999996722, -0.2005271196581234 
7.139999999996698, -0.19705068572124013 
7.149999999996675, -0.194475426266602 
7.159999999996652, -0.19257620682604465 
7.169999999996628, -0.19116107976657865 
7.179999999996605, -0.19008666516360748 
7.189999999996582, -0.18925371975053892 
7.1999999999965585, -0.18859825352976733 
7.209999999996535, -0.18808382888297312 
7.219999999996512, -0.18769675731705593 
7.229999999996489, -0.18744475907601693 
7.239999999996465, -0.18735945377675745 
7.249999999996442, -0.18750281260232643 
7.259999999996419, -0.18797588243579705 
7.269999999996395, -0.18892013481066589 
7.279999999996372, -0.19047508588390247 
7.289999999996349, -0.1925874885037363 
7.299999999996325, -0.1944820304575145 
7.309999999996302, -0.19386545085128581 
7.319999999996279, -0.18732114906743919 
7.3299999999962555, -0.17380805795984317 
7.339999999996232, -0.15722447329628625 
7.349999999996209, -0.1425818001398346 
7.359999999996186, -0.13191600814003257 
7.369999999996162, -0.12482125581132361 
7.379999999996139, -0.12023578470793708 
7.389999999996116, -0.11726577207094897 
7.399999999996092, -0.11531784335867826 
7.409999999996069, -0.11403037194412353 
7.419999999996046, -0.11319227680145524 
7.4299999999960225, -0.11268768540745874 
7.439999999995999, -0.11246463323484246 
7.449999999995976, -0.11252108198141997 
7.4599999999959525, -0.11290432419802943 
7.469999999995929, -0.11372359271161185 
7.479999999995906, -0.11517946709318652 
7.489999999995883, -0.11761674640906827 
7.499999999995859, -0.12160424294212165 
7.509999999995836, -0.12801136178730083 
7.519999999995813, -0.13791833888313187 
7.529999999995789, -0.15190426403774276 
7.539999999995766, -0.16833917595245157 
7.549999999995743, -0.18249754050275308 
7.5599999999957195, -0.1900861294998293 
7.569999999995696, -0.19148258311398625 
7.579999999995673, -0.18989114536874702 
7.58999999999565, -0.18773555912274104 
7.599999999995626, -0.18594882847171337 
7.609999999995603, -0.18467811251526203 
7.61999999999558, -0.18383009160424563 
7.629999999995556, -0.18328522622966337 
7.639999999995533, -0.18295315361393588 
7.64999999999551, -0.18277731065416508 
7.659999999995486, -0.18272885594759086 
7.669999999995463, -0.1828014139445023 
7.67999999999544, -0.18300914153032483 
7.6899999999954165, -0.18338832885624115 
7.699999999995393, -0.1840023235060872 
7.70999999999537, -0.18494932408059844 
7.719999999995347, -0.18637149328815703 
7.729999999995323, -0.18846006497385798 
7.7399999999953, -0.19144152338125892 
7.749999999995277, -0.19551422748580166 
7.759999999995253, -0.20070314172007855 
7.76999999999523, -0.20667193227766906 
7.779999999995207, -0.21268886000777973 
7.789999999995183, -0.21793310027542168 
7.79999999999516, -0.22192787271264125 
7.809999999995137, -0.22466751330696533 
7.8199999999951135, -0.22641613699362054 
7.82999999999509, -0.22747642216415676 
7.839999999995067, -0.2280830703287018 
7.849999999995044, -0.22838986086029447 
7.85999999999502, -0.22848909426360992 
7.869999999994997, -0.22843317318954784 
7.879999999994974, -0.22825100668727435 
7.88999999999495, -0.22796023272214735 
7.899999999994927, -0.22757747862572514 
7.909999999994904, -0.22712739378743763 
7.9199999999948805, -0.2266487600143893 
7.929999999994857, -0.22619454312943796 
7.939999999994834, -0.2258244488548511 
7.9499999999948106, -0.22559266551737353 
7.959999999994787, -0.22553569254394254 
7.969999999994764, -0.2256632952869309 
7.979999999994741, -0.22595341270074137 
7.989999999994717, -0.2263529593517683 
7.999999999994694, -0.22678790340965066 
8.00999999999467, -0.2271818901597374 
8.019999999994647, -0.22747487737573321 
8.029999999994624, -0.2276316477782435 
8.0399999999946, -0.22763771522095383 
8.049999999994577, -0.2274879821125909 
8.059999999994554, -0.22717436051694223 
8.06999999999453, -0.2266748876139398 
8.079999999994508, -0.22594381128453653 
8.089999999994484, -0.2249020525881916 
8.099999999994461, -0.22343127311737931 
8.109999999994438, -0.22138354887965264 
8.119999999994414, -0.21862865249993196 
8.129999999994391, -0.21515084450105704 
8.139999999994368, -0.2111470922443766 
8.149999999994344, -0.2070137944018336 
8.159999999994321, -0.2031814382913438 
8.169999999994298, -0.19993226479098375 
8.179999999994275, -0.19734633304890772 
8.189999999994251, -0.19536242573015306 
8.199999999994228, -0.19386115297814602 
8.209999999994205, -0.1927188862033357 
8.219999999994181, -0.19183093512013663 
8.229999999994158, -0.19111731784630506 
8.239999999994135, -0.19052119828734834 
8.249999999994111, -0.1900049128705795 
8.259999999994088, -0.18954570860341174 
8.269999999994065, -0.1891320648949306 
8.279999999994041, -0.18876059170396994 
8.289999999994018, -0.1884321903976543 
8.299999999993995, -0.18814320909405574 
8.309999999993972, -0.18785979492815455 
8.319999999993948, -0.187446071051834 
8.329999999993925, -0.18648865211017557 
8.339999999993902, -0.18397716883622123 
8.349999999993878, -0.17810005850707755 
8.359999999993855, -0.16712823181600486 
8.369999999993832, -0.1517388572703497 
8.379999999993808, -0.13558218683897 
8.389999999993785, -0.1221416307861544 
8.399999999993762, -0.11248208275976294 
8.409999999993738, -0.1060060399070604 
8.419999999993715, -0.10174666388554907 
8.429999999993692, -0.09892432792473667 
8.439999999993669, -0.09702095314109621 
8.449999999993645, -0.09571678422006213 
8.459999999993622, -0.09482204590179984 
8.469999999993599, -0.09423044161790112 
8.479999999993575, -0.09389263204807667 
8.489999999993552, -0.093804400696155 
8.499999999993529, -0.09400650950568294 
8.509999999993505, -0.09459622216804536 
8.519999999993482, -0.09575293069169495 
8.529999999993459, -0.09777972452883152 
8.539999999993436, -0.10114757212946379 
8.549999999993412, -0.10645949189899184 
8.559999999993389, -0.11404867548077664 
8.569999999993366, -0.122706117996489 
8.579999999993342, -0.12814633772483422 
8.589999999993319, -0.1252971846782706 
8.599999999993296, -0.11478160438172472 
8.609999999993272, -0.10241602612540361 
8.619999999993249, -0.09239683495840348 
8.629999999993226, -0.08550083835782098 
8.639999999993202, -0.0810299508280559 
8.64999999999318, -0.07816239935877106 
8.659999999993156, -0.07631011833711886 
8.669999999993133, -0.07510867003944077 
8.67999999999311, -0.07434614477421568 
8.689999999993086, -0.0739079826682231 
8.699999999993063, -0.07374490084936462 
8.70999999999304, -0.07385876412163964 
8.719999999993016, -0.07430266922745662 
8.729999999992993, -0.07519533017212517 
8.73999999999297, -0.07675405372516382 
8.749999999992946, -0.07935407061248637 
8.759999999992923, -0.08361759062204396 
8.7699999999929, -0.09049271819282823 
8.779999999992876, -0.10111331656564518 
8.789999999992853, -0.11588840096352986 
8.79999999999283, -0.1325618327212636 
8.809999999992806, -0.14585429731813832 
8.819999999992783, -0.15205090251465467 
8.82999999999276, -0.1525166255704235 
8.839999999992736, -0.15062078543592808 
8.849999999992713, -0.14847384953324327 
8.85999999999269, -0.1467717983114408 
8.869999999992666, -0.14557450632773633 
8.879999999992643, -0.1447742393864347 
8.88999999999262, -0.14425913673792137 
8.899999999992596, -0.14395015220396987 
8.909999999992573, -0.14380143440439416 
8.91999999999255, -0.1437946454360056 
8.929999999992527, -0.14393548614561408 
8.939999999992503, -0.14425423135516055 
8.94999999999248, -0.1448107205871895 
8.959999999992457, -0.145704220685096 
8.969999999992433, -0.14708832609642442 
8.97999999999241, -0.14918864311465552 
8.989999999992387, -0.15231183967362355 
8.999999999992363, -0.15681114073298108 
9.00999999999234, -0.16293907819003053 
9.019999999992317, -0.17054141616594848 
9.029999999992294, -0.1787755712708894 
9.03999999999227, -0.18632783610357845 
9.049999999992247, -0.1921875063245962 
9.059999999992224, -0.19615433425068846 
9.0699999999922, -0.19860991521450078 
9.079999999992177, -0.20005854324124916 
9.089999999992154, -0.20089005850341382 
9.09999999999213, -0.20134994781956225 
9.109999999992107, -0.20157982176402728 
9.119999999992084, -0.20165903065654586 
9.12999999999206, -0.20163263477848514 
9.139999999992037, -0.20152859204339296 
9.149999999992014, -0.20136900303633568 
9.15999999999199, -0.2011784201057643 
9.169999999991967, -0.20098998236186744 
9.179999999991944, -0.20084841813717086 
9.18999999999192, -0.20080857490756313 
9.199999999991897, -0.20092927194561608 
9.209999999991874, -0.20126342624603882 
9.21999999999185, -0.20184499302556153 
9.229999999991827, -0.2026729702113823 
9.239999999991804, -0.20369674070105342 
9.24999999999178, -0.20481460125891465 
9.259999999991757, -0.20589682829503567 
9.269999999991734, -0.20682649168795814 
9.27999999999171, -0.2075320267544984 
9.289999999991688, -0.2079922223324126 
9.299999999991664, -0.20821876548972681 
9.309999999991641, -0.20823361214332659 
9.319999999991618, -0.2080522895015538 
9.329999999991594, -0.20767471026687095 
9.339999999991571, -0.2070813430607205 
9.349999999991548, -0.20623398143459976 
9.359999999991524, -0.2050839025028543 
9.369999999991501, -0.20359270465997667 
9.379999999991478, -0.20176681548239667 
9.389999999991455, -0.1996904618936174 
9.399999999991431, -0.197525660431247 
9.409999999991408, -0.1954630909367471 
9.419999999991385, -0.19365402542151927 
9.429999999991361, -0.19217186511189166 
9.439999999991338, -0.19101723328126965 
9.449999999991315, -0.19014493353518028 
9.459999999991291, -0.18948995025002838 
9.469999999991268, -0.18898470523321922 
9.479999999991245, -0.18856884695282922 
9.489999999991221, -0.18819382592657583 
9.499999999991198, -0.18782331097913346 
9.509999999991175, -0.18743024846799602 
9.519999999991152, -0.1869915494074535 
9.529999999991128, -0.1864808335474067 
9.539999999991105, -0.18585807275170485 
9.549999999991082, -0.1850524445014586 
9.559999999991058, -0.18393129987944729 
9.569999999991035, -0.18224604741788203 
9.579999999991012, -0.17955750407754856 
9.589999999990988, -0.17520514897287343 
9.599999999990965, -0.16851804463773368 
9.609999999990942, -0.15944160859136874 
9.619999999990918, -0.14909583617307184 
9.629999999990895, -0.13927469402771891 
9.639999999990872, -0.13124938571338873 
9.649999999990849, -0.12530072951501287 
9.659999999990825, -0.12110119636715902 
9.669999999990802, -0.11817756711055072 
9.679999999990779, -0.11612741505903676 
9.689999999990755, -0.11466299297444964 
9.699999999990732, -0.1135934718569005 
9.709999999990709, -0.11279782127123154 
9.719999999990685, -0.11220346664008785 
9.729999999990662, -0.11177259287405059 
9.739999999990639, -0.11149494393194029 
9.749999999990616, -0.11138591396979622 
9.759999999990592, -0.11148884909256407 
9.769999999990569, -0.11187888518679157 
9.779999999990546, -0.11265798189116967 
9.789999999990522, -0.11390504235547834 
9.799999999990499, -0.11547884374967203 
9.809999999990476, -0.11648976244816758 
9.819999999990452, -0.11453841319430422 
9.829999999990429, -0.10629175167279929 
9.839999999990406, -0.09128627899139988 
9.849999999990382, -0.07411547379760787 
9.85999999999036, -0.05974641569828022 
9.869999999990336, -0.04968634882651548 
9.879999999990313, -0.04316219245913881 
9.88999999999029, -0.038999715016017934 
9.899999999990266, -0.03631100578369197 
9.909999999990243, -0.03453689867133558 
9.91999999999022, -0.033347156961391976 
9.929999999990196, -0.03255341314229578 
9.939999999990173, -0.03205526693275269 
9.94999999999015, -0.0318117184980259 
9.959999999990126, -0.03182986875704105 
9.969999999990103, -0.03216693328175245 
9.97999999999008, -0.03294507900291161 
9.989999999990056, -0.034379229131439606 
9.999999999990033, -0.036807648508751165 
10.00999999999001, -0.0406633903437827 
10.019999999989986, -0.04615717572115234 
10.029999999989963, -0.052185749764631806 
10.03999999998994, -0.054721446718178766 
10.049999999989916, -0.04855778115137896 
10.059999999989893, -0.034375986180638654 
10.06999999998987, -0.018971696821843968 
10.079999999989846, -0.007087721917246252 
10.089999999989823, 0.0007200089000620551 
10.0999999999898, 0.0052331125633038895 
10.109999999989776, 0.00791543878748139 
10.119999999989753, 0.009481730970855853 
10.12999999998973, 0.01035379571961916 
10.139999999989707, 0.010769416226221632 
10.149999999989683, 0.01085503208197468 
10.15999999998966, 0.01066513585768442 
10.169999999989637, 0.010199027138388128 
10.179999999989613, 0.009401007107530139 
10.18999999998959, 0.008145291477837161 
10.199999999989567, 0.006204918870537098 
10.209999999989543, 0.003212919634574928 
10.21999999998952, -0.0012132113685206672 
10.229999999989497, -0.0071578129308414494 
10.239999999989474, -0.013864918167075118 
10.24999999998945, -0.017000063257589265 
10.259999999989427, -0.010897005470095813 
10.269999999989404, 0.003387624553447022 
10.27999999998938, 0.018246355362948618 
10.289999999989357, 0.02932578575963147 
10.299999999989334, 0.03636914385130842 
10.30999999998931, 0.04058946855628812 
10.319999999989287, 0.043069665093201245 
10.329999999989264, 0.04450103327515102 
10.33999999998924, 0.04528347096324995 
10.349999999989217, 0.045639191203125484 
10.359999999989194, 0.04568431952779344 
10.36999999998917, 0.04546651346714424 
10.379999999989147, 0.04498049721177157 
10.389999999989124, 0.04416819437509524 
10.3999999999891, 0.04290664159620906 
10.409999999989077, 0.040990169165538104 
10.419999999989054, 0.03813984655107654 
10.42999999998903, 0.03417293039189067 
10.439999999989007, 0.029693841823251375 
10.449999999988984, 0.027558276805574537 
10.45999999998896, 0.03283683669698988 
10.469999999988937, 0.046869467646234717 
10.479999999988914, 0.0634423238276512 
10.48999999998889, 0.07650495542055288 
10.499999999988868, 0.0849311039930265 
10.509999999988844, 0.08995388610299762 
10.519999999988821, 0.09288064126666903 
10.529999999988798, 0.0945711936607637 
10.539999999988774, 0.09552395994212902 
10.549999999988751, 0.09601825316436496 
10.559999999988728, 0.09620835791667263 
10.569999999988704, 0.0961757610715733 
10.579999999988681, 0.09595665323976302 
10.589999999988658, 0.09555696159131769 
10.599999999988635, 0.09496511939333485 
10.609999999988611, 0.09417929371113562 
10.619999999988588, 0.09328998532461427 
10.629999999988565, 0.09270769744612863 
10.639999999988541, 0.09361329997362118 
10.649999999988518, 0.09819050332948236 
10.659999999988495, 0.10804494615936541 
10.669999999988471, 0.1212072651058953 
10.679999999988448, 0.1333209649236124 
10.689999999988425, 0.14200754946680463 
10.699999999988401, 0.1474629335350776 
10.709999999988378, 0.15069938166646968 
10.719999999988355, 0.15257422856181718 
10.729999999988332, 0.15363825720985527 
10.739999999988308, 0.1542193419234996 
10.749999999988285, 0.15451222263989056 
10.759999999988262, 0.15463673449645773 
10.769999999988238, 0.15467243623583388 
10.779999999988215, 0.1546810725559339 
10.789999999988192, 0.15472542987746585 
10.799999999988168, 0.1548913415071637 
10.809999999988145, 0.15531813492559762 
10.819999999988122, 0.15623510947900632 
10.829999999988098, 0.1579722073053341 
10.839999999988075, 0.16085669916927964 
10.849999999988052, 0.16492279478619412 
10.859999999988029, 0.1696435887715983 
10.869999999988005, 0.17413579612008945 
10.879999999987982, 0.1777302911594858 
10.889999999987959, 0.18024548278201588 
10.899999999987935, 0.18182718050072594 
10.909999999987912, 0.18271249969591116 
10.919999999987889, 0.18311145560641995 
10.929999999987865, 0.1831828910024102 
10.939999999987842, 0.18304510477459318 
10.949999999987819, 0.18278966379633993 
10.959999999987796, 0.18248949011678212 
10.969999999987772, 0.18220246798503842 
10.979999999987749, 0.18197425735124345 
10.989999999987726, 0.18184235299303636 
10.999999999987702, 0.1818407227201681 
11.009999999987679, 0.18200241266675915 
11.019999999987656, 0.18235655782364119 
11.029999999987632, 0.1829167572640678 
11.039999999987609, 0.18366213093903755 
11.049999999987586, 0.1845218060873043 
11.059999999987562, 0.1853799372233778 
11.06999999998754, 0.18610657763370891 
11.079999999987516, 0.1865947502785045 
11.089999999987493, 0.1867774776942849 
11.09999999998747, 0.18662026330444947 
11.109999999987446, 0.18610585991415995 
11.119999999987423, 0.18522980776551495 
11.1299999999874, 0.18401433458904848 
11.139999999987376, 0.182532479454949 
11.149999999987353, 0.18091778746240156 
11.15999999998733, 0.17933585417869177 
11.169999999987306, 0.17792785015310975 
11.179999999987283, 0.17676869064064604 
11.18999999998726, 0.17586635073250032 
11.199999999987236, 0.17518831396274853 
11.209999999987213, 0.1746883519044258 
11.21999999998719, 0.17432085303354447 
11.229999999987166, 0.17404366665017346 
11.239999999987143, 0.17381457873520675 
11.24999999998712, 0.17358559459679518 
11.259999999987096, 0.17329729263985752 
11.269999999987073, 0.17287343145796327 
11.27999999998705, 0.1722137012556954 
11.289999999987026, 0.1711812552201732 
11.299999999987003, 0.16958448134172813 
11.30999999998698, 0.16716496070384856 
11.319999999986956, 0.16363404725510033 
11.329999999986933, 0.15883825806676416 
11.33999999998691, 0.15307093765660304 
11.349999999986887, 0.14722932574918596 
11.359999999986863, 0.14236391763795464 
11.36999999998684, 0.1389645776037141 
11.379999999986817, 0.136851191963922 
11.389999999986793, 0.13558584653366318 
11.39999999998677, 0.13479351798533762 
11.409999999986747, 0.13423656133675285 
11.419999999986723, 0.13377939087961338 
11.4299999999867, 0.13334156339802836 
11.439999999986677, 0.1328644472285944 
11.449999999986654, 0.13228890805797638 
11.45999999998663, 0.13153674257728692 
11.469999999986607, 0.13048862505009012 
11.479999999986584, 0.12895024495548682 
11.48999999998656, 0.1265961023434315 
11.499999999986537, 0.12288479383891464 
11.509999999986514, 0.1169844968893956 
11.51999999998649, 0.10792553944824276 
11.529999999986467, 0.09551082921498252 
11.539999999986444, 0.08194215322683854 
11.54999999998642, 0.07134745305957588 
11.559999999986397, 0.06580090374582945 
11.569999999986374, 0.06397523304655596 
11.57999999998635, 0.06379540220382442 
11.589999999986327, 0.06405284011380599 
11.599999999986304, 0.0642879374368621 
11.60999999998628, 0.06437714916406799 
11.619999999986257, 0.06430507211939672 
11.629999999986234, 0.06407625353049905 
11.63999999998621, 0.06368472196673956 
11.649999999986187, 0.06310082244519775 
11.659999999986164, 0.062258721813408024 
11.66999999998614, 0.06103568973822053 
11.679999999986117, 0.05921409485155606 
11.689999999986094, 0.056413601876197914 
11.69999999998607, 0.051983498366288204 
11.709999999986048, 0.04489334949848275 
11.719999999986024, 0.03388089523682888 
11.729999999986001, 0.01859546925598545 
11.739999999985978, 0.001951621426216241 
11.749999999985954, -0.009828662482205524 
11.759999999985931, -0.014284747178494392 
11.769999999985908, -0.013922601249363589 
11.779999999985884, -0.011991130814071983 
11.789999999985861, -0.010086358437300292 
11.799999999985838, -0.008624412192794386 
11.809999999985815, -0.007595469240924498 
11.819999999985791, -0.006903992185087455 
11.829999999985768, -0.006469256384029611 
11.839999999985745, -0.006244547481851575 
11.849999999985721, -0.006217367979287365 
11.859999999985698, -0.0064099335467358385 
11.869999999985675, -0.0068861840254424295 
11.879999999985651, -0.007769495059235111 
11.889999999985628, -0.009277207756481996 
11.899999999985605, -0.011780706471905818 
11.909999999985581, -0.0158945245622316 
11.919999999985558, -0.022551214310959106 
11.929999999985535, -0.032841291878675086 
11.939999999985512, -0.04707664110409679 
11.949999999985488, -0.06300067716305144 
11.959999999985465, -0.07587713575734839 
11.969999999985442, -0.08274586308605959 
11.979999999985418, -0.08478720468781405 
11.989999999985395, -0.08457103329382995 
11.999999999985372, -0.08373619937237241 
12.009999999985348, -0.0829226952004062 
12.019999999985325, -0.08229208862023336 
12.029999999985302, -0.08184788723624453 
12.039999999985278, -0.08156072844523243 
12.049999999985255, -0.08140716969439568 
12.059999999985232, -0.08137978011351835 
12.069999999985209, -0.08149037980570228 
12.079999999985185, -0.08177392939669968 
12.089999999985162, -0.08229605734416665 
12.099999999985139, -0.08316628436378934 
12.109999999985115, -0.08455896158388433 
12.119999999985092, -0.0867421703244448 
12.129999999985069, -0.09010488610058597 
12.139999999985045, -0.09514007309274708 
12.149999999985022, -0.10227542497313229 
12.159999999984999, -0.1114265787467145 
12.169999999984976, -0.12148046986081659 
12.179999999984952, -0.13054378075102216 
12.189999999984929, -0.13720990599890046 
12.199999999984906, -0.14136255428668015 
12.209999999984882, -0.1436889364190849 
12.219999999984859, -0.14492722235676272 
12.229999999984836, -0.14557423833243469 
12.239999999984812, -0.14590704834468338 
12.249999999984789, -0.14606969878560352 
12.259999999984766, -0.14613727295865805 
12.269999999984742, -0.1461520097858542 
12.27999999998472, -0.14614259298518534 
12.289999999984696, -0.14613528297322692 
12.299999999984673, -0.1461614753985578 
12.30999999998465, -0.14626348961322427 
12.319999999984626, -0.14649878691405852 
12.329999999984603, -0.14694203524932348 
12.33999999998458, -0.1476837535997674 
12.349999999984556, -0.14882227063455283 
12.359999999984533, -0.15044194186500232 
12.36999999998451, -0.15256983253617207 
12.379999999984486, -0.1551181333826367 
12.389999999984463, -0.15785527256570858 
12.39999999998444, -0.16046302631878104 
12.409999999984416, -0.16266735987076347 
12.419999999984393, -0.1643389800006982 
12.42999999998437, -0.16549118909705463 
12.439999999984346, -0.1662123035684274 
12.449999999984323, -0.16660239735320845 
12.4599999999843, -0.16674178828320335 
12.469999999984276, -0.1666838298208189 
12.479999999984253, -0.1664588178016917 
12.48999999998423, -0.16608177049821365 
12.499999999984206, -0.1655621083548876 
12.509999999984183, -0.16491496386105253 
12.51999999998416, -0.16417224139633474 
12.529999999984136, -0.16338842818792898 
12.539999999984113, -0.16263580159845276 
12.54999999998409, -0.16198941353912327 
12.559999999984067, -0.16150968225504295 
12.569999999984043, -0.1612308154005964 
12.57999999998402, -0.16115663658181276 
12.589999999983997, -0.1612608207035698 
12.599999999983973, -0.1614905508160723 
12.60999999998395, -0.16177590866250574 
12.619999999983927, -0.16204518038464263 
12.629999999983903, -0.16224008754983005 
12.63999999998388, -0.1623230631175929 
12.649999999983857, -0.16227417396694976 
12.659999999983834, -0.16208154258486518 
12.66999999998381, -0.16173026427349474 
12.679999999983787, -0.16119229444150113 
12.689999999983764, -0.16041775170293968 
12.69999999998374, -0.1593289645072037 
12.709999999983717, -0.15782325271046246 
12.719999999983694, -0.15579750722938918 
12.72999999998367, -0.15320717981801205 
12.739999999983647, -0.1501437263124525 
12.749999999983624, -0.14686301260950663 
12.7599999999836, -0.14370290799556446 
12.769999999983577, -0.14093883214576156 
12.779999999983554, -0.1386977903942386 
12.78999999998353, -0.13697270895471977 
12.799999999983507, -0.13568307281447128 
12.809999999983484, -0.13472640174045344 
12.81999999998346, -0.13400558259887674 
12.829999999983437, -0.1334392629535311 
12.839999999983414, -0.13296400607136907 
12.84999999998339, -0.13253258877874563 
12.859999999983367, -0.1321100122307614 
12.869999999983344, -0.1316678348012261 
12.87999999998332, -0.13117677374345502 
12.889999999983297, -0.13059617586364153 
12.899999999983274, -0.1298565666971017 
12.90999999998325, -0.1288280485594947 
12.919999999983228, -0.12726529224117422 
12.929999999983204, -0.12473286635606276 
12.939999999983181, -0.12058083461304483 
12.949999999983158, -0.11417599515593377 
12.959999999983134, -0.10554101062096347 
12.969999999983111, -0.09584928537214239 
12.979999999983088, -0.0868258923765452 
12.989999999983064, -0.07958863266050067 
12.999999999983041, -0.07430533803724118 
13.009999999983018, -0.07061770382652546 
13.019999999982995, -0.06807048023342285 
13.029999999982971, -0.06629187108442522 
13.039999999982948, -0.06502070165213582 
13.049999999982925, -0.06408451259093417 
13.059999999982901, -0.06337287379192422 
13.069999999982878, -0.06281708266002073 
13.079999999982855, -0.062376528829693675 
13.089999999982831, -0.06202968761442264 
13.099999999982808, -0.06176722307853989 
13.109999999982785, -0.061583196585004274 
13.119999999982761, -0.06145530519399879 
13.129999999982738, -0.06129174568943489 
13.139999999982715, -0.06079650135894393 
13.149999999982692, -0.059195408338379274 
13.159999999982668, -0.05495207877226123 
13.169999999982645, -0.046267537557541115 
13.179999999982622, -0.03317112835458532 
13.189999999982598, -0.01876114091677015 
13.199999999982575, -0.006552006260428717 
13.209999999982552, 0.00206755485793469 
13.219999999982528, 0.007416557556637051 
13.229999999982505, 0.010727834708130716 
13.239999999982482, 0.012746737525160184 
13.249999999982458, 0.013961792255624675 
13.259999999982435, 0.014671643817652994 
13.269999999982412, 0.015054830761661498 
13.279999999982389, 0.015216580285959635 
13.289999999982365, 0.015216718111365277 
13.299999999982342, 0.015085989664839206 
13.309999999982319, 0.014836767880380967 
13.319999999982295, 0.014474518419795496 
13.329999999982272, 0.014021909138814759 
13.339999999982249, 0.01358366975950194 
13.349999999982225, 0.01351058434051427 
13.359999999982202, 0.014717052851362067 
13.369999999982179, 0.018916273303089183 
13.379999999982156, 0.027742449403914442 
13.389999999982132, 0.04036579822980241 
13.399999999982109, 0.053182560684762424 
13.409999999982086, 0.0632241428976524 
13.419999999982062, 0.06995339200580857 
13.429999999982039, 0.07413506777989298 
13.439999999982016, 0.07665461159661148 
13.449999999981992, 0.07814921186228946 
13.459999999981969, 0.07901772019972936 
13.469999999981946, 0.07950046005169707 
13.479999999981922, 0.0797425315858061 
13.4899999999819, 0.07983357435559167 
13.499999999981876, 0.07983225830671295 
13.509999999981853, 0.07978366664720778 
13.51999999998183, 0.07973679286020155 
13.529999999981806, 0.07977112018890958 
13.539999999981783, 0.08004596852927465 
13.54999999998176, 0.08088695339476487 
13.559999999981736, 0.08288538446296781 
13.569999999981713, 0.0868346109950636 
13.57999999998169, 0.09316641115175929 
13.589999999981666, 0.10110414278918387 
13.599999999981643, 0.10886104853658987 
13.60999999998162, 0.11503206011162663 
13.619999999981596, 0.11930043432460025 
13.629999999981573, 0.12201457751749697 
13.63999999998155, 0.12364897439179194 
13.649999999981526, 0.12458259574923161 
13.659999999981503, 0.1250746399883759 
13.66999999998148, 0.12529579778675734 
13.679999999981456, 0.12536011171512035 
13.689999999981433, 0.12534713332635058 
13.69999999998141, 0.1253169317263123 
13.709999999981386, 0.12532201707955745 
13.719999999981363, 0.12541914423562892 
13.72999999998134, 0.12568257006607597 
13.739999999981316, 0.12621774819894208 
13.749999999981293, 0.12716747324683925 
13.75999999998127, 0.1286889139995353 
13.769999999981247, 0.13087275164166617 
13.779999999981223, 0.13361868772573324 
13.7899999999812, 0.13658430862452192 
13.799999999981177, 0.13932354159295518 
13.809999999981153, 0.14151262974434875 
13.81999999998113, 0.14304760049698265 
13.829999999981107, 0.14398331945482962 
13.839999999981083, 0.14443496017957874 
13.84999999998106, 0.14451978741898372 
13.859999999981037, 0.14434054854489436 
13.869999999981014, 0.1439874624175402 
13.87999999998099, 0.14354168559777766 
13.889999999980967, 0.143074229846745 
13.899999999980944, 0.14264245847406315 
13.90999999998092, 0.14228876108572347 
13.919999999980897, 0.14204339008540062 
13.929999999980874, 0.1419297117829177 
13.93999999998085, 0.14196837713377602 
13.949999999980827, 0.14217703199945209 
13.959999999980804, 0.1425632463451763 
13.96999999998078, 0.14311118957269803 
13.979999999980757, 0.14376849221967908 
13.989999999980734, 0.14444513492975625 
13.99999999998071, 0.14503149739765359 
14.009999999980687, 0.14542635346031688 
14.019999999980664, 0.14555552987538778 
14.02999999998064, 0.14537233620229578 
14.039999999980617, 0.14484870162790553 
14.049999999980594, 0.14397252521341591 
14.05999999998057, 0.14276027522537857 
14.069999999980547, 0.14127937835658985 
14.079999999980524, 0.13965805922146668 
14.0899999999805, 0.13805918460005498 
14.099999999980477, 0.13662556988133867 
14.109999999980454, 0.13543704309380872 
14.11999999998043, 0.13450706698110143 
14.129999999980408, 0.1338075575837229 
14.139999999980384, 0.13329576194471487 
14.149999999980361, 0.13292949619182873 
14.159999999980338, 0.1326708106954722 
14.169999999980314, 0.13248282384647653 
14.179999999980291, 0.1323239904425127 
14.189999999980268, 0.13214270385203325 
14.199999999980244, 0.13187364610587554 
14.209999999980221, 0.1314351842882126 
14.219999999980198, 0.1307251564520683 
14.229999999980175, 0.12961322455622706 
14.239999999980151, 0.12793464611432112 
14.249999999980128, 0.12550502562166763 
14.259999999980105, 0.12219347078580012 
14.269999999980081, 0.11807610145144239 
14.279999999980058, 0.11357512925778171 
14.289999999980035, 0.10935526562451651 
14.299999999980011, 0.10595153410909186 
14.309999999979988, 0.10350808412209925 
14.319999999979965, 0.10186209635178281 
14.329999999979941, 0.10076171961825094 
14.339999999979918, 0.09999586774597077 
14.349999999979895, 0.09942122527625165 
14.359999999979872, 0.09894597119633398 
14.369999999979848, 0.09850715459796303 
14.379999999979825, 0.09805231628190421 
14.389999999979802, 0.09752517178420826 
14.399999999979778, 0.09685254488803578 
14.409999999979755, 0.09592910274788298 
14.419999999979732, 0.09459575362185868 
14.429999999979708, 0.09260807482203687 
14.439999999979685, 0.08959952909549819 
14.449999999979662, 0.08507870897251425 
14.459999999979638, 0.07858352654450694 
14.469999999979615, 0.07016735030299147 
14.479999999979592, 0.06100409457750933 
14.489999999979569, 0.05306227642741278 
14.499999999979545, 0.047604178788692206 
14.509999999979522, 0.044465237648531344 
14.519999999979499, 0.04280930390307432 
14.529999999979475, 0.041913872304113926 
14.539999999979452, 0.04135804491715849 
14.549999999979429, 0.040933794442696965 
14.559999999979405, 0.04054178125670544 
14.569999999979382, 0.04012869526032203 
14.579999999979359, 0.039654827359469985 
14.589999999979335, 0.03907589092942496 
14.599999999979312, 0.03832905789031764 
14.609999999979289, 0.03731694996287768 
14.619999999979266, 0.03588426448273713 
14.629999999979242, 0.03378158717806681 
14.639999999979219, 0.030614953236395757 
14.649999999979196, 0.025804592238808155 
14.659999999979172, 0.018660242536035924 
14.669999999979149, 0.008824929365339 
14.679999999979126, -0.0027121472473621345 
14.689999999979102, -0.013256218351041321 
14.69999999997908, -0.020786745844565004 
14.709999999979056, -0.02492673146665014 
14.719999999979033, -0.026750826675419736 
14.72999999997901, -0.027394140775967784 
14.739999999978986, -0.027536787619711095 
14.749999999978963, -0.027498840122906886 
14.75999999997894, -0.027415867511621728 
14.769999999978916, -0.02734570275332702 
14.779999999978893, -0.027319028472122604 
14.78999999997887, -0.027362458683898715 
14.799999999978846, -0.027510999182552304 
14.809999999978823, -0.027818062645019487 
14.8199999999788, -0.028367359461563952 
14.829999999978776, -0.0292897920669683 
14.839999999978753, -0.03078780117408305 
14.84999999997873, -0.033165496510422894 
14.859999999978706, -0.03684530399526688 
14.869999999978683, -0.04230335550029286 
14.87999999997866, -0.04978927286812622 
14.889999999978636, -0.05879521976102544 
14.899999999978613, -0.0677966052289494 
14.90999999997859, -0.07506225846250365 
14.919999999978566, -0.07987533969394744 
14.929999999978543, -0.08262917293274678 
14.93999999997852, -0.08407117017785419 
14.949999999978496, -0.08479099540923778 
14.959999999978473, -0.08513765189900799 
14.96999999997845, -0.08529483604572201 
14.979999999978427, -0.08535713569100441 
14.989999999978403, -0.08537662931933422 
14.99999999997838, -0.08538801682477622 
15.009999999978357, -0.0854226736208283 
15.019999999978333, -0.0855179040508294 
15.02999999997831, -0.08572445875740665 
15.039999999978287, -0.0861136071685647 
15.049999999978263, -0.08678408568916247 
15.05999999997824, -0.08786781255281192 
15.069999999978217, -0.0895289154209235 
15.079999999978194, -0.09194080409242222 
15.08999999997817, -0.09521535595627294 
15.099999999978147, -0.0992746501431062 
15.109999999978124, -0.10374102207310557 
15.1199999999781, -0.10801208476869403 
15.129999999978077, -0.11155380926275346 
15.139999999978054, -0.11414812856624287 
15.14999999997803, -0.11587634864710168 
15.159999999978007, -0.11694850226467284 
15.169999999977984, -0.11756913904953432 
15.17999999997796, -0.11788890908626756 
15.189999999977937, -0.11800555794295049 
15.199999999977914, -0.11797933592546968 
15.20999999997789, -0.11784831767086952 
15.219999999977867, -0.11764074968884856 
15.229999999977844, -0.11738492148931583 
15.23999999997782, -0.11711673499650381 
15.249999999977797, -0.11688396181218097 
15.259999999977774, -0.11674596670939859 
15.26999999997775, -0.11676905124679679 
15.279999999977727, -0.11701886803391577 
15.289999999977704, -0.11755017392396831 
15.29999999997768, -0.11839151040396516 
15.309999999977657, -0.11952382677425692 
15.319999999977634, -0.12086228093006905 
15.32999999997761, -0.12226201737247275 
15.339999999977588, -0.12355983201726332 
15.349999999977564, -0.12463005271526958 
15.359999999977541, -0.12541501802557917 
15.369999999977518, -0.12591618739520774 
15.379999999977494, -0.12616518455752462 
15.389999999977471, -0.12619790165935527 
15.399999999977448, -0.12604030174439873 
15.409999999977424, -0.12570417095200864 
15.419999999977401, -0.12518943565785262 
15.429999999977378, -0.1244917417963094 
15.439999999977355, -0.1236152009563554 
15.449999999977331, -0.12258791807552176 
15.459999999977308, -0.12147243987214765 
15.469999999977285, -0.12036080728003448 
15.479999999977261, -0.11935237486674241 
15.489999999977238, -0.11852696264869762 
15.499999999977215, -0.11792891312885856 
15.509999999977191, -0.11756565103055024 
15.519999999977168, -0.11741358955057316 
15.529999999977145, -0.11742506412152232 
15.539999999977121, -0.11753627332426267 
15.549999999977098, -0.11767836756916258 
15.559999999977075, -0.11778997291683546 
15.569999999977052, -0.11782560139582277 
15.579999999977028, -0.11775606614894929 
15.589999999977005, -0.11756198719293884 
15.599999999976982, -0.11722415970398681 
15.609999999976958, -0.11671368330069413 
15.619999999976935, -0.11598311035100717 
15.629999999976912, -0.11496028824942953 
15.639999999976888, -0.11355047019805595 
15.649999999976865, -0.11165858181616457 
15.659999999976842, -0.10924327540060383 
15.669999999976818, -0.1063887235102154 
15.679999999976795, -0.10333257573647554 
15.689999999976772, -0.10039146301410447 
15.699999999976749, -0.09782624226039395 
15.709999999976725, -0.09575930310789452 
15.719999999976702, -0.09418606804199593 
15.729999999976679, -0.09303135321461123 
15.739999999976655, -0.09219761437872047 
15.749999999976632, -0.0915904390084841 
15.759999999976609, -0.09112840711085386 
15.769999999976585, -0.09074580378910949 
15.779999999976562, -0.09039195507861761 
15.789999999976539, -0.09002797222439034 
15.799999999976515, -0.08962107046988993 
15.809999999976492, -0.08913653350952709 
15.819999999976469, -0.08852660370967186 
15.829999999976446, -0.08771418149361683 
15.839999999976422, -0.08656853576528294 
15.849999999976399, -0.08487443542019443 
15.859999999976376, -0.0823156543790439 
15.869999999976352, -0.0785379876866997 
15.879999999976329, -0.07337756141186094 
15.889999999976306, -0.06717505103402663 
15.899999999976282, -0.06078869800553749 
15.90999999997626, -0.055116148360390825 
15.919999999976236, -0.050621640480777 
15.929999999976213, -0.04730805784588155 
15.93999999997619, -0.04494973713980245 
15.949999999976166, -0.04328507185304877 
15.959999999976143, -0.042096342164177826 
15.96999999997612, -0.04122285819231285 
15.979999999976096, -0.04055149482415314 
15.989999999976073, -0.04000390312830872 
15.99999999997605, -0.039525380595969155 
16.009999999976028, -0.039075346359201325 
16.019999999976005, -0.0386179832006916 
16.02999999997598, -0.03811060468204377 
16.039999999975958, -0.0374852629019058 
16.049999999975935, -0.03661569193077244 
16.05999999997591, -0.035259702243480164 
16.069999999975888, -0.03298227803879399 
16.079999999975865, -0.02913946928068937 
16.08999999997584, -0.02314530010350655 
16.099999999975818, -0.015138205296386159 
16.109999999975795, -0.00637479993084897 
16.11999999997577, 0.001433587666657726 
16.129999999975748, 0.007138098223515127 
16.139999999975725, 0.01106985954508137 
16.1499999999757, 0.013621058869763312 
16.15999999997568, 0.015215948473332228 
16.169999999975655, 0.0161817156278508 
16.17999999997563, 0.016743123857381075 
16.18999999997561, 0.017048980736457806 
16.199999999975585, 0.017197584642834003 
16.20999999997556, 0.017255373067606973 
16.21999999997554, 0.017270639149422687 
16.229999999975515, 0.017285468584969252 
16.239999999975492, 0.01734960477949198 
16.24999999997547, 0.01754164811746055 
16.259999999975445, 0.018005687306815937 
16.269999999975422, 0.019010094969877583 
16.2799999999754, 0.021009113263493674 
16.289999999975375, 0.024597831171030846 
16.299999999975352, 0.030151085615077105 
16.30999999997533, 0.037216874428803844 
16.319999999975305, 0.044465367015893265 
16.329999999975282, 0.0505944227166098 
16.33999999997526, 0.05508541989093353 
16.349999999975235, 0.05808642617123509 
16.359999999975212, 0.059977958615776886 
16.36999999997519, 0.06111576797541166 
16.379999999975166, 0.06176290218320406 
16.389999999975142, 0.0620995132292401 
16.39999999997512, 0.06224739725762139 
16.409999999975096, 0.062290418561760486 
16.419999999975072, 0.062289328508249274 
16.42999999997505, 0.0622936187715585 
16.439999999975026, 0.06235326089924228 
16.449999999975002, 0.06253305204763879 
16.45999999997498, 0.06293213451893526 
16.469999999974956, 0.06370850017717825 
16.479999999974932, 0.06509580822202057 
16.48999999997491, 0.06736953350495047 
16.499999999974886, 0.07069608099657289 
16.509999999974863, 0.07489112223109617 
16.51999999997484, 0.07934738571897798 
16.529999999974816, 0.08334579973884715 
16.539999999974793, 0.08645513062987184 
16.54999999997477, 0.08861858281672871 
16.559999999974746, 0.08999103353442142 
16.569999999974723, 0.09077595533412261 
16.5799999999747, 0.09115123335925306 
16.589999999974676, 0.09125496149322918 
16.599999999974653, 0.09119207957063416 
16.60999999997463, 0.09104298740900947 
16.619999999974606, 0.09086983008144615 
16.629999999974583, 0.09072182216481116 
16.63999999997456, 0.0906414517968535 
16.649999999974536, 0.09067209369306091 
16.659999999974513, 0.09086622291365423 
16.66999999997449, 0.09129175312807992 
16.679999999974466, 0.09203062831375869 
16.689999999974443, 0.09315913621559625 
16.69999999997442, 0.09470140449739961 
16.709999999974396, 0.09657153292252092 
16.719999999974373, 0.0985583491419466 
16.72999999997435, 0.1003961662315378 
16.739999999974327, 0.10187652816416162 
16.749999999974303, 0.10290749641623664 
16.75999999997428, 0.10349539110024342 
16.769999999974257, 0.10369671853162635 
16.779999999974233, 0.10358378440390495 
16.78999999997421, 0.10323243980639743 
16.799999999974187, 0.10272117866496448 
16.809999999974163, 0.10212960884463625 
16.81999999997414, 0.10153163883272212 
16.829999999974117, 0.10098695093180254 
16.839999999974093, 0.10053697168430893 
16.84999999997407, 0.10020759087295976 
16.859999999974047, 0.10001581647273813 
16.869999999974024, 0.0999758410759687 
16.879999999974, 0.1001009376158486 
16.889999999973977, 0.10039900666787108 
16.899999999973954, 0.10086154843809322 
16.90999999997393, 0.10145010473982508 
16.919999999973907, 0.10208987389700697 
16.929999999973884, 0.10267997832386726 
16.93999999997386, 0.10311787433500959 
16.949999999973837, 0.10332196191769065 
16.959999999973814, 0.10323912984137625 
16.96999999997379, 0.1028398983298859 
16.979999999973767, 0.10211428634252565 
16.989999999973744, 0.1010785045815549 
16.99999999997372, 0.09979039935859461 
17.009999999973697, 0.09835742977175349 
17.019999999973674, 0.09691844436919776 
17.02999999997365, 0.09560174811082105 
17.039999999973627, 0.09448811013111154 
17.049999999973604, 0.0936029057451092 
17.05999999997358, 0.09293309452062254 
17.069999999973557, 0.09244946778008191 
17.079999999973534, 0.09212113046117056 
17.08999999997351, 0.0919201042238691 
17.099999999973488, 0.09181894523605831 
17.109999999973464, 0.09178493369939643 
17.11999999997344, 0.09177420180822005 
17.129999999973418, 0.09172880143230945 
17.139999999973394, 0.09157792529662089 
17.14999999997337, 0.09124124744809185 
17.159999999973348, 0.09063067145147435 
17.169999999973324, 0.08965007063781633 
17.1799999999733, 0.08820058201162752 
17.189999999973278, 0.08620690807818551 
17.199999999973254, 0.08367626537566893 
17.20999999997323, 0.08076713433090534 
17.219999999973208, 0.0777914429314773 
17.229999999973185, 0.07509486762014286 
17.23999999997316, 0.072897509979011 
17.249999999973138, 0.07123776452780854 
17.259999999973115, 0.07003326560698697 
17.26999999997309, 0.06916623684331057 
17.279999999973068, 0.06853255396047729 
17.289999999973045, 0.06805443378767786 
17.29999999997302, 0.06767543271196749 
17.309999999972998, 0.0673504846047053 
17.319999999972975, 0.06703602600443484 
17.32999999997295, 0.06668154756883381 
17.339999999972928, 0.06622257844531011 
17.349999999972905, 0.06557421097344047 
17.35999999997288, 0.06462352889946239 
17.36999999997286, 0.063220593313362 
17.379999999972835, 0.06117468763904649 
17.38999999997281, 0.05827892930015024 
17.39999999997279, 0.0544048632630302 
17.409999999972765, 0.04968150480263066 
17.41999999997274, 0.04462899351621612 
17.42999999997272, 0.03999377971495136 
17.439999999972695, 0.0363206099182111 
17.449999999972672, 0.033710811637922986 
17.45999999997265, 0.031956888069695336 
17.469999999972625, 0.030781277515236467 
17.479999999972602, 0.029962110454254183 
17.48999999997258, 0.029352879511883173 
17.499999999972555, 0.0288623998349793 
17.509999999972532, 0.028431134222075244 
17.51999999997251, 0.028013106724193666 
17.529999999972485, 0.027562838653851292 
17.539999999972462, 0.027025033971875178 
17.54999999997244, 0.026325007380169296 
17.559999999972415, 0.025358028786566456 
17.569999999972392, 0.02397621719777018 
17.57999999997237, 0.021975140354005267 
17.589999999972346, 0.01909465834016958 
17.599999999972322, 0.01507493632540896 
17.6099999999723, 0.00982820481383159 
17.619999999972276, 0.0037025310830643247 
17.629999999972252, -0.002265237925346199 
17.63999999997223, -0.007047532427252862 
17.649999999972206, -0.010442688402158545 
17.659999999972182, -0.012566543244718847 
17.66999999997216, -0.013786307907660411 
17.679999999972136, -0.014445298627912023 
17.689999999972112, -0.014778135127745756 
17.69999999997209, -0.014926211744837506 
17.709999999972066, -0.014972868243825441 
17.719999999972043, -0.01497120808809448 
17.72999999997202, -0.014962472754342485 
17.739999999971996, -0.014988453920818897 
17.749999999971973, -0.015100996788322687 
17.75999999997195, -0.015370515791476575 
17.769999999971926, -0.01589483007651385 
17.779999999971903, -0.01680888710860595 
17.78999999997188, -0.01829255256674837 
17.799999999971856, -0.020563219969209533 
17.809999999971833, -0.023820867451283832 
17.81999999997181, -0.028106300646274958 
17.829999999971786, -0.033108041721801484 
17.839999999971763, -0.03812970768263115 
17.84999999997174, -0.04241293942878958 
17.859999999971716, -0.0455618132288015 
17.869999999971693, -0.04762535803383673 
17.87999999997167, -0.04887376547854101 
17.889999999971646, -0.049584436145977656 
17.899999999971623, -0.049960303949922305 
17.9099999999716, -0.05013047770986838 
17.919999999971576, -0.05017378382836211 
17.929999999971553, -0.05014065853485487 
17.93999999997153, -0.05006899646615144 
17.949999999971507, -0.049995393674910384 
17.959999999971483, -0.049963457080818764 
17.96999999997146, -0.05002994971429862 
17.979999999971437, -0.05026906808219382 
17.989999999971413, -0.0507750640793054 
17.99999999997139, -0.051662132923275185 
18.009999999971367, -0.05305571258287038 
18.019999999971343, -0.05506160506002983 
18.02999999997132, -0.05769908474057961 
18.039999999971297, -0.060815285741406114 
18.049999999971273, -0.0640618462824692 
18.05999999997125, -0.067016023304016 
18.069999999971227, -0.06937917647256985 
18.079999999971204, -0.07107333323079804 
18.08999999997118, -0.07218374838790248 
18.099999999971157, -0.07285172049037508 
18.109999999971134, -0.07320569110051875 
18.11999999997111, -0.07333951241001882 
18.129999999971087, -0.07331533881472277 
18.139999999971064, -0.07317395803068226 
18.14999999997104, -0.07294569372641121 
18.159999999971017, -0.07266017951640855 
18.169999999970994, -0.07235428331312874 
18.17999999997097, -0.07207684921392675 
18.189999999970947, -0.07188894741562721 
18.199999999970924, -0.0718599173964468 
18.2099999999709, -0.07206102554514064 
18.219999999970877, -0.07255723196152473 
18.229999999970854, -0.07339371070871215 
18.23999999997083, -0.0745729737623988 
18.249999999970807, -0.07602789934914189 
18.259999999970784, -0.07761342268325566 
18.26999999997076, -0.07914147785731332 
18.279999999970737, -0.08044832857326624 
18.289999999970714, -0.08144557689463126 
18.29999999997069, -0.0821224094416865 
18.309999999970668, -0.08251405553615074 
18.319999999970644, -0.08266823239081275 
18.32999999997062, -0.08262544711195882 
18.339999999970598, -0.08241266010062971 
18.349999999970574, -0.08204522558643308 
18.35999999997055, -0.08153371686061642 
18.369999999970528, -0.0808939677376613 
18.379999999970504, -0.08015787997700621 
18.38999999997048, -0.07937993373683697 
18.399999999970458, -0.0786337868769723 
18.409999999970434, -0.07799862735557751 
18.41999999997041, -0.07754259161689833 
18.429999999970388, -0.07731153992072311 
18.439999999970365, -0.07732441129587166 
18.44999999997034, -0.0775705416967162 
18.459999999970318, -0.07800665131151915 
18.469999999970295, -0.07855831569187625 
18.47999999997027, -0.07913291596418293 
18.489999999970248, -0.07964250977668583 
18.499999999970225, -0.08002405024101486 
18.5099999999702, -0.08024534907117635 
18.519999999970178, -0.08029701122689023 
18.529999999970155, -0.0801788495863858 
18.53999999997013, -0.07988821581277583 
18.549999999970108, -0.07941321461945923 
18.559999999970085, -0.07873161620614282 
18.56999999997006, -0.07781696935891379 
18.57999999997004, -0.07665415906163905 
18.589999999970015, -0.07526300122658668 
18.59999999996999, -0.07371809858957028 
18.60999999996997, -0.07214505962754365 
18.619999999969945, -0.07068543848067103 
18.62999999996992, -0.06945145706071638 
18.6399999999699, -0.06850087150040395 
18.649999999969875, -0.06783960630772198 
18.659999999969852, -0.06743741070982982 
18.66999999996983, -0.06724197945647913 
18.679999999969805, -0.06718842251170144 
18.689999999969782, -0.06720765049270735 
18.69999999996976, -0.06723562464816693 
18.709999999969735, -0.06722088428168836 
18.719999999969712, -0.06712661566196886 
18.72999999996969, -0.06692651519370782 
18.739999999969665, -0.0665967438434846 
18.749999999969642, -0.06610672570031366 
18.75999999996962, -0.06541065666359974 
18.769999999969595, -0.06444196895185213 
18.779999999969572, -0.06311630797000359 
18.78999999996955, -0.06135362699029945 
18.799999999969526, -0.059128086055111016 
18.809999999969502, -0.056529700494561616 
18.81999999996948, -0.05378182143777775 
18.829999999969456, -0.05116854390767528 
18.839999999969432, -0.04891643576734506 
18.84999999996941, -0.04712747451639419 
18.859999999969386, -0.04579332938999963 
18.869999999969362, -0.0448452206987434 
18.87999999996934, -0.044194532384248995 
18.889999999969316, -0.04375340084777076 
18.899999999969292, -0.04344280571012631 
18.90999999996927, -0.04319592691332813 
18.919999999969246, -0.042959338017032014 
18.929999999969223, -0.04269149784442515 
18.9399999999692, -0.04235799926199281 
18.949999999969176, -0.041923974548679736 
18.959999999969153, -0.041344227906109005 
18.96999999996913, -0.040551378620037735 
18.979999999969106, -0.03944348098904611 
18.989999999969083, -0.03787830976410546 
18.99999999996906, -0.03569388002040558 
19.009999999969036, -0.032783620020324686 
19.019999999969013, -0.029221167364986384 
19.02999999996899, -0.025333256427618533 
19.039999999968966, -0.021591073629637435 
19.049999999968943, -0.018378779121340075 
19.05999999996892, -0.01585610392191075 
19.069999999968896, -0.013991734055246998 
19.079999999968873, -0.012664274357315009 
19.08999999996885, -0.011736495138861176 
19.099999999968826, -0.011086769755926732 
19.109999999968803, -0.010616022658130667 
19.11999999996878, -0.010246306908824544 
19.129999999968756, -0.009917513263111615 
19.139999999968733, -0.009583020113224977 
19.14999999996871, -0.009203638526812873 
19.159999999968687, -0.008739431730877151 
19.169999999968663, -0.008139054135511184 
19.17999999996864, -0.007326156880834702 
19.189999999968617, -0.0061839907926659315 
19.199999999968593, -0.0045464602191839 
19.20999999996857, -0.0022201315519717714 
19.219999999968547, 0.0008080972171872191 
19.229999999968523, 0.0042486182868272954 
19.2399999999685, 0.008030111691759058 
19.249999999968477, 0.011605757225052728 
19.259999999968453, 0.014555580792215594 
19.26999999996843, 0.016730682641278728 
19.279999999968407, 0.01819183976082194 
19.289999999968384, 0.019086070287111262 
19.29999999996836, 0.01956641820022634 
19.309999999968337, 0.019762747324678562 
19.319999999968314, 0.019778218311980778 
19.32999999996829, 0.019693053303064655 
19.339999999968267, 0.01956901113422811 
19.349999999968244, 0.019454216991037117 
19.35999999996822, 0.01938938982616325 
19.369999999968197, 0.01941603692432779 
19.379999999968174, 0.019586763969505667 
19.38999999996815, 0.01997740783071795 
19.399999999968127, 0.02069829297658606 
19.409999999968104, 0.021894383322489046 
19.41999999996808, 0.0237114211680806 
19.429999999968057, 0.026205185609874393 
19.439999999968034, 0.029225335893417848 
19.44999999996801, 0.032396755282437635 
19.459999999967987, 0.035280403307155365 
19.469999999967964, 0.037582599525798 
19.47999999996794, 0.03922493107001613 
19.489999999967917, 0.04027608918409605 
19.499999999967894, 0.040859603131158204 
19.50999999996787, 0.04110016756194814 
19.519999999967848, 0.041105949266287294 
19.529999999967824, 0.040966923208711994 
19.5399999999678, 0.04075652198521469 
19.549999999967778, 0.040533171713795745 
19.559999999967754, 0.040342830929096046 
19.56999999996773, 0.040223883702432725 
19.579999999967708, 0.040214358733136044 
19.589999999967684, 0.040360429306601456 
19.59999999996766, 0.040724295464136064 
19.609999999967638, 0.04138717168308466 
19.619999999967614, 0.04243818925376199 
19.62999999996759, 0.043936897624712465 
19.639999999967568, 0.04585063969073424 
19.649999999967545, 0.04800841792209908 
19.65999999996752, 0.050135969089937824 
19.669999999967498, 0.05197041293623187 
19.679999999967475, 0.053359332791485393 
19.68999999996745, 0.05427397421943806 
19.699999999967428, 0.05476340965701498 
19.709999999967405, 0.05490699528544851 
19.71999999996738, 0.054789435951905385 
19.729999999967358, 0.05449316194139109 
19.739999999967335, 0.054095978246240004 
19.74999999996731, 0.05366742243960364 
19.759999999967288, 0.05326440178934588 
19.769999999967265, 0.05292971004237471 
19.77999999996724, 0.05269521793751949 
19.78999999996722, 0.052588356561667014 
19.799999999967195, 0.05263897219928674 
19.80999999996717, 0.052883423210041025 
19.81999999996715, 0.05336223296696263 
19.829999999967125, 0.0541068625151356 
19.8399999999671, 0.055114113157009995 
19.84999999996708, 0.056318416067870046 
19.859999999967055, 0.05758682151816689 
19.869999999967032, 0.058754392394641385 
19.87999999996701, 0.05968091575330135 
19.889999999966985, 0.06028719611805318 
19.899999999966962, 0.060553880853584596 
19.90999999996694, 0.060500781654581316 
19.919999999966915, 0.06016979597256391 
19.929999999966892, 0.059618956904837705 
19.93999999996687, 0.058921447637699485 
19.949999999966845, 0.0581601584578066 
19.959999999966822, 0.05741484267156931 
19.9699999999668, 0.056748283931286315 
19.979999999966775, 0.05620015103608215 
19.989999999966752, 0.05579071253267629 
19.99999999996673, 0.05552973256649633 
20.009999999966706, 0.055424587273854777 
20.019999999966682, 0.05548385678136817 
20.02999999996666, 0.05571463787817964 
20.039999999966636, 0.05611320042738769 
20.049999999966612, 0.05665152929487784 
20.05999999996659, 0.05726750191188277 
20.069999999966566, 0.05786892735262913 
20.079999999966542, 0.05835379447869553 
20.08999999996652, 0.05863484698092042 
20.099999999966496, 0.05865311795941367 
20.109999999966472, 0.05837756016516005 
20.11999999996645, 0.05780074697059091 
20.129999999966426, 0.056941000918406724 
20.139999999966403, 0.05585134404628241 
20.14999999996638, 0.05462384951130532 
20.159999999966356, 0.053375559293019514 
20.169999999966333, 0.052216950501647375 
20.17999999996631, 0.051222884974308124 
20.189999999966286, 0.05042445630857946 
20.199999999966263, 0.04982054017097339 
20.20999999996624, 0.04939528127854331 
20.219999999966216, 0.0491307238486947 
20.229999999966193, 0.049011490500095595 
20.23999999996617, 0.049022629013153185 
20.249999999966146, 0.04914288740827423 
20.259999999966123, 0.04933662439350851 
20.2699999999661, 0.04954899321124268 
20.279999999966076, 0.04970856130464477 
20.289999999966053, 0.04973693030907499 
20.29999999996603, 0.04955938179231867 
20.309999999966006, 0.0491108817280678 
20.319999999965983, 0.048338885586431526 
20.32999999996596, 0.047211213456198074 
20.339999999965936, 0.04573605408407215 
20.349999999965913, 0.04398797617753741 
20.35999999996589, 0.04211472382752734 
20.369999999965867, 0.04030030489457124 
20.379999999965843, 0.03869879068693212 
20.38999999996582, 0.03738842235902538 
20.399999999965797, 0.03637385453147969 
20.409999999965773, 0.03561798874442088 
20.41999999996575, 0.03507276979335004 
20.429999999965727, 0.03469556362266589 
20.439999999965703, 0.03445276362390888 
20.44999999996568, 0.034316044072893695 
20.459999999965657, 0.03425540399979823 
20.469999999965633, 0.03423201851069128 
20.47999999996561, 0.03419372679012021 
20.489999999965587, 0.034075102137721844 
20.499999999965564, 0.03380137524313824 
20.50999999996554, 0.03329301221802965 
20.519999999965517, 0.032469200926257304 
20.529999999965494, 0.03125447648399236 
20.53999999996547, 0.02959849825685148 
20.549999999965447, 0.02751540186748544 
20.559999999965424, 0.025126438580199483 
20.5699999999654, 0.022659130678550417 
20.579999999965377, 0.020370665688264844 
20.589999999965354, 0.018442207483764732 
20.59999999996533, 0.016930930256679515 
20.609999999965307, 0.015799370792410696 
20.619999999965284, 0.014971658240485543 
20.62999999996526, 0.014372932050055267 
20.639999999965237, 0.013944264705913787 
20.649999999965214, 0.013642409269275776 
20.65999999996519, 0.013433229435564006 
20.669999999965167, 0.013283457392137618 
20.679999999965144, 0.013153150721644724 
20.68999999996512, 0.01299067037044648 
20.699999999965097, 0.012731311834057495 
20.709999999965074, 0.012298925027281946 
20.71999999996505, 0.011608487090095614 
20.729999999965028, 0.01056957340401903 
20.739999999965004, 0.009096619356085247 
20.74999999996498, 0.007137137251979647 
20.759999999964958, 0.004722279284628476 
20.769999999964934, 0.002013587860840317 
20.77999999996491, -0.0005994032335037965 
20.789999999964888, -0.002624883588523191 
20.799999999964864, -0.004210693451721094 
20.80999999996484, -0.005326322112007466 
20.819999999964818, -0.0060353511266037505 
20.829999999964794, -0.006430363162557641 
20.83999999996477, -0.00659438888351641 
20.849999999964748, -0.0065895103301914625 
20.859999999964725, -0.006459789656355522 
20.8699999999647, -0.006239235045794422 
20.879999999964678, -0.005960637258964743 
20.889999999964655, -0.005663340532881903 
20.89999999996463, -0.005398342340587044 
20.909999999964608, -0.0052296162846695495 
20.919999999964585, -0.005232221718203249 
20.92999999996456, -0.005489098278501815 
20.939999999964538, -0.006086561221512994 
20.949999999964515, -0.007102958331796562 
20.95999999996449, -0.008580650422432067 
20.969999999964468, -0.01047933656264952 
20.979999999964445, -0.012637507213106955 
20.98999999996442, -0.014794917662497627 
20.9999999999644, -0.016691855874403493 
21.009999999964375, -0.018172949049141057 
21.01999999996435, -0.019212843227969425 
21.02999999996433, -0.01986989820178625 
21.039999999964305, -0.02022796911420404 
21.04999999996428, -0.020362075902968783 
21.05999999996426, -0.020328126667081187 
21.069999999964235, -0.02016557523151635 
21.079999999964212, -0.019904957942108267 
21.08999999996419, -0.019576578947519137 
21.099999999964165, -0.01921831179627496 
21.109999999964142, -0.018880477839321 
21.11999999996412, -0.018626205609158633 
21.129999999964095, -0.01852774044795613 
21.139999999964072, -0.018661160099932562 
21.14999999996405, -0.019100583313637013 
21.159999999964025, -0.019907945747891 
21.169999999964002, -0.02111093312043443 
21.17999999996398, -0.022668502347396362 
21.189999999963955, -0.024444902639038715 
21.199999999963932, -0.026229657736556937 
21.20999999996391, -0.027812399625420405 
21.219999999963886, -0.029060797019589628 
21.229999999963862, -0.029942847687721912 
21.23999999996384, -0.030495211627698592 
21.249999999963816, -0.03077916769932058 
21.259999999963792, -0.03085214340132964 
21.26999999996377, -0.03075755738634489 
21.279999999963746, -0.030525902884454413 
21.289999999963722, -0.030181122463138893 
21.2999999999637, -0.029749082450750843 
21.309999999963676, -0.029265745818877732 
21.319999999963652, -0.02878200195432961 
21.32999999996363, -0.028362480015006887 
21.339999999963606, -0.02807871527989337 
21.349999999963583, -0.028000515151052063 
21.35999999996356, -0.02818872406855432 
21.369999999963536, -0.02868745877146363 
21.379999999963513, -0.029510199348316314 
21.38999999996349, -0.030618919124315847 
21.399999999963466, -0.03190958122691289 
21.409999999963443, -0.033226815486640686 
21.41999999996342, -0.034412841999440356 
21.429999999963396, -0.035359826116181284 
21.439999999963373, -0.036028841864530835 
21.44999999996335, -0.036432689432590065 
21.459999999963326, -0.03660657732440399 
21.469999999963303, -0.03658636667519187 
21.47999999996328, -0.036399047643052754 
21.489999999963256, -0.03606243302640528 
21.499999999963233, -0.035590614471482596 
21.50999999996321, -0.03500287844832091 
21.519999999963186, -0.034333287794310684 
21.529999999963163, -0.033636248671983324 
21.53999999996314, -0.032983399672703424 
21.549999999963116, -0.032451979190448635 
21.559999999963093, -0.032111108715989156 
21.56999999996307, -0.03201258845392111 
21.579999999963047, -0.03218605447538624 
21.589999999963023, -0.03263297320956254 
21.599999999963, -0.03331693309187732 
21.609999999962977, -0.03415747366816375 
21.619999999962953, -0.035040678895478884 
21.62999999996293, -0.035849682729978224 
21.639999999962907, -0.03649805152062105 
21.649999999962883, -0.03694429687539948 
21.65999999996286, -0.037183552092300266 
21.669999999962837, -0.03722908424672799 
21.679999999962813, -0.037096468188702235 
21.68999999996279, -0.036795335103613956 
21.699999999962767, -0.036328462878922795 
21.709999999962744, -0.03569711086965556 
21.71999999996272, -0.03491158931844618 
21.729999999962697, -0.03400403444972089 
21.739999999962674, -0.03303627161647952 
21.74999999996265, -0.03209460877882245 
21.759999999962627, -0.03127108942401367 
21.769999999962604, -0.030642023624841596 
21.77999999996258, -0.030255792857487633 
21.789999999962557, -0.030131241884375583 
21.799999999962534, -0.030259107586814493 
21.80999999996251, -0.03060094362340887 
21.819999999962487, -0.03108862783383583 
21.829999999962464, -0.031632660892458656 
21.83999999996244, -0.03214177585318419 
21.849999999962417, -0.032544413446074144 
21.859999999962394, -0.03279905037381315 
21.86999999996237, -0.03288986329051559 
21.879999999962347, -0.03281450540988644 
21.889999999962324, -0.032572272459475964 
21.8999999999623, -0.032156985483995114 
21.909999999962277, -0.031555916169984356 
21.919999999962254, -0.03075563241437686 
21.92999999996223, -0.029755378144771843 
21.939999999962208, -0.02858502158696567 
21.949999999962184, -0.027317217749777783 
21.95999999996216, -0.02606019872336896 
21.969999999962138, -0.0249293501139586 
21.979999999962114, -0.024014974348716495 
21.98999999996209, -0.02336614070149754 
21.999999999962068, -0.0229929755670031 
22.009999999962044, -0.02287557864493473 
22.01999999996202, -0.022969968703545042 
22.029999999961998, -0.023211517006884445 
22.039999999961974, -0.023522085761904402 
22.04999999996195, -0.02382363744542298 
22.059999999961928, -0.02405287744750027 
22.069999999961905, -0.024168512704804714 
22.07999999996188, -0.02414828636134384 
22.089999999961858, -0.023979795357462343 
22.099999999961835, -0.023650790830840897 
22.10999999996181, -0.0231426614525437 
22.119999999961788, -0.02242925158039939 
22.129999999961765, -0.021483425690120996 
22.13999999996174, -0.02029366316348074 
22.149999999961718, -0.01888799303155118 
22.159999999961695, -0.017351344169884805 
22.16999999996167, -0.015816274393639286 
22.179999999961648, -0.01442367385325714 
22.189999999961625, -0.013278942481403887 
22.1999999999616, -0.012432422515833336 
22.20999999996158, -0.011886345101114216 
22.219999999961555, -0.011610763419798631 
22.22999999996153, -0.011554818072476216 
22.23999999996151, -0.011652574107839878 
22.249999999961485, -0.011829464386006369 
22.25999999996146, -0.01201276066412892 
22.26999999996144, -0.012142653312331643 
22.279999999961415, -0.012177678429552958 
22.289999999961392, -0.012092070300540126 
22.29999999996137, -0.011867844440604429 
22.309999999961345, -0.011486067075041538 
22.319999999961322, -0.01092064540100737 
22.3299999999613, -0.010137232298710238 
22.339999999961275, -0.009100612546907551 
22.349999999961252, -0.0077938856550028605 
22.35999999996123, -0.006246577727814949 
22.369999999961205, -0.004554697607341402 
22.379999999961182, -0.0028683271471737796 
22.38999999996116, -0.0013438586139940467 
22.399999999961135, -0.00009340125049085792 
22.409999999961112, 0.0004373690841601459 
22.41999999996109, 0.000611901605210408 
22.429999999961066, 0.0005055238600072511 
22.439999999961042, 0.0001738558235146976 
22.44999999996102, -0.00004836948112736428 
22.459999999960996, -0.00018404605442859346 
22.469999999960972, -0.0003308568235914025 
22.47999999996095, -0.00042981941738649094 
22.489999999960926, -0.00043933816229391523 
22.499999999960902, -0.0003325451769653421 
22.50999999996088, -0.00008974133313829914 
22.519999999960856, 0.000007648763337039994 
22.529999999960832, 0.00015612743233511713 
22.53999999996081, 0.0005249625586787055 
22.549999999960786, 0.001149134026231544 
22.559999999960763, 0.0020428423247484057 
22.56999999996074, 0.0031711869107933035 
22.579999999960716, 0.004432074430503467 
22.589999999960693, 0.005672291378476844 
22.59999999996067, 0.0067373532812945655 
22.609999999960646, 0.007520393814762749 
22.619999999960623, 0.00797836891624357 
22.6299999999606, 0.00811880381625664 
22.639999999960576, 0.007979789172788226 
22.649999999960553, 0.007617525184411453 
22.65999999996053, 0.007100727533250256 
22.669999999960506, 0.0065048264108793245 
22.679999999960483, 0.005902270899624694 
22.68999999996046, 0.005352270247932619 
22.699999999960436, 0.004895996396888086 
22.709999999960413, 0.004559466307814149 
22.71999999996039, 0.004361315244348947 
22.729999999960366, 0.004321112097774898 
22.739999999960343, 0.004464869277810678 
22.74999999996032, 0.004825018663966882 
22.759999999960296, 0.005431570239023785 
22.769999999960273, 0.006292125308007208 
22.77999999996025, 0.007365763014472533 
22.789999999960227, 0.008548974246600526 
22.799999999960203, 0.009694361493838729 
22.80999999996018, 0.010658158508100344 
22.819999999960157, 0.011343349745531079 
22.829999999960133, 0.011711903428290062 
22.83999999996011, 0.011771699443220242 
22.849999999960087, 0.011559081744996017 
22.859999999960063, 0.01112890238957111 
22.86999999996004, 0.010550135344907598 
22.879999999960017, 0.009899770946605182 
22.889999999959993, 0.009251861802617571 
22.89999999995997, 0.008666108433503697 
22.909999999959947, 0.00818274879723931 
22.919999999959924, 0.007825836500493535 
22.9299999999599, 0.007611494640019518 
22.939999999959877, 0.0075563313818783106 
22.949999999959854, 0.007682566006175071 
22.95999999995983, 0.008017331090555236 
22.969999999959807, 0.008583448566601284 
22.979999999959784, 0.009380467531798877 
22.98999999995976, 0.01036197245946383 
22.999999999959737, 0.011426106189226898 
23.009999999959714, 0.012435694866116825 
23.01999999995969, 0.01326111823853128 
23.029999999959667, 0.013816265908548092 
23.039999999959644, 0.014067166698490442 
23.04999999995962, 0.014020320823980198 
23.059999999959597, 0.013708901085633246 
23.069999999959574, 0.013185934536222407 
23.07999999995955, 0.01252124553532736 
23.089999999959527, 0.01179462029489321 
23.099999999959504, 0.011082837683596157 
23.10999999995948, 0.010446504123520243 
23.119999999959457, 0.00992453001055375 
23.129999999959434, 0.009538076252431386 
23.13999999995941, 0.009299603290054595 
23.149999999959388, 0.00922155816220428 
23.159999999959364, 0.00932117524855159 
23.16999999995934, 0.009619202657944862 
23.179999999959318, 0.010130600989525708 
23.189999999959294, 0.010847125487938026 
23.19999999995927, 0.011718380822955668 
23.209999999959248, 0.012646392576479745 
23.219999999959224, 0.013505806138373998 
23.2299999999592, 0.014181162750707323 
23.239999999959178, 0.014596006872057626 
23.249999999959154, 0.01471887868710085 
23.25999999995913, 0.014553779861432654 
23.269999999959108, 0.014130358987846415 
23.279999999959085, 0.013500337505965751 
23.28999999995906, 0.012735626189064925 
23.299999999959038, 0.011920240321572028 
23.309999999959015, 0.011134647568727993 
23.31999999995899, 0.010440499464737378 
23.329999999958968, 0.009874845487339558 
23.339999999958945, 0.00945514281902034 
23.34999999995892, 0.009189416023066796 
23.359999999958898, 0.009085364221923865 
23.369999999958875, 0.009154915079931226 
23.37999999995885, 0.009412506068713486 
23.389999999958828, 0.00986591313835512 
23.399999999958805, 0.01050046450012122 
23.40999999995878, 0.011263401576925704 
23.41999999995876, 0.01206141675680083 
23.429999999958735, 0.012780026389897592 
23.43999999995871, 0.013315605920017718 
23.44999999995869, 0.013598976478035114 
23.459999999958665, 0.013599781269671093 
23.46999999995864, 0.013319258603146571 
23.47999999995862, 0.012784146153207328 
23.489999999958595, 0.012046034641427339 
23.499999999958572, 0.011180276566625735 
23.50999999995855, 0.010276148021355581 
23.519999999958525, 0.009418129354750312 
23.529999999958502, 0.00866857880742301 
23.53999999995848, 0.008062083315116191 
23.549999999958455, 0.0076119222362467254 
23.559999999958432, 0.00732151802676444 
23.56999999995841, 0.007194000052495113 
23.579999999958385, 0.007236544705022075 
23.589999999958362, 0.0074582950935601754 
23.59999999995834, 0.00786135405899036 
23.609999999958315, 0.008426346963107336 
23.619999999958292, 0.009099254696288906 
23.62999999995827, 0.009790863034130572 
23.639999999958246, 0.010395072132921858 
23.649999999958222, 0.010816845922235974 
23.6599999999582, 0.010991894032297268 
23.669999999958176, 0.01089019472618386 
23.679999999958152, 0.01051080533825548 
23.68999999995813, 0.009878804512576899 
23.699999999958106, 0.009046918101981116 
23.709999999958082, 0.00809468343698527 
23.71999999995806, 0.007116558503481406 
23.729999999958036, 0.006200289952391929 
23.739999999958012, 0.005408082017066227 
23.74999999995799, 0.00477161010180764 
23.759999999957966, 0.004300113878952463 
23.769999999957943, 0.003993038501477813 
23.77999999995792, 0.0038499222671643254 
23.789999999957896, 0.0038744886522874946 
23.799999999957873, 0.004072224164410459 
23.80999999995785, 0.004441423320500201 
23.819999999957826, 0.004959610993948931 
23.829999999957803, 0.005571949317102486 
23.83999999995778, 0.006191852434517965 
23.849999999957756, 0.006718548276965585 
23.859999999957733, 0.007062420873437293 
23.86999999995771, 0.00716228085370519 
23.879999999957686, 0.006988466100703791 
23.889999999957663, 0.006539104188244012 
23.89999999995764, 0.005839110790598633 
23.909999999957616, 0.0049431573081190035 
23.919999999957593, 0.003934516143192312 
23.92999999995757, 0.0029112388884074396 
23.939999999957546, 0.0019624694177014694 
23.949999999957523, 0.0011491072876894403 
23.9599999999575, 0.000499914447665579 
23.969999999957476, 0.000021020282399500244 
23.979999999957453, -1.523995205460135e-8 
23.98999999995743, 5.620073835865223e-7 
23.999999999957407, 0.000033527762068107673 
24.009999999957383, 0.00022398903954876022 
24.01999999995736, 0.000581368876292893 
24.029999999957337, 0.0010813315421103887 
24.039999999957313, 0.001668068839894924 
24.04999999995729, 0.0022556985554502136 
24.059999999957267, 0.002745750466153587 
24.069999999957243, 0.003051391434356847 
24.07999999995722, 0.003113474237184663 
24.089999999957197, 0.002903329460273598 
24.099999999957173, 0.0024196955480460794 
24.10999999995715, 0.0016886473780309403 
24.119999999957127, 0.0007668985508325479 
24.129999999957104, -0.00015181026077579841 
24.13999999995708, -0.0007490193198725267 
24.149999999957057, -0.0012643299897507597 
24.159999999957034, -0.00163911466646146 
24.16999999995701, -0.0018469339542875138 
24.179999999956987, -0.0018832501528172028 
24.189999999956964, -0.0017519221562025873 
24.19999999995694, -0.0014555688590492779 
24.209999999956917, -0.0009922098293324798 
24.219999999956894, -0.00035846403653345564 
24.22999999995687, 0.00021356130752420963 
24.239999999956847, 0.0007167884654146248 
24.249999999956824, 0.0013022055065215923 
24.2599999999568, 0.0018829034033528234 
24.269999999956777, 0.002360743019937291 
24.279999999956754, 0.002650345840575234 
24.28999999995673, 0.002694331642105256 
24.299999999956707, 0.002465554200881243 
24.309999999956684, 0.001964110628064242 
24.31999999995666, 0.001217643324504782 
24.329999999956637, 0.00028468228113506805 
24.339999999956614, -0.0004346770513463978 
24.34999999995659, -0.001031650206750284 
24.359999999956568, -0.001542110007138986 
24.369999999956544, -0.0019093205892575706 
24.37999999995652, -0.0021085010066386493 
24.389999999956498, -0.0021360434230109225 
24.399999999956474, -0.001996050613526803 
24.40999999995645, -0.001691007694649297 
24.419999999956428, -0.0012187894170464437 
24.429999999956404, -0.0005762235503606262 
24.43999999995638, 0.00011561928722456033 
24.449999999956358, 0.0006242459853593748 
24.459999999956334, 0.0012107252970350896 
24.46999999995631, 0.0017870008192881113 
24.479999999956288, 0.0022551291508755944 
24.489999999956265, 0.0025310858396043927 
24.49999999995624, 0.0025592297078858525 
24.509999999956218, 0.0023139869072647304 
24.519999999956195, 0.0017969030948726127 
24.52999999995617, 0.001037251291675439 
24.539999999956148, 0.00009534388425022342 
24.549999999956125, -0.0005475071964878517 
24.5599999999561, -0.0011423761518931104 
24.569999999956078, -0.0016465213364863379 
24.579999999956055, -0.0020051100354209874 
24.58999999995603, -0.002194929491836246 
24.599999999956008, -0.0022131778004659936 
24.609999999955985, -0.0020640922790276374 
24.61999999995596, -0.001749946152920559 
24.62999999995594, -0.0012684236472465418 
24.639999999955915, -0.0006165475634288972 
24.64999999995589, 0.00010116736724383747 
24.65999999995587, 0.0006157367518316991 
24.669999999955845, 0.0012038320387930948 
24.67999999995582, 0.0017762540768611035 
24.6899999999558, 0.002235267826279751 
24.699999999955775, 0.0024982046147073245 
24.709999999955752, 0.00251115703349387 
24.71999999995573, 0.0022501321723123217 
24.729999999955705, 0.001718154007041049 
24.739999999955682, 0.0009461536642553243 
24.74999999995566, -0.0000030657141317941076 
24.759999999955635, -0.0006055730362517513 
24.769999999955612, -0.0011975617726673136 
24.77999999995559, -0.0016948164097248294 
24.789999999955565, -0.0020444091858774502 
24.799999999955542, -0.0022246393313845527 
24.80999999995552, -0.0022334414028528857 
24.819999999955495, -0.00207513332365587 
24.829999999955472, -0.0017517465318460286 
24.83999999995545, -0.0012607692362488752 
24.849999999955426, -0.0005994375013262948 
24.859999999955402, 0.00011518739165588115 
24.86999999995538, 0.0006357369442192291 
24.879999999955356, 0.0012254242969043055 
24.889999999955332, 0.0017939533715229604 
24.89999999995531, 0.0022438553957924595 
24.909999999955286, 0.002493848084862455 
24.919999999955262, 0.0024917570750665496 
24.92999999995524, 0.002215165576976184 
24.939999999955216, 0.001668587406103254 
24.949999999955192, 0.0008846286060580488 
24.95999999995517, -0.000041637259635233656 
24.969999999955146, -0.0006461853796061146 
24.979999999955123, -0.0012348774726482594 
24.9899999999551, -0.0017249582376138988 
24.999999999955076, -0.002065402509114818 
