t, s[1].omega / s[0].omega 
0, -1.569997258824656 
0.009999999999999995, -1.5694359041418304 
0.019999999999999934, -1.5682478522269232 
0.029999999999999874, -1.5672920964463333 
0.04000000000000012, -1.5670983574462118 
0.050000000000000405, -1.565609514712589 
0.06000000000000069, -1.5536724607301002 
0.07000000000000098, -1.5924696703854846 
0.08000000000000126, -1.6005234677670284 
0.09000000000000155, -1.6007413824620933 
0.10000000000000184, -1.600445518856605 
0.11000000000000212, -1.6004770250061904 
0.12000000000000241, -1.600397186463852 
0.130000000000002, -1.5997302332493935 
0.1400000000000009, -1.597491137357229 
0.1499999999999998, -1.5929007337739896 
0.1599999999999987, -1.592469267354523 
0.1699999999999976, -1.592242371795541 
0.1799999999999965, -1.5910797420446068 
0.1899999999999954, -1.5980397889451896 
0.1999999999999943, -1.6027295816373721 
0.2099999999999932, -1.6034192742463003 
0.2199999999999921, -1.6031104241140899 
0.229999999999991, -1.6026639658013626 
0.2399999999999899, -1.6024092655921967 
0.2499999999999888, -1.6019124642155007 
0.2599999999999877, -1.5982992458890342 
0.2699999999999866, -1.5739635556609133 
0.2799999999999855, -1.5682016652438473 
0.2899999999999844, -1.5696110747623724 
0.2999999999999833, -1.5692627974107978 
0.3099999999999822, -1.5696395841345894 
0.3199999999999811, -1.5710814775399862 
0.32999999999998, -1.5715176897253567 
0.3399999999999789, -1.5712580711500415 
0.3499999999999778, -1.5705054385682569 
0.35999999999997667, -1.5696716190934525 
0.36999999999997557, -1.5694368113825699 
0.37999999999997447, -1.5684623969363196 
0.38999999999997337, -1.555208359940959 
0.39999999999997227, -1.5495552025295602 
0.40999999999997117, -1.567515893465606 
0.41999999999997006, -1.5683078116070939 
0.42999999999996896, -1.5679941504160924 
0.43999999999996786, -1.5682067708987752 
0.44999999999996676, -1.5684731923636093 
0.45999999999996566, -1.568269720114224 
0.46999999999996456, -1.5674170392060964 
0.47999999999996346, -1.565575166315878 
0.48999999999996235, -1.564353925468434 
0.49999999999996125, -1.5642215739149694 
0.5099999999999602, -1.5628042120334842 
0.519999999999959, -1.562323864139959 
0.529999999999958, -1.5906168351705907 
0.5399999999999568, -1.595399160433239 
0.5499999999999557, -1.5955143404063532 
0.5599999999999546, -1.5951945367472982 
0.5699999999999535, -1.5950851566132058 
0.5799999999999524, -1.5949118465302232 
0.5899999999999513, -1.5940104192588422 
0.5999999999999502, -1.5903586987199665 
0.6099999999999491, -1.5827234408105042 
0.619999999999948, -1.5827202017607052 
0.6299999999999469, -1.582557899489007 
0.6399999999999458, -1.5818561803535738 
0.6499999999999447, -1.5862596002662244 
0.6599999999999436, -1.5890748778864106 
0.6699999999999425, -1.5895197576471705 
0.6799999999999414, -1.5891659675590584 
0.6899999999999403, -1.5886270757847483 
0.6999999999999392, -1.5883287872100873 
0.7099999999999381, -1.5878521472815748 
0.719999999999937, -1.5839453282444076 
0.7299999999999359, -1.552139229070224 
0.7399999999999348, -1.5475827978567849 
0.7499999999999337, -1.5496398638956657 
0.7599999999999326, -1.5493728181380868 
0.7699999999999315, -1.5495156168658264 
0.7799999999999304, -1.5507498346851314 
0.7899999999999293, -1.5511887357755207 
0.7999999999999282, -1.5509676785544004 
0.8099999999999271, -1.5502410620894478 
0.819999999999926, -1.5493132906126588 
0.8299999999999249, -1.5490404097595682 
0.8399999999999238, -1.5483720724555925 
0.8499999999999227, -1.5402605531567728 
0.8599999999999216, -1.5168406944204669 
0.8699999999999205, -1.5423040203469158 
0.8799999999999194, -1.544014575239333 
0.8899999999999183, -1.5437522535120487 
0.8999999999999172, -1.5438410130483384 
0.9099999999999161, -1.544304104327806 
0.919999999999915, -1.5443148888816807 
0.9299999999999139, -1.543780305490266 
0.9399999999999128, -1.5425402907458319 
0.9499999999999117, -1.54111605687612 
0.9599999999999106, -1.540924200433918 
0.9699999999999095, -1.5401795155190676 
0.9799999999999084, -1.5326334303863487 
0.9899999999999073, -1.5590299149300915 
0.9999999999999062, -1.5765749260105837 
1.0099999999999052, -1.5775926868465997 
1.019999999999904, -1.577307760707518 
1.029999999999903, -1.5772494138200666 
1.039999999999902, -1.5772802784965534 
1.0499999999999008, -1.576928364417754 
1.0599999999998997, -1.5756023579449423 
1.0699999999998986, -1.5720991216111775 
1.0799999999998975, -1.5699010274041652 
1.0899999999998964, -1.5699600429043885 
1.0999999999998953, -1.5690448524115688 
1.1099999999998942, -1.5711635976377991 
1.119999999999893, -1.5821990578040463 
1.129999999999892, -1.5848024547720403 
1.1399999999998909, -1.5848678452111657 
1.1499999999998898, -1.584477958796632 
1.1599999999998887, -1.5841934988782225 
1.1699999999998876, -1.5839723185376424 
1.1799999999998865, -1.582907725745538 
1.1899999999998854, -1.5764907180675711 
1.1999999999998843, -1.5597442882717694 
1.2099999999998832, -1.560727467686882 
1.219999999999882, -1.560812205409697 
1.229999999999881, -1.5602959568918366 
1.2399999999998799, -1.562410682608143 
1.2499999999998788, -1.564207342460415 
1.2599999999998777, -1.5645511358866995 
1.2699999999998766, -1.5641940508086738 
1.2799999999998755, -1.5635299130995615 
1.2899999999998744, -1.5631004563184872 
1.2999999999998733, -1.562772738944767 
1.3099999999998722, -1.5602403735072246 
1.319999999999871, -1.5313811597088942 
1.32999999999987, -1.519100753033309 
1.3399999999998689, -1.5241419255997395 
1.3499999999998678, -1.524146580721132 
1.3599999999998666, -1.5239098967358564 
1.3699999999998655, -1.524927450917694 
1.3799999999998644, -1.525553201796379 
1.3899999999998633, -1.5255062055749713 
1.3999999999998622, -1.524937761091588 
1.4099999999998611, -1.5239863886973135 
1.41999999999986, -1.5234792410785125 
1.429999999999859, -1.5231717842125407 
1.4399999999998578, -1.5205112880200684 
1.4499999999998567, -1.4893983337355023 
1.4599999999998556, -1.4973616012577167 
1.4699999999998545, -1.5041851611079937 
1.4799999999998534, -1.504306057136827 
1.4899999999998523, -1.5040354495291417 
1.4999999999998512, -1.5047547790970988 
1.5099999999998501, -1.5052816058635026 
1.519999999999849, -1.5052272192438874 
1.529999999999848, -1.5046617914159393 
1.5399999999998468, -1.5036491772879865 
1.5499999999998457, -1.5029913510335988 
1.5599999999998446, -1.5027593595284445 
1.5699999999998435, -1.5010071353875698 
1.5799999999998424, -1.4784149461905138 
1.5899999999998413, -1.4730200718726962 
1.5999999999998402, -1.4845039510191167 
1.6099999999998391, -1.484983734758586 
1.619999999999838, -1.4846495248021043 
1.629999999999837, -1.4852352956450356 
1.6399999999998358, -1.4860046511210137 
1.6499999999998347, -1.4861488779451275 
1.6599999999998336, -1.485770590391981 
1.6699999999998325, -1.4849606000094555 
1.6799999999998314, -1.484180495470712 
1.6899999999998303, -1.4839700750700224 
1.6999999999998292, -1.48309193100306 
1.709999999999828, -1.4733570032098018 
1.719999999999827, -1.4303055471214818 
1.729999999999826, -1.441154672929659 
1.7399999999998248, -1.4427511830736282 
1.7499999999998237, -1.4424755064457986 
1.7599999999998226, -1.442659953462949 
1.7699999999998215, -1.444454759947679 
1.7799999999998204, -1.445409198909088 
1.7899999999998193, -1.44551940825279 
1.7999999999998182, -1.4451223641036615 
1.809999999999817, -1.4445577991109804 
1.819999999999816, -1.4442477086661907 
1.8299999999998149, -1.4439541827822766 
1.8399999999998138, -1.4422613434243052 
1.8499999999998127, -1.4326730074293892 
1.8599999999998116, -1.4146687117563543 
1.8699999999998105, -1.4153159759537208 
1.8799999999998094, -1.415488614464535 
1.8899999999998083, -1.4147696908240748 
1.8999999999998072, -1.4172675802588224 
1.909999999999806, -1.4242549727358147 
1.919999999999805, -1.4267788700140325 
1.9299999999998039, -1.4270711730744234 
1.9399999999998028, -1.4267697986147183 
1.9499999999998017, -1.4265608888047772 
1.9599999999998006, -1.426495609585156 
1.9699999999997995, -1.426196550328574 
1.9799999999997984, -1.42506547890543 
1.9899999999997973, -1.4222605970554631 
1.9999999999997962, -1.418802162239694 
2.0099999999998173, -1.4185788546957672 
2.0199999999998384, -1.4182888143378662 
2.0299999999998595, -1.415655249758015 
2.0399999999998806, -1.4223738754248845 
2.0499999999999017, -1.4563903093311437 
2.059999999999923, -1.4612931195056043 
2.069999999999944, -1.4614342471720982 
2.079999999999965, -1.4611761762275626 
2.089999999999986, -1.4614001405682544 
2.100000000000007, -1.4615754763512299 
2.1100000000000283, -1.461347218223282 
2.1200000000000494, -1.4605703069037106 
2.1300000000000705, -1.4591192574947298 
2.1400000000000916, -1.4580408863809313 
2.1500000000001127, -1.4578921573093906 
2.160000000000134, -1.4568552752251065 
2.170000000000155, -1.4443809853815015 
2.180000000000176, -1.4454913550622284 
2.190000000000197, -1.4680930822128384 
2.2000000000002182, -1.4694720280647815 
2.2100000000002393, -1.4692073631545746 
2.2200000000002604, -1.4693659724215817 
2.2300000000002815, -1.4701025611731642 
2.2400000000003026, -1.4703509557996173 
2.2500000000003237, -1.470087168398309 
2.260000000000345, -1.4693582459893826 
2.270000000000366, -1.4683991893637989 
2.280000000000387, -1.468071973594401 
2.290000000000408, -1.467642269951951 
2.3000000000004293, -1.4637300814799978 
2.3100000000004504, -1.4267801500413266 
2.3200000000004715, -1.4207383681448371 
2.3300000000004926, -1.4253736095752338 
2.3400000000005137, -1.425421085516886 
2.3500000000005348, -1.425078521347808 
2.360000000000556, -1.4266778073165693 
2.370000000000577, -1.428319725035722 
2.380000000000598, -1.428850562482535 
2.390000000000619, -1.4286816685850434 
2.4000000000006403, -1.4281974489563947 
2.4100000000006614, -1.4277880901601547 
2.4200000000006825, -1.4276061620012985 
2.4300000000007036, -1.4269378605512955 
2.4400000000007247, -1.4235112773291203 
2.450000000000746, -1.4117889895046498 
2.460000000000767, -1.4055497119888394 
2.470000000000788, -1.406211290789446 
2.480000000000809, -1.405847686395799 
2.49000000000083, -1.4049311818278523 
2.5000000000008513, -1.4145630980300912 
2.5100000000008724, -1.4222987156026714 
2.5200000000008935, -1.4238802881301322 
2.5300000000009146, -1.4238074332186565 
2.5400000000009357, -1.4235429519984852 
2.550000000000957, -1.4235325242621193 
2.560000000000978, -1.4234861952553937 
2.570000000000999, -1.423011381762643 
2.58000000000102, -1.4217116038777964 
2.5900000000010412, -1.4192758471225828 
2.6000000000010624, -1.4178549359008379 
2.6100000000010835, -1.417786357310186 
2.6200000000011046, -1.4168430333302335 
2.6300000000011257, -1.4076881379753126 
2.6400000000011468, -1.4306856793796157 
2.650000000001168, -1.4547348523419912 
2.660000000001189, -1.4563732448819113 
2.67000000000121, -1.4561547006156734 
2.680000000001231, -1.4561827835025372 
2.6900000000012523, -1.4567470340976023 
2.7000000000012734, -1.456942751335406 
2.7100000000012945, -1.456662328452505 
2.7200000000013156, -1.4559001130592684 
2.7300000000013367, -1.4548159767048117 
2.740000000001358, -1.4543974530482178 
2.750000000001379, -1.4540668908019703 
2.7600000000014, -1.451212784843374 
2.770000000001421, -1.420194506014792 
2.780000000001442, -1.407362515009675 
2.7900000000014633, -1.414348818881817 
2.8000000000014844, -1.414620158647194 
2.8100000000015055, -1.414223952974308 
2.8200000000015266, -1.4154390003557942 
2.8300000000015477, -1.4172923153560641 
2.840000000001569, -1.4180145678360185 
2.85000000000159, -1.417959726550591 
2.860000000001611, -1.4175184344220877 
2.870000000001632, -1.4170825634219093 
2.8800000000016532, -1.4168955228597582 
2.8900000000016743, -1.4164405067928643 
2.9000000000016954, -1.4141782472031872 
2.9100000000017165, -1.4058991950695634 
2.9200000000017377, -1.3973090344370829 
2.9300000000017588, -1.397782612789577 
2.94000000000178, -1.3976112260479407 
2.950000000001801, -1.396319069589192 
2.960000000001822, -1.4036728682801585 
2.970000000001843, -1.416488679980642 
2.9800000000018643, -1.4195388833132174 
2.9900000000018854, -1.4197078938230174 
3.0000000000019065, -1.4194271509783745 
3.0100000000019276, -1.4194229262156077 
3.0200000000019487, -1.4194759229153409 
3.03000000000197, -1.419207350327519 
3.040000000001991, -1.418327584773801 
3.050000000002012, -1.4165756458409682 
3.060000000002033, -1.4148678620396626 
3.070000000002054, -1.4147048362758856 
3.0800000000020753, -1.4141642195768085 
3.0900000000020964, -1.4085099688745222 
3.1000000000021175, -1.3920769373131838 
3.1100000000021386, -1.4282949682691035 
3.1200000000021597, -1.4324705807081268 
3.130000000002181, -1.4324591484050144 
3.140000000002202, -1.432255934792502 
3.150000000002223, -1.433116529980882 
3.160000000002244, -1.4337830227450707 
3.1700000000022652, -1.433862048032327 
3.1800000000022863, -1.4334623351947269 
3.1900000000023074, -1.432738904400711 
3.2000000000023285, -1.4321736928154434 
3.2100000000023496, -1.4319714885387311 
3.2200000000023707, -1.4309837553526727 
3.230000000002392, -1.4231863292826579 
3.240000000002413, -1.3920259730774434 
3.250000000002434, -1.3893236322019222 
3.260000000002455, -1.3904153555948482 
3.2700000000024763, -1.3900689176131873 
3.2800000000024974, -1.3900583751324536 
3.2900000000025185, -1.3952228602246315 
3.3000000000025396, -1.3986794689362434 
3.3100000000025607, -1.3995490295858704 
3.3200000000025818, -1.399402226178387 
3.330000000002603, -1.3990915545352218 
3.340000000002624, -1.3989747813015987 
3.350000000002645, -1.3988646055275888 
3.360000000002666, -1.3982794285569238 
3.3700000000026873, -1.3965949558560473 
3.3800000000027084, -1.3933035934969538 
3.3900000000027295, -1.3914429652802047 
3.4000000000027506, -1.3914412681087605 
3.4100000000027717, -1.390680525623571 
3.420000000002793, -1.3840879795066245 
3.430000000002814, -1.4064379666282962 
3.440000000002835, -1.4342080108488167 
3.450000000002856, -1.4365046132340333 
3.460000000002877, -1.4363633065559387 
3.4700000000028983, -1.4362767171138697 
3.4800000000029194, -1.4368353829701546 
3.4900000000029405, -1.4371180118099653 
3.5000000000029616, -1.4369381499388862 
3.5100000000029827, -1.4362984168655482 
3.520000000003004, -1.4352941230994 
3.530000000003025, -1.4347304073936347 
3.540000000003046, -1.4345012261844725 
3.550000000003067, -1.4328821157199472 
3.5600000000030882, -1.415682234336435 
3.5700000000031094, -1.377840273581203 
3.5800000000031305, -1.3851222818735776 
3.5900000000031516, -1.3859136607256006 
3.6000000000031727, -1.3855190328735947 
3.6100000000031938, -1.3861420827782582 
3.620000000003215, -1.3894585720239716 
3.630000000003236, -1.391257065922223 
3.640000000003257, -1.3916476859977696 
3.650000000003278, -1.3913857378907524 
3.6600000000032993, -1.3910346885529192 
3.6700000000033204, -1.3908699279123937 
3.6800000000033415, -1.3906817602649806 
3.6900000000033626, -1.3898311278841307 
3.7000000000033837, -1.387275766494224 
3.710000000003405, -1.3824796816666045 
3.720000000003426, -1.3808704095147073 
3.730000000003447, -1.3809080046724738 
3.740000000003468, -1.3799843014044293 
3.750000000003489, -1.3749715245782506 
3.7600000000035103, -1.407143998506173 
3.7700000000035314, -1.425304980488223 
3.7800000000035525, -1.4268647953709714 
3.7900000000035736, -1.4266739743839012 
3.8000000000035947, -1.4266326091555512 
3.810000000003616, -1.427071264204978 
3.820000000003637, -1.427236989298776 
3.830000000003658, -1.4269639191013868 
3.840000000003679, -1.4262190678422426 
3.8500000000037002, -1.4251046764319377 
3.8600000000037213, -1.4245718267354004 
3.8700000000037424, -1.4243279306397918 
3.8800000000037635, -1.4224689211585415 
3.8900000000037847, -1.4022257561268574 
3.9000000000038058, -1.3676046773600532 
3.910000000003827, -1.375672168099475 
3.920000000003848, -1.376388771001507 
3.930000000003869, -1.3759871436648758 
3.94000000000389, -1.3766863778228327 
3.9500000000039113, -1.37999590076403 
3.9600000000039324, -1.3817897195116065 
3.9700000000039535, -1.3821842661906767 
3.9800000000039746, -1.3819275784136316 
3.9900000000039957, -1.3815878894241624 
4.000000000004016, -1.381435841002455 
4.010000000003993, -1.3812613425553513 
4.02000000000397, -1.3804701543208127 
4.030000000003946, -1.378189027569348 
4.040000000003923, -1.3739699204638178 
4.0500000000039, -1.3723201966453968 
4.0600000000038765, -1.3723422201642645 
4.070000000003853, -1.371462765117824 
4.08000000000383, -1.364956556940879 
4.090000000003807, -1.3939290305963599 
4.100000000003783, -1.4178288246374142 
4.11000000000376, -1.41980291174398 
4.120000000003737, -1.419641573034822 
4.130000000003713, -1.4195830053079783 
4.14000000000369, -1.4201743749259528 
4.150000000003667, -1.4204835527794548 
4.1600000000036434, -1.4203332542701017 
4.17000000000362, -1.4197414595781244 
4.180000000003597, -1.4188233727420185 
4.1900000000035735, -1.4182815392150763 
4.20000000000355, -1.4180605253979643 
4.210000000003527, -1.4166335525489553 
4.220000000003504, -1.4035689845783283 
4.23000000000348, -1.3658508884299994 
4.240000000003457, -1.36876979506629 
4.250000000003434, -1.3696408664605022 
4.26000000000341, -1.3692450439993697 
4.270000000003387, -1.3695998815475674 
4.280000000003364, -1.3744847686428532 
4.2900000000033405, -1.3774949586047214 
4.300000000003317, -1.378247684166843 
4.310000000003294, -1.3780812194996837 
4.320000000003271, -1.3777853020028656 
4.330000000003247, -1.37769270896952 
4.340000000003224, -1.3775974979027015 
4.350000000003201, -1.3770543470673557 
4.360000000003177, -1.3755807202295098 
4.370000000003154, -1.3728560713441484 
4.380000000003131, -1.371148363248587 
4.390000000003107, -1.3711012571120715 
4.400000000003084, -1.3703929403520134 
4.410000000003061, -1.3631356622653683 
4.4200000000030375, -1.3585382594445872 
4.430000000003014, -1.3936113074927947 
4.440000000002991, -1.3970600565157465 
4.450000000002968, -1.3970105854847665 
4.460000000002944, -1.3968277943585556 
4.470000000002921, -1.3978796634442232 
4.480000000002898, -1.39875725652938 
4.490000000002874, -1.3989772512746204 
4.500000000002851, -1.3986896398601978 
4.510000000002828, -1.398113328242063 
4.520000000002804, -1.3976354469752441 
4.530000000002781, -1.3974506344929598 
4.540000000002758, -1.396753279528314 
4.5500000000027345, -1.3929145652272914 
4.560000000002711, -1.3791412953932694 
4.570000000002688, -1.3715306318307876 
4.580000000002665, -1.37232464895855 
4.590000000002641, -1.3720466392072377 
4.600000000002618, -1.370896360366097 
4.610000000002595, -1.3798609483335482 
4.620000000002571, -1.3904850166109293 
4.630000000002548, -1.3929519126274006 
4.640000000002525, -1.3930414846401433 
4.6500000000025015, -1.3927734550799324 
4.660000000002478, -1.3928166337933172 
4.670000000002455, -1.392901499885094 
4.6800000000024315, -1.3926680889267813 
4.690000000002408, -1.3919021634480513 
4.700000000002385, -1.3904629377902793 
4.710000000002362, -1.3890383941862918 
4.720000000002338, -1.388834697424514 
4.730000000002315, -1.3883314319032865 
4.740000000002292, -1.3833627873355285 
4.750000000002268, -1.3440978066755036 
4.760000000002245, -1.3501853136756738 
4.770000000002222, -1.3555954120409384 
4.7800000000021985, -1.3557516316623544 
4.790000000002175, -1.3553373172695657 
4.800000000002152, -1.356938042913581 
4.810000000002129, -1.3596163956885012 
4.820000000002105, -1.360814834209461 
4.830000000002082, -1.360953458717072 
4.840000000002059, -1.3606283064304028 
4.850000000002035, -1.3603319215125957 
4.860000000002012, -1.3602225135001935 
4.870000000001989, -1.359982861242787 
4.880000000001965, -1.3590201650301497 
4.890000000001942, -1.3566161265396495 
4.900000000001919, -1.3529698257724803 
4.9100000000018955, -1.3520444520722006 
4.920000000001872, -1.3519662669164487 
4.930000000001849, -1.3506738440228088 
4.940000000001826, -1.3393509474286824 
4.950000000001802, -1.3652158417590297 
4.960000000001779, -1.38771591365247 
4.970000000001756, -1.3892881045380467 
4.980000000001732, -1.3890704985057243 
4.990000000001709, -1.3891442912882552 
5.000000000001686, -1.3902421373984035 
5.0100000000016625, -1.3909044892631142 
5.020000000001639, -1.3909712607453657 
5.030000000001616, -1.390584310077063 
5.0400000000015925, -1.3899830351900873 
5.050000000001569, -1.3895931356914135 
5.060000000001546, -1.389388031186973 
5.070000000001523, -1.3883708961355223 
5.080000000001499, -1.3831231984765753 
5.090000000001476, -1.3684540352327996 
5.100000000001453, -1.3645492027432573 
5.110000000001429, -1.3650814955735602 
5.120000000001406, -1.364610020666024 
5.130000000001383, -1.363677196352951 
5.1400000000013595, -1.3765432653478784 
5.150000000001336, -1.3862962620372834 
5.160000000001313, -1.3881260245574423 
5.17000000000129, -1.3880761970202504 
5.180000000001266, -1.3878502496169274 
5.190000000001243, -1.3879802817004228 
5.20000000000122, -1.388066800665491 
5.210000000001196, -1.3877942876503098 
5.220000000001173, -1.3870082338800147 
5.23000000000115, -1.3856412037492503 
5.240000000001126, -1.384540540881106 
5.250000000001103, -1.384382258425418 
5.26000000000108, -1.383672183133489 
5.2700000000010565, -1.3764650144692046 
5.280000000001033, -1.331506674548194 
5.29000000000101, -1.3337795208206102 
5.300000000000987, -1.337105536954906 
5.310000000000963, -1.3370891078577705 
5.32000000000094, -1.3366382340046672 
5.330000000000917, -1.339255308083391 
5.340000000000893, -1.343003458421836 
5.35000000000087, -1.3445490326194292 
5.360000000000847, -1.3447266976558685 
5.3700000000008234, -1.3444312900543316 
5.3800000000008, -1.3442403895140862 
5.390000000000777, -1.3442176818019849 
5.4000000000007535, -1.344031182584888 
5.41000000000073, -1.3432943453492063 
5.420000000000707, -1.3417231783347958 
5.430000000000684, -1.3395178588299768 
5.44000000000066, -1.3387819714080875 
5.450000000000637, -1.3386346600985999 
5.460000000000614, -1.3372375182575351 
5.47000000000059, -1.3216903532056172 
5.480000000000567, -1.2847355235538531 
5.490000000000544, -1.2982654159615135 
5.5000000000005205, -1.3001128504383823 
5.510000000000497, -1.2999237435131323 
5.520000000000474, -1.2996332834994615 
5.5300000000004506, -1.3033778982833113 
5.540000000000427, -1.3075462662719974 
5.550000000000404, -1.3091503574462144 
5.560000000000381, -1.3092989619463278 
5.570000000000357, -1.3090230770773632 
5.580000000000334, -1.3089391790776206 
5.590000000000311, -1.3090214869627388 
5.600000000000287, -1.3089241659036726 
5.610000000000264, -1.3084144348947655 
5.620000000000241, -1.3074172513227245 
5.6300000000002175, -1.3060940166681556 
5.640000000000194, -1.3054870516616843 
5.650000000000171, -1.3053161574987802 
5.660000000000148, -1.304206307786534 
5.670000000000124, -1.2959807482844283 
5.680000000000101, -1.2658641566382887 
5.690000000000078, -1.2575831142066054 
5.700000000000054, -1.258860489932568 
5.710000000000031, -1.2587085876095088 
5.720000000000008, -1.2574950072148705 
5.729999999999984, -1.263478272970534 
5.739999999999961, -1.2851291517816215 
5.749999999999938, -1.2923508283136538 
5.7599999999999145, -1.2931848104301584 
5.769999999999891, -1.292973326134219 
5.779999999999868, -1.2930268421909947 
5.789999999999845, -1.2937517161574388 
5.799999999999821, -1.2942680738400696 
5.809999999999798, -1.2943586829925473 
5.819999999999775, -1.2940543812652552 
5.829999999999751, -1.293533674596022 
5.839999999999728, -1.2931368711168976 
5.849999999999705, -1.292995150468868 
5.8599999999996815, -1.2925528648961584 
5.869999999999658, -1.290879856450375 
5.879999999999635, -1.2868616197920986 
5.8899999999996115, -1.2821848472312427 
5.899999999999588, -1.2816269746540678 
5.909999999999565, -1.2815350965516135 
5.919999999999542, -1.280130039373407 
5.929999999999518, -1.266810863551698 
5.939999999999495, -1.2691827033806726 
5.949999999999472, -1.2938894714387053 
5.959999999999448, -1.2961373073129399 
5.969999999999425, -1.2960070185984671 
5.979999999999402, -1.295781282787055 
5.9899999999993785, -1.2982595618361705 
5.999999999999355, -1.3010623660434832 
6.009999999999332, -1.3022723841917576 
6.019999999999309, -1.3023869360577562 
6.029999999999285, -1.3020937344711807 
6.039999999999262, -1.301927115966157 
6.049999999999239, -1.301936560591643 
6.059999999999215, -1.3018015400482241 
6.069999999999192, -1.3012140535511834 
6.079999999999169, -1.3000354580619067 
6.089999999999145, -1.2984051024253969 
6.099999999999122, -1.2976207618499347 
6.109999999999099, -1.2974821804285661 
6.1199999999990755, -1.2965341592064177 
6.129999999999052, -1.288687588750234 
6.139999999999029, -1.252821259295866 
6.149999999999006, -1.2412288276446266 
6.159999999998982, -1.2430886709166957 
6.169999999998959, -1.2430666792715819 
6.179999999998936, -1.2420960146184332 
6.189999999998912, -1.2453310073711175 
6.199999999998889, -1.2657048416865662 
6.209999999998866, -1.274735669480356 
6.2199999999988425, -1.2760369828745757 
6.229999999998819, -1.2759009278896098 
6.239999999998796, -1.2758187866187825 
6.2499999999987725, -1.276541981928267 
6.259999999998749, -1.2772132804662042 
6.269999999998726, -1.2774559447699205 
6.279999999998703, -1.2772744081357201 
6.289999999998679, -1.276822030658869 
6.299999999998656, -1.2764177978207794 
6.309999999998633, -1.2762696172789494 
6.319999999998609, -1.276005421073861 
6.329999999998586, -1.27497051529066 
6.339999999998563, -1.2724846979512832 
6.3499999999985395, -1.2688203118192218 
6.359999999998516, -1.2674296121742135 
6.369999999998493, -1.2674059239805124 
6.37999999999847, -1.2666625530788533 
6.389999999998446, -1.2593967456572182 
6.399999999998423, -1.2160103588676339 
6.4099999999984, -1.2151185624000946 
6.419999999998376, -1.2198947967044196 
6.429999999998353, -1.2201636096317945 
6.43999999999833, -1.2195897275551582 
6.449999999998306, -1.2206554436139716 
6.459999999998283, -1.2319935413730774 
6.46999999999826, -1.240066960780785 
6.4799999999982365, -1.242017103270692 
6.489999999998213, -1.2420618461608837 
6.49999999999819, -1.2418434941710013 
6.509999999998167, -1.2422705194674495 
6.519999999998143, -1.2429571769427712 
6.52999999999812, -1.2433292059552536 
6.539999999998097, -1.243302966311735 
6.549999999998073, -1.2429414388001199 
6.55999999999805, -1.2425050075419415 
6.569999999998027, -1.2422839161084407 
6.5799999999980034, -1.2421702568854114 
6.58999999999798, -1.2416641752738011 
6.599999999997957, -1.240308777661757 
6.6099999999979335, -1.237988155942571 
6.61999999999791, -1.2358123403590138 
6.629999999997887, -1.2354694309834326 
6.639999999997864, -1.2352491046477387 
6.64999999999784, -1.233485514823195 
6.659999999997817, -1.2194441667925775 
6.669999999997794, -1.180554650255337 
6.67999999999777, -1.1754840016959962 
6.689999999997747, -1.1766799984106944 
6.699999999997724, -1.176534620015328 
6.7099999999977005, -1.1751116583925474 
6.719999999997677, -1.176520049122502 
6.729999999997654, -1.2165239076787755 
6.7399999999976306, -1.2340427329153143 
6.749999999997607, -1.2358656904463567 
6.759999999997584, -1.2357528135102942 
6.769999999997561, -1.235599023949196 
6.779999999997537, -1.237347084798328 
6.789999999997514, -1.2395337940822975 
6.799999999997491, -1.2406892172043762 
6.809999999997467, -1.240896160571445 
6.819999999997444, -1.240642141471837 
6.829999999997421, -1.2404595934520382 
6.8399999999973975, -1.240515895175952 
6.849999999997374, -1.2405291752943006 
6.859999999997351, -1.2402351895795176 
6.869999999997328, -1.23956552143516 
6.879999999997304, -1.2385858432140968 
6.889999999997281, -1.237752360962733 
6.899999999997258, -1.2375476754164516 
6.909999999997234, -1.2371998070608576 
6.919999999997211, -1.235388828522154 
6.929999999997188, -1.2289338556967744 
6.939999999997164, -1.218648137847685 
6.949999999997141, -1.216246853006126 
6.959999999997118, -1.2164605251455662 
6.9699999999970945, -1.2159534605576996 
6.979999999997071, -1.2116236154893218 
6.989999999997048, -1.1950735423838486 
6.999999999997025, -1.2286484207314323 
7.009999999997001, -1.2385642553783043 
7.019999999996978, -1.239213378298598 
7.029999999996955, -1.2388480473909504 
7.039999999996931, -1.239277892091109 
7.049999999996908, -1.2442500622125796 
7.059999999996885, -1.248417457546832 
7.0699999999968615, -1.2498856445794595 
7.079999999996838, -1.2499608677671419 
7.089999999996815, -1.249714019610225 
7.0999999999967915, -1.2498057634117912 
7.109999999996768, -1.2500905079611773 
7.119999999996745, -1.2501796266772074 
7.129999999996722, -1.2499490861953304 
7.139999999996698, -1.249407375298184 
7.149999999996675, -1.2487170759272914 
7.159999999996652, -1.2483063029992427 
7.169999999996628, -1.2481574625408103 
7.179999999996605, -1.2475387355157697 
7.189999999996582, -1.245256990350873 
7.1999999999965585, -1.2401854099704794 
7.209999999996535, -1.235409193591655 
7.219999999996512, -1.2350546692802384 
7.229999999996489, -1.2349399113187316 
7.239999999996465, -1.2334536898167887 
7.249999999996442, -1.2185503320139208 
7.259999999996419, -1.1871429399518194 
7.269999999996395, -1.2021777229201955 
7.279999999996372, -1.2048261161845826 
7.289999999996349, -1.2048035019472936 
7.299999999996325, -1.2041186951874845 
7.309999999996302, -1.207475738540986 
7.319999999996279, -1.2194400963581287 
7.3299999999962555, -1.2257362479210172 
7.339999999996232, -1.226981791973796 
7.349999999996209, -1.2268875642556947 
7.359999999996186, -1.2267523370715843 
7.369999999996162, -1.227389427889765 
7.379999999996139, -1.2281424137975208 
7.389999999996116, -1.2285257149040778 
7.399999999996092, -1.228482719692421 
7.409999999996069, -1.2281251587313777 
7.419999999996046, -1.2277649854148094 
7.4299999999960225, -1.2276289414050612 
7.439999999995999, -1.2275202466085393 
7.449999999995976, -1.2270116221922955 
7.4599999999959525, -1.2258454633074267 
7.469999999995929, -1.2240645982535676 
7.479999999995906, -1.222552791242918 
7.489999999995883, -1.2223002625581567 
7.499999999995859, -1.2220134680808625 
7.509999999995836, -1.2200744693069736 
7.519999999995813, -1.2090214011517768 
7.529999999995789, -1.1856789479815728 
7.539999999995766, -1.1810610014577274 
7.549999999995743, -1.1816873858785246 
7.5599999999957195, -1.1814233987579914 
7.569999999995696, -1.1792400528150104 
7.579999999995673, -1.1746841771728176 
7.58999999999565, -1.2205398025023082 
7.599999999995626, -1.2383578498072165 
7.609999999995603, -1.2397985839577408 
7.61999999999558, -1.2396001362199298 
7.629999999995556, -1.2395095655836739 
7.639999999995533, -1.2423774336207178 
7.64999999999551, -1.245616229967249 
7.659999999995486, -1.2471129795029945 
7.669999999995463, -1.2473272911417728 
7.67999999999544, -1.2470766925182775 
7.6899999999954165, -1.2469923865576256 
7.699999999995393, -1.2471581121639734 
7.70999999999537, -1.2472208708079777 
7.719999999995347, -1.2469762722681625 
7.729999999995323, -1.2463955287728372 
7.7399999999953, -1.2455721493759575 
7.749999999995277, -1.2449435494193808 
7.759999999995253, -1.2447794941359078 
7.76999999999523, -1.2443447988539866 
7.779999999995207, -1.2423583849111466 
7.789999999995183, -1.2365989795512422 
7.79999999999516, -1.229072684893549 
7.809999999995137, -1.2278228581592474 
7.8199999999951135, -1.2278981475356496 
7.82999999999509, -1.2271191824239465 
7.839999999995067, -1.2199632363076955 
7.849999999995044, -1.19776451348352 
7.85999999999502, -1.2246004846545329 
7.869999999994997, -1.230482260057214 
7.879999999994974, -1.2307755305627412 
7.88999999999495, -1.2302983596199137 
7.899999999994927, -1.2315215256243648 
7.909999999994904, -1.2382439452109688 
7.9199999999948805, -1.2428719561506043 
7.929999999994857, -1.2441994021509095 
7.939999999994834, -1.24418550046631 
7.9499999999948106, -1.243969586102963 
7.959999999994787, -1.244214353288178 
7.969999999994764, -1.2446000658295424 
7.979999999994741, -1.2447380481913681 
7.989999999994717, -1.2445456919995157 
7.999999999994694, -1.244056928933125 
8.00999999999467, -1.2434857155577708 
8.019999999994647, -1.2431922796988535 
8.029999999994624, -1.243039003981398 
8.0399999999946, -1.2423694635468079 
8.049999999994577, -1.240336177481428 
8.059999999994554, -1.2365435166242815 
8.06999999999453, -1.233401333493965 
8.079999999994508, -1.2331723551601927 
8.089999999994484, -1.2329539775567064 
8.099999999994461, -1.2309477823973685 
8.109999999994438, -1.2114252692525167 
8.119999999994414, -1.1651974773062135 
8.129999999994391, -1.168492443547794 
8.139999999994368, -1.1701354931279568 
8.149999999994344, -1.1700127949992907 
8.159999999994321, -1.168918607064554 
8.169999999994298, -1.1730510073824627 
8.179999999994275, -1.200613206645966 
8.189999999994251, -1.2132780996495007 
8.199999999994228, -1.214981048268895 
8.209999999994205, -1.2148927293074023 
8.219999999994181, -1.2147388369435372 
8.229999999994158, -1.2160877677133128 
8.239999999994135, -1.2178845942543994 
8.249999999994111, -1.218922650582712 
8.259999999994088, -1.2191487481587253 
8.269999999994065, -1.2189094656399233 
8.279999999994041, -1.2186960384563799 
8.289999999994018, -1.218733853340956 
8.299999999993995, -1.218777303577044 
8.309999999993972, -1.2185506970346034 
8.319999999993948, -1.2179757404799068 
8.329999999993925, -1.217106434771732 
8.339999999993902, -1.216272087693058 
8.349999999993878, -1.2160038680276077 
8.359999999993855, -1.2157667310566673 
8.369999999993832, -1.214595171535905 
8.379999999993808, -1.2106572541459735 
8.389999999993785, -1.2035792007756132 
8.399999999993762, -1.1999603945868584 
8.409999999993738, -1.2000297580407515 
8.419999999993715, -1.1997418080022046 
8.429999999993692, -1.1971467191816674 
8.439999999993669, -1.1729888239795412 
8.449999999993645, -1.1391623907913575 
8.459999999993622, -1.1474675616882721 
8.469999999993599, -1.149013146070995 
8.479999999993575, -1.1488632116417927 
8.489999999993552, -1.1477739024523526 
8.499999999993529, -1.1524117758195658 
8.509999999993505, -1.180674067457591 
8.519999999993482, -1.1938201231078227 
8.529999999993459, -1.1956006647981814 
8.539999999993436, -1.1955258854680169 
8.549999999993412, -1.1953393720377012 
8.559999999993389, -1.1968557498997352 
8.569999999993366, -1.199133687710901 
8.579999999993342, -1.200525326438117 
8.589999999993319, -1.2009029100456468 
8.599999999993296, -1.2007128693363063 
8.609999999993272, -1.2005225481594342 
8.619999999993249, -1.2006445645608161 
8.629999999993226, -1.200805359106877 
8.639999999993202, -1.2007384954918623 
8.64999999999318, -1.2003754365248323 
8.659999999993156, -1.199758617968921 
8.669999999993133, -1.1991184985295513 
8.67999999999311, -1.1988413656713393 
8.689999999993086, -1.1986792719620523 
8.699999999993063, -1.1979674821989041 
8.70999999999304, -1.195964576235484 
8.719999999993016, -1.1925594376725275 
8.729999999992993, -1.1897586009098635 
8.73999999999297, -1.1894420941185229 
8.749999999992946, -1.1892576084746795 
8.759999999992923, -1.1876933921566781 
8.7699999999929, -1.1756398253146019 
8.779999999992876, -1.1385407681821056 
8.789999999992853, -1.1286794431218619 
8.79999999999283, -1.1298698293733143 
8.809999999992806, -1.1298564782178586 
8.819999999992783, -1.1287000296556795 
8.82999999999276, -1.1222109499793658 
8.839999999992736, -1.1430298555600082 
8.849999999992713, -1.1788790562688591 
8.85999999999269, -1.1833538961336536 
8.869999999992666, -1.18353451285393 
8.879999999992643, -1.183052027497018 
8.88999999999262, -1.1845568075009794 
8.899999999992596, -1.1921713004988723 
8.909999999992573, -1.1977385233180957 
8.91999999999255, -1.1993807566333379 
8.929999999992527, -1.1994326981283274 
8.939999999992503, -1.199213289722713 
8.94999999999248, -1.1995968819422507 
8.959999999992457, -1.200339439308935 
8.969999999992433, -1.2008270949244748 
8.97999999999241, -1.2009235788917996 
8.989999999992387, -1.2006578159961787 
8.999999999992363, -1.2002821954480372 
9.00999999999234, -1.200094557306365 
9.019999999992317, -1.2000544848975274 
9.029999999992294, -1.1997966854616615 
9.03999999999227, -1.1990664186294488 
9.049999999992247, -1.1978620717373478 
9.059999999992224, -1.1964734575410225 
9.0699999999922, -1.195851023247778 
9.079999999992177, -1.1957165338008524 
9.089999999992154, -1.1950064297193326 
9.09999999999213, -1.1915309094252429 
9.109999999992107, -1.1818185918912623 
9.119999999992084, -1.1726979787253569 
9.12999999999206, -1.1721256877519628 
9.139999999992037, -1.1721779397465963 
9.149999999992014, -1.1712982052974252 
9.15999999999199, -1.163265558179929 
9.169999999991967, -1.1257710636235092 
9.179999999991944, -1.1300340756557847 
9.18999999999192, -1.1353981331713803 
9.199999999991897, -1.1358287009547892 
9.209999999991874, -1.1353231999808213 
9.21999999999185, -1.1343217627980478 
9.229999999991827, -1.1508523686851206 
9.239999999991804, -1.1768210106868446 
9.24999999999178, -1.1832082214729522 
9.259999999991757, -1.1837916942874118 
9.269999999991734, -1.1835252253445507 
9.27999999999171, -1.1838374207950793 
9.289999999991688, -1.1862756890818258 
9.299999999991664, -1.1886104474693973 
9.309999999991641, -1.1897454514732446 
9.319999999991618, -1.1898785552845041 
9.329999999991594, -1.1896330167184723 
9.339999999991571, -1.189604322575821 
9.349999999991548, -1.1898652391315767 
9.359999999991524, -1.1900452553585645 
9.369999999991501, -1.18996280757818 
9.379999999991478, -1.1895950657642196 
9.389999999991455, -1.1890384474278146 
9.399999999991431, -1.188586796997358 
9.409999999991408, -1.188445015434746 
9.419999999991385, -1.1882156434769007 
9.429999999991361, -1.1873653716665589 
9.439999999991338, -1.1855784742275868 
9.449999999991315, -1.183130675228405 
9.459999999991291, -1.1816361516508125 
9.469999999991268, -1.1815021957514746 
9.479999999991245, -1.1811287021642345 
9.489999999991221, -1.1786610723292736 
9.499999999991198, -1.1662286278195493 
9.509999999991175, -1.145047130403119 
9.519999999991152, -1.1413086771413137 
9.529999999991128, -1.1417859473430532 
9.539999999991105, -1.1414980304219287 
9.549999999991082, -1.1390190966552067 
9.559999999991058, -1.121521005363759 
9.569999999991035, -1.1234607350560313 
9.579999999991012, -1.1402435462719067 
9.589999999990988, -1.1422027463322912 
9.599999999990965, -1.1421107704714668 
9.609999999990942, -1.1412740754566248 
9.619999999990918, -1.1451957224153704 
9.629999999990895, -1.1657054357436425 
9.639999999990872, -1.1770021584503823 
9.649999999990849, -1.1789351403897586 
9.659999999990825, -1.1789178293441749 
9.669999999990802, -1.178699576918304 
9.679999999990779, -1.1798821794442507 
9.689999999990755, -1.1819620345688586 
9.699999999990732, -1.1833673685895176 
9.709999999990709, -1.1838347056226797 
9.719999999990685, -1.183689446730767 
9.729999999990662, -1.1834690776834613 
9.739999999990639, -1.1835679445937954 
9.749999999990616, -1.183769602579301 
9.759999999990592, -1.1837827971538624 
9.769999999990569, -1.1835160471161943 
9.779999999990546, -1.1829924525929858 
9.789999999990522, -1.1823955071026908 
9.799999999990499, -1.1820733753725234 
9.809999999990476, -1.181956898281131 
9.819999999990452, -1.1814895873139684 
9.829999999990429, -1.180146287318451 
9.839999999990406, -1.177821373436216 
9.849999999990382, -1.1753715727152505 
9.85999999999036, -1.1746709909324025 
9.869999999990336, -1.1745664060110068 
9.879999999990313, -1.1737126062771608 
9.88999999999029, -1.1683242267325424 
9.899999999990266, -1.149309865347149 
9.909999999990243, -1.1342988127971358 
9.91999999999022, -1.1342254564034386 
9.929999999990196, -1.1343784799968701 
9.939999999990173, -1.1336428638504583 
9.94999999999015, -1.1275465121913475 
9.959999999990126, -1.100970067026847 
9.969999999990103, -1.1131182235424264 
9.97999999999008, -1.1207257129613966 
9.989999999990056, -1.121409949155634 
9.999999999990033, -1.1210309558281621 
10.00999999999001, -1.119876327617961 
10.019999999989986, -1.131723315162933 
10.029999999989963, -1.1606128738266837 
10.03999999998994, -1.1696601219808354 
10.049999999989916, -1.170651722380106 
10.059999999989893, -1.1704512010412293 
10.06999999998987, -1.1704575884416795 
10.079999999989846, -1.1728599639449722 
10.089999999989823, -1.17583098768898 
10.0999999999898, -1.1774801559342432 
10.109999999989776, -1.1778414032264406 
10.119999999989753, -1.1776407890775613 
10.12999999998973, -1.1775533254109447 
10.139999999989707, -1.1778817115652611 
10.149999999989683, -1.178216925281735 
10.15999999998966, -1.1783099193507172 
10.169999999989637, -1.1781056708924598 
10.179999999989613, -1.1776658886398617 
10.18999999998959, -1.177249672871309 
10.199999999989567, -1.1770913611310334 
10.209999999989543, -1.1769791651809376 
10.21999999998952, -1.1764821545413346 
10.229999999989497, -1.175382012906638 
10.239999999989474, -1.1737847972789306 
10.24999999998945, -1.1723500527332686 
10.259999999989427, -1.1720031814592267 
10.269999999989404, -1.171805569243038 
10.27999999998938, -1.1706322808825826 
10.289999999989357, -1.1655269092031035 
10.299999999989334, -1.1545579332974387 
10.30999999998931, -1.1480559735152485 
10.319999999989287, -1.1480611681765134 
10.329999999989264, -1.1479683459663816 
10.33999999998924, -1.1465915798540132 
10.349999999989217, -1.1337067500930498 
10.359999999989194, -1.0843193201241053 
10.36999999998917, -1.0782643233995253 
10.379999999989147, -1.0810541590688656 
10.389999999989124, -1.0812781055543832 
10.3999999999891, -1.0805916729425802 
10.409999999989077, -1.0768898779625784 
10.419999999989054, -1.087000194246151 
10.42999999998903, -1.134224401157049 
10.439999999989007, -1.1440057164156758 
10.449999999988984, -1.1447519963162764 
10.45999999998896, -1.1444234511230844 
10.469999999988937, -1.1442280317735223 
10.479999999988914, -1.1517341001566845 
10.48999999998889, -1.1627361358906991 
10.499999999988868, -1.167140605896912 
10.509999999988844, -1.167798505638966 
10.519999999988821, -1.1676014339436327 
10.529999999988798, -1.167671477815893 
10.539999999988774, -1.1689173153848351 
10.549999999988751, -1.1702535955317028 
10.559999999988728, -1.171025266597319 
10.569999999988704, -1.1711462486575503 
10.579999999988681, -1.170893018692761 
10.589999999988658, -1.170727259545052 
10.599999999988635, -1.1708305660043312 
10.609999999988611, -1.1709359214359913 
10.619999999988588, -1.170807796778835 
10.629999999988565, -1.1704009683276544 
10.639999999988541, -1.1697741224576699 
10.649999999988518, -1.1691768317876072 
10.659999999988495, -1.1689447000256799 
10.669999999988471, -1.1687854949396719 
10.679999999988448, -1.1681124824639215 
10.689999999988425, -1.1664466010953805 
10.699999999988401, -1.1638944319735678 
10.709999999988378, -1.161754088549865 
10.719999999988355, -1.1613892231118734 
10.729999999988332, -1.1612113215297017 
10.739999999988308, -1.1599377457617264 
10.749999999988285, -1.1528175418429971 
10.759999999988262, -1.1343321337630923 
10.769999999988238, -1.124556744397451 
10.779999999988215, -1.1248134289291918 
10.789999999988192, -1.124805267104949 
10.799999999988168, -1.1236992193142585 
10.809999999988145, -1.1138174616342413 
10.819999999988122, -1.0723513488756038 
10.829999999988098, -1.0703150423330052 
10.839999999988075, -1.074487080335936 
10.849999999988052, -1.0748950974966167 
10.859999999988029, -1.0743825102795548 
10.869999999988005, -1.071699488915891 
10.879999999987982, -1.0794514946691691 
10.889999999987959, -1.1297782955079714 
10.899999999987935, -1.1432206164036862 
10.909999999987912, -1.1443558940144163 
10.919999999987889, -1.1441240086801818 
10.929999999987865, -1.1437513691244983 
10.939999999987842, -1.1492212743198014 
10.949999999987819, -1.1593226067606899 
10.959999999987796, -1.1641688663319558 
10.969999999987772, -1.165069147507579 
10.979999999987749, -1.164925782870292 
10.989999999987726, -1.1648660950631147 
10.999999999987702, -1.1658935055080588 
11.009999999987679, -1.1671767000662683 
11.019999999987656, -1.1679842913258514 
11.029999999987632, -1.168174639439477 
11.039999999987609, -1.1679459149070155 
11.049999999987586, -1.1677316391507881 
11.059999999987562, -1.167791671433247 
11.06999999998754, -1.1679061859092217 
11.079999999987516, -1.1678117662212493 
11.089999999987493, -1.1674373943126921 
11.09999999998747, -1.166825356758865 
11.109999999987446, -1.1661855909773484 
11.119999999987423, -1.165886731675904 
11.1299999999874, -1.1657580278526216 
11.139999999987376, -1.1652130225540507 
11.149999999987353, -1.163728407317495 
11.15999999998733, -1.1612887534801295 
11.169999999987306, -1.158909974966867 
11.179999999987283, -1.158312320123204 
11.18999999998726, -1.1581957929937634 
11.199999999987236, -1.1572892479354182 
11.209999999987213, -1.1520170170553525 
11.21999999998719, -1.1356780121792656 
11.229999999987166, -1.1229934394749566 
11.239999999987143, -1.1226961391383596 
11.24999999998712, -1.1228107351082792 
11.259999999987096, -1.1220560277462897 
11.269999999987073, -1.1155311354371948 
11.27999999998705, -1.0761822895591877 
11.289999999987026, -1.0600102885424232 
11.299999999987003, -1.0649729549128277 
11.30999999998698, -1.0656887662064403 
11.319999999986956, -1.0653578568719932 
11.329999999986933, -1.0631901236360537 
11.33999999998691, -1.0598054334590405 
11.349999999986887, -1.10215451891598 
11.359999999986863, -1.1238343905496495 
11.36999999998684, -1.1259732322672853 
11.379999999986817, -1.1259112375712919 
11.389999999986793, -1.1252381519633947 
11.39999999998677, -1.1286330893475514 
11.409999999986747, -1.1443810510864996 
11.419999999986723, -1.1542905167861206 
11.4299999999867, -1.1563481025236726 
11.439999999986677, -1.1563863418237226 
11.449999999986654, -1.1561447938972622 
11.45999999998663, -1.157132541929503 
11.469999999986607, -1.159258127306696 
11.479999999986584, -1.1608566973969023 
11.48999999998656, -1.161493643519305 
11.499999999986537, -1.1614234680832614 
11.509999999986514, -1.1611915060002826 
11.51999999998649, -1.161296819173393 
11.529999999986467, -1.161595708831538 
11.539999999986444, -1.1617528194073719 
11.54999999998642, -1.1616479650048692 
11.559999999986397, -1.16127621024699 
11.569999999986374, -1.160787966021328 
11.57999999998635, -1.160477671101189 
11.589999999986327, -1.1603981923959756 
11.599999999986304, -1.1601514001973499 
11.60999999998628, -1.159393193141096 
11.619999999986257, -1.1580899083853322 
11.629999999986234, -1.156518394696898 
11.63999999998621, -1.1556121370460608 
11.649999999986187, -1.1554767705063353 
11.659999999986164, -1.1550574125274602 
11.66999999998614, -1.1530015567767378 
11.679999999986117, -1.1468385856336925 
11.689999999986094, -1.1384768943412593 
11.69999999998607, -1.1359550506509708 
11.709999999986048, -1.1360640648744398 
11.719999999986024, -1.1356874335904728 
11.729999999986001, -1.1326236778269558 
11.739999999985978, -1.1087258110470815 
11.749999999985954, -1.0649213167122278 
11.759999999985931, -1.061968211072525 
11.769999999985908, -1.0629962307454905 
11.779999999985884, -1.0628889159498973 
11.789999999985861, -1.0614395234023295 
11.799999999985838, -1.0501959467637236 
11.809999999985815, -1.0233625987053847 
11.819999999985791, -1.0322432917666928 
11.829999999985768, -1.0361764328456669 
11.839999999985745, -1.0365278202993427 
11.849999999985721, -1.0359868165252708 
11.859999999985698, -1.0327603531833809 
11.869999999985675, -1.0292070526109351 
11.879999999985651, -1.0668517430287292 
11.889999999985628, -1.0813460857604467 
11.899999999985605, -1.0827664419931595 
11.909999999985581, -1.082604551726919 
11.919999999985558, -1.0815770138363567 
11.929999999985535, -1.0856299796028404 
11.939999999985512, -1.1180036662188761 
11.949999999985488, -1.1363549343058517 
11.959999999985465, -1.1389572394977014 
11.969999999985442, -1.1390005539746326 
11.979999999985418, -1.1386437020675557 
11.989999999985395, -1.1403333467354324 
11.999999999985372, -1.1453954022786734 
12.009999999985348, -1.149219530199092 
12.019999999985325, -1.1505447220319895 
12.029999999985302, -1.1505862213522111 
12.039999999985278, -1.1503713695502165 
12.049999999985255, -1.150746222931683 
12.059999999985232, -1.1515929478558247 
12.069999999985209, -1.1522530729525606 
12.079999999985185, -1.1525170218755154 
12.089999999985162, -1.1523667515443556 
12.099999999985139, -1.1520548461593922 
12.109999999985115, -1.1519352267625642 
12.119999999985092, -1.1520008204853212 
12.129999999985069, -1.151966016508767 
12.139999999985045, -1.1516522157350777 
12.149999999985022, -1.1510668793538679 
12.159999999984999, -1.1503251319352428 
12.169999999984976, -1.1497777713031803 
12.179999999984952, -1.1496303664869887 
12.189999999984929, -1.1493655990225478 
12.199999999984906, -1.148390867577548 
12.209999999984882, -1.1463569459115175 
12.219999999984859, -1.143683590958642 
12.229999999984836, -1.1420659062624219 
12.239999999984812, -1.1419105075109575 
12.249999999984789, -1.1416065398541253 
12.259999999984766, -1.1397217200708536 
12.269999999984742, -1.1313542113585338 
12.27999999998472, -1.1161670811452837 
12.289999999984696, -1.1106607185804116 
12.299999999984673, -1.1109094723124509 
12.30999999998465, -1.1107497022906199 
12.319999999984626, -1.109062878689289 
12.329999999984603, -1.093944894644912 
12.33999999998458, -1.0427194728968283 
12.349999999984556, -1.0322229868217412 
12.359999999984533, -1.0341052293943855 
12.36999999998451, -1.0342956407359636 
12.379999999984486, -1.0335976797370834 
12.389999999984463, -1.0282877013227696 
12.39999999998444, -0.9968968430442909 
12.409999999984416, -0.976303268896336 
12.419999999984393, -0.9807544109245185 
12.42999999998437, -0.9818076540501984 
12.439999999984346, -0.9816772337828192 
12.449999999984323, -0.9801924564905881 
12.4599999999843, -0.9680988288553811 
12.469999999984276, -0.9182234390289739 
12.479999999984253, -0.8954226340610234 
12.48999999998423, -0.8960225246617614 
12.499999999984206, -0.8964428117632104 
12.509999999984183, -0.8961842834964632 
12.51999999998416, -0.8943557869888021 
12.529999999984136, -0.885541236028747 
12.539999999984113, -0.8699286718473177 
12.54999999998409, -0.8610697576661234 
12.559999999984067, -0.8594925948333811 
12.569999999984043, -0.8594841070131717 
12.57999999998402, -0.85927440411348 
12.589999999983997, -0.8583343492167239 
12.599999999983973, -0.8563214226276386 
12.60999999998395, -0.8541476571907345 
12.619999999983927, -0.8525492168256926 
12.629999999983903, -0.8517973201172703 
12.63999999998388, -0.8516585123924694 
12.649999999983857, -0.8515823693119373 
12.659999999983834, -0.8512985521575048 
12.66999999998381, -0.8508574665795142 
12.679999999983787, -0.8503871599557988 
12.689999999983764, -0.8499564465231499 
12.69999999998374, -0.8497419259738461 
12.709999999983717, -0.8498385218805765 
12.719999999983694, -0.8501131589493257 
12.72999999998367, -0.8504272842662347 
12.739999999983647, -0.8506808676749966 
12.749999999983624, -0.8506862265862873 
12.7599999999836, -0.8504936815491212 
12.769999999983577, -0.8505179985664296 
12.779999999983554, -0.851458626561138 
12.78999999998353, -0.8534784527929562 
12.799999999983507, -0.8560756187487735 
12.809999999983484, -0.8579155670077967 
12.81999999998346, -0.8583800363031076 
12.829999999983437, -0.8582185920351972 
12.839999999983414, -0.8579999994100929 
12.84999999998339, -0.8611603516253883 
12.859999999983367, -0.8769874712476903 
12.869999999983344, -0.8972337290689051 
12.87999999998332, -0.9038356084244591 
12.889999999983297, -0.904665754418594 
12.899999999983274, -0.9044530725694446 
12.90999999998325, -0.9033029457528284 
12.919999999983228, -0.9024407317182652 
12.929999999983204, -0.9338336273995101 
12.939999999983181, -0.968266798596295 
12.949999999983158, -0.973847183345704 
12.959999999983134, -0.9743556871970337 
12.969999999983111, -0.9739490814580508 
12.979999999983088, -0.9713788438625466 
12.989999999983064, -0.9588197957591652 
12.999999999983041, -0.955320285374412 
13.009999999983018, -0.9660965296966505 
13.019999999982995, -0.9683955385656924 
13.029999999982971, -0.9685293761164895 
13.039999999982948, -0.9677656165165933 
13.049999999982925, -0.9620837070057127 
13.059999999982901, -0.9260626045193153 
13.069999999982878, -0.8867848369041152 
13.079999999982855, -0.8850469669493672 
13.089999999982831, -0.8858309454964036 
13.099999999982808, -0.8858079546506967 
13.109999999982785, -0.8848828365435046 
13.119999999982761, -0.879778258778007 
13.129999999982738, -0.8663184209171225 
13.139999999982715, -0.8549700241494389 
13.149999999982692, -0.8515071359349151 
13.159999999982668, -0.8512674740755781 
13.169999999982645, -0.8511973681173932 
13.179999999982622, -0.8506642422330455 
13.189999999982598, -0.8492164978553316 
13.199999999982575, -0.8473019967317352 
13.209999999982552, -0.845707209178412 
13.219999999982528, -0.8447380955440225 
13.229999999982505, -0.8444382126348627 
13.239999999982482, -0.844403647818704 
13.249999999982458, -0.8442662819177666 
13.259999999982435, -0.8439652052185269 
13.269999999982412, -0.8436047246276424 
13.279999999982389, -0.8432189442097258 
13.289999999982365, -0.8429423189334334 
13.299999999982342, -0.8429756694158186 
13.309999999982319, -0.843302595021467 
13.319999999982295, -0.8437708741560845 
13.329999999982272, -0.8442615124891273 
13.339999999982249, -0.8445141518468182 
13.349999999982225, -0.8444215401505917 
13.359999999982202, -0.8442640819628862 
13.369999999982179, -0.8448444171914459 
13.379999999982156, -0.8471621521418763 
13.389999999982132, -0.8510526910753055 
13.399999999982109, -0.8547064642455909 
13.409999999982086, -0.8560840446870114 
13.419999999982062, -0.8561754886684021 
13.429999999982039, -0.8558069692475504 
13.439999999982016, -0.856084583008097 
13.449999999981992, -0.8687479381656571 
13.459999999981969, -0.9056129265628952 
13.469999999981946, -0.9238896617885383 
13.479999999981922, -0.9264192813728207 
13.4899999999819, -0.9265286801662006 
13.499999999981876, -0.9258377301226267 
13.509999999981853, -0.9227518979779874 
13.51999999998183, -0.9235433648602968 
13.529999999981806, -0.9519782102502046 
13.539999999981783, -0.9630459762502553 
13.54999999998176, -0.9644579983205995 
13.559999999981736, -0.9643818058674735 
13.569999999981713, -0.9631431914911038 
13.57999999998169, -0.953921519894463 
13.589999999981666, -0.9133217413256293 
13.599999999981643, -0.8935123781118534 
13.60999999998162, -0.8951334890183331 
13.619999999981596, -0.8957236846689963 
13.629999999981573, -0.8955277916915448 
13.63999999998155, -0.8939233688014802 
13.649999999981526, -0.8849268434049785 
13.659999999981503, -0.8653150223662498 
13.66999999998148, -0.8534147613301127 
13.679999999981456, -0.8513211787864501 
13.689999999981433, -0.8513235112691373 
13.69999999998141, -0.8511572562450134 
13.709999999981386, -0.8502951985870592 
13.719999999981363, -0.8482376435363965 
13.72999999998134, -0.8458612524054955 
13.739999999981316, -0.844078420977476 
13.749999999981293, -0.8431909324879483 
13.75999999998127, -0.8430037786142567 
13.769999999981247, -0.8429434396423876 
13.779999999981223, -0.8426956748732605 
13.7899999999812, -0.8422770863586281 
13.799999999981177, -0.8418237990227788 
13.809999999981153, -0.8413933127181463 
13.81999999998113, -0.8411476781030939 
13.829999999981107, -0.8412201928877131 
13.839999999981083, -0.8415147135915652 
13.84999999998106, -0.841885641713172 
13.859999999981037, -0.8422293500870006 
13.869999999981014, -0.842324121777545 
13.87999999998099, -0.8421601268223438 
13.889999999980967, -0.8420965883671795 
13.899999999980944, -0.8429527506770165 
13.90999999998092, -0.8452544448601279 
13.919999999980897, -0.8485628106691033 
13.929999999980874, -0.8511993322291034 
13.93999999998085, -0.8520003552188234 
13.949999999980827, -0.8519298892919304 
13.959999999980804, -0.8515516747504139 
13.96999999998078, -0.853228434558772 
13.979999999980757, -0.8707109415332794 
13.989999999980734, -0.9021702078649064 
13.99999999998071, -0.9134240195692672 
14.009999999980687, -0.91484043694182 
14.019999999980664, -0.9147603810085121 
14.02999999998064, -0.9137680441719038 
14.039999999980617, -0.9100112729959611 
14.049999999980594, -0.9171138630272575 
14.05999999998057, -0.9434612431045174 
14.069999999980547, -0.950539921481403 
14.079999999980524, -0.9513846023242593 
14.0899999999805, -0.9511578625928945 
14.099999999980477, -0.9493025323004326 
14.109999999980454, -0.9346239170017699 
14.11999999998043, -0.8835084994676995 
14.129999999980408, -0.8646197896266735 
14.139999999980384, -0.8651658675815802 
14.149999999980361, -0.8655091469689571 
14.159999999980338, -0.8652318150961092 
14.169999999980314, -0.8634672393875448 
14.179999999980291, -0.856622897932182 
14.189999999980268, -0.8466654968910211 
14.199999999980244, -0.8407813505509457 
14.209999999980221, -0.8393212875416295 
14.219999999980198, -0.8392352159072056 
14.229999999980175, -0.839069612466025 
14.239999999980151, -0.838402602905105 
14.249999999980128, -0.8371730822265663 
14.259999999980105, -0.8359208026437857 
14.269999999980081, -0.8349509150598152 
14.279999999980058, -0.8344189000407236 
14.289999999980035, -0.8343118043678589 
14.299999999980011, -0.8343338105787512 
14.309999999979988, -0.8342759015888895 
14.319999999979965, -0.8341474204306452 
14.329999999979941, -0.833941931245517 
14.339999999979918, -0.8336686078565203 
14.349999999979895, -0.8335660886144529 
14.359999999979872, -0.8339123104329217 
14.369999999979848, -0.8346838022194321 
14.379999999979825, -0.8357209812081933 
14.389999999979802, -0.8366671649578099 
14.399999999979778, -0.8370068412465449 
14.409999999979755, -0.8368831776217553 
14.419999999979732, -0.8367597951918202 
14.429999999979708, -0.8383763034607671 
14.439999999979685, -0.8449476844325837 
14.449999999979662, -0.8553076847121592 
14.459999999979638, -0.8613888024691396 
14.469999999979615, -0.8626028788936703 
14.479999999979592, -0.8625449075777034 
14.489999999979569, -0.8618279491935883 
14.499999999979545, -0.8609719285296569 
14.509999999979522, -0.8825536334833803 
14.519999999979499, -0.9285747364851265 
14.529999999979475, -0.9395866553013072 
14.539999999979452, -0.9407951341457712 
14.549999999979429, -0.9406665347138538 
14.559999999979405, -0.9392830788000501 
14.569999999979382, -0.929039264560447 
14.579999999979359, -0.8854792924981479 
14.589999999979335, -0.8636513600065729 
14.599999999979312, -0.8644367678715221 
14.609999999979289, -0.8649449774070463 
14.619999999979266, -0.8647620189809168 
14.629999999979242, -0.8633386174523356 
14.639999999979219, -0.8568759078478766 
14.649999999979196, -0.8453419385213565 
14.659999999979172, -0.8378017351603005 
14.669999999979149, -0.8357648001869887 
14.679999999979126, -0.8356312567943595 
14.689999999979102, -0.8355094154025385 
14.69999999997908, -0.8349203404030263 
14.709999999979056, -0.8336855254161423 
14.719999999979033, -0.832333348612443 
14.72999999997901, -0.8312601250014209 
14.739999999978986, -0.8306281317626227 
14.749999999978963, -0.8304620027594753 
14.75999999997894, -0.8304798007391285 
14.769999999978916, -0.8304325436428959 
14.779999999978893, -0.8303065535629164 
14.78999999997887, -0.8301150312644263 
14.799999999978846, -0.8298426642457807 
14.809999999978823, -0.8296857347938132 
14.8199999999788, -0.8299482742208378 
14.829999999978776, -0.830667538191779 
14.839999999978753, -0.8316969107514016 
14.84999999997873, -0.8327385995589623 
14.859999999978706, -0.8332147446557562 
14.869999999978683, -0.8331527035817419 
14.87999999997866, -0.8329591067441312 
14.889999999978636, -0.8340160850894677 
14.899999999978613, -0.8399054619261166 
14.90999999997859, -0.8510613966705484 
14.919999999978566, -0.859016126764953 
14.929999999978543, -0.8608581221871423 
14.93999999997852, -0.8609384846723731 
14.949999999978496, -0.860359829672073 
14.959999999978473, -0.8587946632074929 
14.96999999997845, -0.8687518375708191 
14.979999999978427, -0.9108410730754039 
14.989999999978403, -0.9256592032839328 
14.99999999997838, -0.9275260915241768 
15.009999999978357, -0.9275613636346863 
15.019999999978333, -0.9266313791487079 
15.02999999997831, -0.9196497418715012 
15.039999999978287, -0.8792516438529109 
15.049999999978263, -0.839547950945674 
15.05999999997824, -0.8358677664481982 
15.069999999978217, -0.8363077785762334 
15.079999999978194, -0.8362831959328251 
15.08999999997817, -0.8355302409792749 
15.099999999978147, -0.8324883313263883 
15.109999999978124, -0.8269342348554919 
15.1199999999781, -0.822417257318149 
15.129999999978077, -0.8202922498635791 
15.139999999978054, -0.819844262539078 
15.14999999997803, -0.8197832717149043 
15.159999999978007, -0.8195282139663979 
15.169999999977984, -0.8189379385422622 
15.17999999997796, -0.8182384183720418 
15.189999999977937, -0.8176128853442471 
15.199999999977914, -0.8171594697033883 
15.20999999997789, -0.8170160236966216 
15.219999999977867, -0.8171497038070729 
15.229999999977844, -0.8173872093449137 
15.23999999997782, -0.8176467134498843 
15.249999999977797, -0.8178152496625956 
15.259999999977774, -0.8177366268568441 
15.26999999997775, -0.8175519300095401 
15.279999999977727, -0.8178130409076829 
15.289999999977704, -0.8193475646263305 
15.29999999997768, -0.8223497383049995 
15.309999999977657, -0.8259343570990073 
15.319999999977634, -0.8278808935882151 
15.32999999997761, -0.8282159573602056 
15.339999999977588, -0.8279594000733226 
15.349999999977564, -0.8275384596950809 
15.359999999977541, -0.8333438886880685 
15.369999999977518, -0.8715387942463203 
15.379999999977494, -0.9057957983209398 
15.389999999977471, -0.9116139649328492 
15.399999999977448, -0.9121641277688778 
15.409999999977424, -0.9118083213775361 
15.419999999977401, -0.909550727111793 
15.429999999977378, -0.8948887013250105 
15.439999999977355, -0.8578002852883776 
15.449999999977331, -0.8503444143265919 
15.459999999977308, -0.8517464806771068 
15.469999999977285, -0.8520484653109117 
15.479999999977261, -0.8516937388250432 
15.489999999977238, -0.84955414387686 
15.499999999977215, -0.8415880174387228 
15.509999999977191, -0.8310452743389545 
15.519999999977168, -0.8253968401444233 
15.529999999977145, -0.8241272801230994 
15.539999999977121, -0.8240573668200871 
15.549999999977098, -0.8238799577335066 
15.559999999977075, -0.8232186051415692 
15.569999999977052, -0.8220892384052867 
15.579999999977028, -0.8209888701313399 
15.589999999977005, -0.8201469381265505 
15.599999999976982, -0.8196915922607667 
15.609999999976958, -0.8196192887371566 
15.619999999976935, -0.819684617205972 
15.629999999976912, -0.8197099692303216 
15.639999999976888, -0.8196921701592061 
15.649999999976865, -0.8195723809943825 
15.659999999976842, -0.8193428915786818 
15.669999999976818, -0.8192763371276313 
15.679999999976795, -0.8197944279641132 
15.689999999976772, -0.8209994727499452 
15.699999999976749, -0.8227102448077954 
15.709999999976725, -0.82426105758961 
15.719999999976702, -0.8248262428808346 
15.729999999976679, -0.824742388111858 
15.739999999976655, -0.8244796839119135 
15.749999999976632, -0.8261353942966662 
15.759999999976609, -0.8384313142055627 
15.769999999976585, -0.8618384623252857 
15.779999999976562, -0.8728793264989589 
15.789999999976539, -0.8745523093309936 
15.799999999976515, -0.8745490794716055 
15.809999999976492, -0.8737133202303807 
15.819999999976469, -0.8695153070070064 
15.829999999976446, -0.8554068371327604 
15.839999999976422, -0.8462523864865705 
15.849999999976399, -0.8490628093310496 
15.859999999976376, -0.8500782019638572 
15.869999999976352, -0.8500776646845188 
15.879999999976329, -0.8492102324737457 
15.889999999976306, -0.8445265227537151 
15.899999999976282, -0.832380597402837 
15.90999999997626, -0.8220961596566644 
15.919999999976236, -0.818499616272855 
15.929999999976213, -0.818084008018959 
15.93999999997619, -0.8180355915647426 
15.949999999976166, -0.8176685474550665 
15.959999999976143, -0.8167088449294773 
15.96999999997612, -0.815477783617909 
15.979999999976096, -0.8144337415480392 
15.989999999976073, -0.8137246644171912 
15.99999999997605, -0.8134461724708647 
16.009999999976028, -0.8134654644067291 
16.019999999976005, -0.8135225787558994 
16.02999999997598, -0.8135322583305462 
16.039999999975958, -0.8134918834029159 
16.049999999975935, -0.8133194788663709 
16.05999999997591, -0.8131106955866255 
16.069999999975888, -0.813252164832516 
16.079999999975865, -0.8141152623129866 
16.08999999997584, -0.815683648712841 
16.099999999975818, -0.8176356002567485 
16.109999999975795, -0.8189296319171556 
16.11999999997577, -0.8191908736778332 
16.129999999975748, -0.8189740823415815 
16.139999999975725, -0.8188771965797429 
16.1499999999757, -0.823632044883538 
16.15999999997568, -0.8458774813701112 
16.169999999975655, -0.8706920100350798 
16.17999999997563, -0.8769078539720346 
16.18999999997561, -0.8775967600905508 
16.199999999975585, -0.877326803587603 
16.20999999997556, -0.8756430253979359 
16.21999999997554, -0.8657384468246209 
16.229999999975515, -0.8340657892800447 
16.239999999975492, -0.8222703125531675 
16.24999999997547, -0.823492488990018 
16.259999999975445, -0.8239238316738003 
16.269999999975422, -0.8237158348838066 
16.2799999999754, -0.8223145006554159 
16.289999999975375, -0.8171654017134818 
16.299999999975352, -0.8097641235828371 
16.30999999997533, -0.8050021682763661 
16.319999999975305, -0.8033582400927146 
16.329999999975282, -0.8031433231859082 
16.33999999997526, -0.8030578019686362 
16.349999999975235, -0.8026890899389024 
16.359999999975212, -0.8020112229843444 
16.36999999997519, -0.8013121455058333 
16.379999999975166, -0.8007239213442658 
16.389999999975142, -0.8003513022868857 
16.39999999997512, -0.8003053786938887 
16.409999999975096, -0.800508660550738 
16.419999999975072, -0.8008122737476465 
16.42999999997505, -0.8011518279384208 
16.439999999975026, -0.8013385427098522 
16.449999999975002, -0.8012411732726883 
16.45999999997498, -0.8010829399421066 
16.469999999974956, -0.8016249692065045 
16.479999999974932, -0.8041427655705431 
16.48999999997491, -0.8090430363943657 
16.499999999974886, -0.8142079525802735 
16.509999999974863, -0.8162698493654271 
16.51999999997484, -0.8165163888659662 
16.529999999974816, -0.8161508245069792 
16.539999999974793, -0.8151509033696327 
16.54999999997477, -0.8200986252525528 
16.559999999974746, -0.8609481133921648 
16.569999999974723, -0.8857198221395238 
16.5799999999747, -0.8894022036170192 
16.589999999974676, -0.8897686524146615 
16.599999999974653, -0.8893232455097183 
16.60999999997463, -0.8861985016064612 
16.619999999974606, -0.8655929331087007 
16.629999999974583, -0.826828530165953 
16.63999999997456, -0.8140192086174844 
16.649999999974536, -0.8133003824712791 
16.659999999974513, -0.813395254304848 
16.66999999997449, -0.8131125964354251 
16.679999999974466, -0.811898031013499 
16.689999999974443, -0.8093956143753637 
16.69999999997442, -0.8069220027482711 
16.709999999974396, -0.8052703158506669 
16.719999999974373, -0.8045411230938214 
16.72999999997435, -0.8044105660851086 
16.739999999974327, -0.8043677689471479 
16.749999999974303, -0.8041823532255589 
16.75999999997428, -0.8039062471988686 
16.769999999974257, -0.803602723603945 
16.779999999974233, -0.8032863688700266 
16.78999999997421, -0.8031501026688359 
16.799999999974187, -0.8034184885581739 
16.809999999974163, -0.8040811838797526 
16.81999999997414, -0.8050299062263901 
16.829999999974117, -0.8059830437147785 
16.839999999974093, -0.8063880036908108 
16.84999999997407, -0.8062994744564099 
16.859999999974047, -0.8061126065894155 
16.869999999974024, -0.8074515445355915 
16.879999999974, -0.8153177949212597 
16.889999999973977, -0.8309601490920417 
16.899999999973954, -0.8409131778925274 
16.90999999997393, -0.8428597517011167 
16.919999999973907, -0.8429400037511618 
16.929999999973884, -0.8422729927918711 
16.93999999997386, -0.8389130480759261 
16.949999999973837, -0.8230757368835774 
16.959999999973814, -0.7973345615545425 
16.96999999997379, -0.7949509652033093 
16.979999999973767, -0.7958594221450493 
16.989999999973744, -0.7959871325922471 
16.99999999997372, -0.7955083488937398 
17.009999999973697, -0.7933214609475958 
17.019999999973674, -0.7883885778170632 
17.02999999997365, -0.7838201516444044 
17.039999999973627, -0.7813191233614694 
17.049999999973604, -0.7805234498935825 
17.05999999997358, -0.7804238916572491 
17.069999999973557, -0.7803246052326557 
17.079999999973534, -0.7800157248420502 
17.08999999997351, -0.7796025238345744 
17.099999999973488, -0.7792045235255503 
17.109999999973464, -0.7788488707991348 
17.11999999997344, -0.7787043395691725 
17.129999999973418, -0.7789446985226215 
17.139999999973394, -0.779548577017421 
17.14999999997337, -0.7804386190995556 
17.159999999973348, -0.7813649849177887 
17.169999999973324, -0.7817715633497211 
17.1799999999733, -0.7816884224887972 
17.189999999973278, -0.7814793779491123 
17.199999999973254, -0.7827934897565992 
17.20999999997323, -0.7923839508666836 
17.219999999973208, -0.8142095663395826 
17.229999999973185, -0.8276161185865747 
17.23999999997316, -0.8299704489890947 
17.249999999973138, -0.8301124273126438 
17.259999999973115, -0.8294730634669576 
17.26999999997309, -0.8254403596366844 
17.279999999973068, -0.7972670504014621 
17.289999999973045, -0.7469080671872236 
17.29999999997302, -0.7354830605784783 
17.309999999972998, -0.7351674457330406 
17.319999999972975, -0.7352685739260257 
17.32999999997295, -0.7350151011153987 
17.339999999972928, -0.7340558622473601 
17.349999999972905, -0.7324238854799812 
17.35999999997288, -0.7310005280830174 
17.36999999997286, -0.7300538139631549 
17.379999999972835, -0.7295710172609203 
17.38999999997281, -0.7294960228506546 
17.39999999997279, -0.7296407353788686 
17.409999999972765, -0.7298713112916958 
17.41999999997274, -0.7301755793663378 
17.42999999997272, -0.730373382179042 
17.439999999972695, -0.7302990055955013 
17.449999999972672, -0.7301294527002831 
17.45999999997265, -0.7307010298095274 
17.469999999972625, -0.7348669379823173 
17.479999999972602, -0.7467012373940063 
17.48999999997258, -0.7605995436282906 
17.499999999972555, -0.7650601122681544 
17.509999999972532, -0.7656392316714264 
17.51999999997251, -0.7653689317538845 
17.529999999972485, -0.763552885361332 
17.539999999972462, -0.7506501670603081 
17.54999999997244, -0.7129682624274748 
17.559999999972415, -0.6931306044357092 
17.569999999972392, -0.689769008477168 
17.57999999997237, -0.6895701709927987 
17.589999999972346, -0.689531380069372 
17.599999999972322, -0.6892279283668283 
17.6099999999723, -0.6886061325646347 
17.619999999972276, -0.6879807959380604 
17.629999999972252, -0.687500120002276 
17.63999999997223, -0.6871634569952277 
17.649999999972206, -0.6871154192201534 
17.659999999972182, -0.6875375169287935 
17.66999999997216, -0.6885478134495956 
17.679999999972136, -0.6902711847568261 
17.689999999972112, -0.6921240494619967 
17.69999999997209, -0.6928961387270406 
17.709999999972066, -0.6928839809160499 
17.719999999972043, -0.6923787509749174 
17.72999999997202, -0.6908672849166203 
17.739999999971996, -0.6850984518190595 
17.749999999971973, -0.6522135964784262 
17.75999999997195, -0.6385209942832649 
17.769999999971926, -0.6378357150956759 
17.779999999971903, -0.6379543766011635 
17.78999999997188, -0.6378402352284896 
17.799999999971856, -0.6373267894702066 
17.809999999971833, -0.6364917616897071 
17.81999999997181, -0.6357932054039859 
17.829999999971786, -0.6353122078171498 
17.839999999971763, -0.635024661428394 
17.84999999997174, -0.635081794891661 
17.859999999971716, -0.6357229342796271 
17.869999999971693, -0.6372723366056493 
17.87999999997167, -0.6401047608637165 
17.889999999971646, -0.6428896673399529 
17.899999999971623, -0.6438391884755449 
17.9099999999716, -0.6438344636576313 
17.919999999971576, -0.6431337954629861 
17.929999999971553, -0.6388378927163922 
17.93999999997153, -0.6146648836736879 
17.949999999971507, -0.5871195174087739 
17.959999999971483, -0.579097972069818 
17.96999999997146, -0.5775989235408643 
17.979999999971437, -0.5774251425338743 
17.989999999971413, -0.5774081995670988 
17.99999999997139, -0.5773404798935405 
18.009999999971367, -0.5773095004581166 
18.019999999971343, -0.5773719816902865 
18.02999999997132, -0.5773454476177644 
18.039999999971297, -0.5771803045106643 
18.049999999971273, -0.5771803265299812 
18.05999999997125, -0.579676315376676 
18.069999999971227, -0.599914297268469 
18.079999999971204, -0.6511749879577706 
18.08999999997118, -0.6664710357972705 
18.099999999971157, -0.6683086539416091 
18.109999999971134, -0.6685405326576969 
18.11999999997111, -0.6682242179772199 
18.129999999971087, -0.6669051030060925 
18.139999999971064, -0.6644012517346178 
18.14999999997104, -0.6623090900713753 
18.159999999971017, -0.6610868783791121 
18.169999999970994, -0.6605007923292381 
18.17999999997097, -0.6603806105474386 
18.189999999970947, -0.6605399197047306 
18.199999999970924, -0.6608733904976358 
18.2099999999709, -0.6614079413442583 
18.219999999970877, -0.6619216068907859 
18.229999999970854, -0.6620443949406408 
18.23999999997083, -0.6618553227578898 
18.249999999970807, -0.6616904994503653 
18.259999999970784, -0.6650462684026176 
18.26999999997076, -0.6952532281824261 
18.279999999970737, -0.743291288708057 
18.289999999970714, -0.7534972727031097 
18.29999999997069, -0.7548128243696731 
18.309999999970668, -0.754862741670949 
18.319999999970644, -0.7541696629372656 
18.32999999997062, -0.7510018373391341 
18.339999999970598, -0.7443083957841923 
18.349999999970574, -0.7389512781854918 
18.35999999997055, -0.7364284197641484 
18.369999999970528, -0.7357170254294434 
18.379999999970504, -0.735635800496626 
18.38999999997048, -0.735556698209594 
18.399999999970458, -0.7353249351487299 
18.409999999970434, -0.7350512387534558 
18.41999999997041, -0.7347868382111653 
18.429999999970388, -0.7345171314692618 
18.439999999970365, -0.7344381465484042 
18.44999999997034, -0.7349074905769145 
18.459999999970318, -0.7361698128732771 
18.469999999970295, -0.7383258076109525 
18.47999999997027, -0.7406998277396879 
18.489999999970248, -0.741762886596862 
18.499999999970225, -0.7418346842255799 
18.5099999999702, -0.7414221367813827 
18.519999999970178, -0.7405748450263632 
18.529999999970155, -0.7459168711259015 
18.53999999997013, -0.769218841236134 
18.549999999970108, -0.77770389701533 
18.559999999970085, -0.7797899160890915 
18.56999999997006, -0.7801358609748538 
18.57999999997004, -0.7798479930147362 
18.589999999970015, -0.7782249742610031 
18.59999999996999, -0.7732885939077153 
18.60999999996997, -0.7675435060416835 
18.619999999969945, -0.7641310719198168 
18.62999999996992, -0.7628700169528055 
18.6399999999699, -0.7626597781188734 
18.649999999969875, -0.7626042983732071 
18.659999999969852, -0.7623804889816959 
18.66999999996983, -0.7620164093724368 
18.679999999969805, -0.7616581605643117 
18.689999999969782, -0.7613144597817338 
18.69999999996976, -0.7610968944786067 
18.709999999969735, -0.7612474569876344 
18.719999999969712, -0.761875168844948 
18.72999999996969, -0.7629532166964543 
18.739999999969665, -0.7643151790205606 
18.749999999969642, -0.7651987770769663 
18.75999999996962, -0.7653287385362788 
18.769999999969595, -0.7650802697442378 
18.779999999969572, -0.765091980636105 
18.78999999996955, -0.7716054330907149 
18.799999999969526, -0.8045059801992778 
18.809999999969502, -0.8368152927201232 
18.81999999996948, -0.8429809363108884 
18.829999999969456, -0.8436304686833636 
18.839999999969432, -0.8433538856115973 
18.84999999996941, -0.8413642162838794 
18.859999999969386, -0.8266773820792224 
18.869999999969362, -0.7834337082322019 
18.87999999996934, -0.7623829096633401 
18.889999999969316, -0.7600869629532603 
18.899999999969292, -0.7601517994281392 
18.90999999996927, -0.7600475074136607 
18.919999999969246, -0.7594132563703841 
18.929999999969223, -0.7579950609766793 
18.9399999999692, -0.7564711179097076 
18.949999999969176, -0.7553561439748037 
18.959999999969153, -0.7547008339065786 
18.96999999996913, -0.7544981748347972 
18.979999999969106, -0.7545691695887029 
18.989999999969083, -0.7547082134115718 
18.99999999996906, -0.7548771485878019 
19.009999999969036, -0.7550095882405352 
19.019999999969013, -0.7549396001745473 
19.02999999996899, -0.754759767378585 
19.039999999968966, -0.755008069355523 
19.049999999968943, -0.7569922079941362 
19.05999999996892, -0.7620640699283725 
19.069999999968896, -0.7693072588734102 
19.079999999968873, -0.7732773113614324 
19.08999999996885, -0.7740275162401249 
19.099999999968826, -0.7738647758724109 
19.109999999968803, -0.7727739482824872 
19.11999999996878, -0.7665848859567547 
19.129999999968756, -0.7307578631576512 
19.139999999968733, -0.6931514390344647 
19.14999999996871, -0.6883640546895813 
19.159999999968687, -0.6884287014903488 
19.169999999968663, -0.6884529331301943 
19.17999999996864, -0.688104860820179 
19.189999999968617, -0.6871560253826544 
19.199999999968593, -0.6859799382469082 
19.20999999996857, -0.6850983530239916 
19.219999999968547, -0.6845269176472947 
19.229999999968523, -0.6842847858277102 
19.2399999999685, -0.6844075484762685 
19.249999999968477, -0.6848559707514132 
19.259999999968453, -0.685640229631528 
19.26999999996843, -0.6866600704090847 
19.279999999968407, -0.6872700388794101 
19.289999999968384, -0.6872965033188533 
19.29999999996836, -0.686988258614278 
19.309999999968337, -0.6868794802074794 
19.319999999968314, -0.6953867469659119 
19.32999999996829, -0.7385133753744219 
19.339999999968267, -0.7607611610598431 
19.349999999968244, -0.7641311766399689 
19.35999999996822, -0.7646361302372623 
19.369999999968197, -0.7644341599464661 
19.379999999968174, -0.7630985389273087 
19.38999999996815, -0.7585382385017154 
19.399999999968127, -0.7525356846663167 
19.409999999968104, -0.7487895662096835 
19.41999999996808, -0.7472823058803325 
19.429999999968057, -0.7469750797639758 
19.439999999968034, -0.7469351364770784 
19.44999999996801, -0.7467798465167484 
19.459999999967987, -0.746493290878032 
19.469999999967964, -0.7462066553981068 
19.47999999996794, -0.7459130032041125 
19.489999999967917, -0.7456827661498567 
19.499999999967894, -0.7457972108353034 
19.50999999996787, -0.7465184959573907 
19.519999999967848, -0.7479334533201489 
19.529999999967824, -0.7499336373502486 
19.5399999999678, -0.7514552695198284 
19.549999999967778, -0.7518451547978329 
19.559999999967754, -0.751661313064083 
19.56999999996773, -0.7511547149811297 
19.579999999967708, -0.7533206050418007 
19.589999999967684, -0.7844753817507588 
19.59999999996766, -0.8291320410801715 
19.609999999967638, -0.8383410086485645 
19.619999999967614, -0.8394761831842922 
19.62999999996759, -0.8394093540488261 
19.639999999967568, -0.8382838361107927 
19.649999999967545, -0.8312706609728964 
19.65999999996752, -0.8105146777294554 
19.669999999967498, -0.7947530825694333 
19.679999999967475, -0.7907814053330648 
19.68999999996745, -0.7905146490186395 
19.699999999967428, -0.7904702915298866 
19.709999999967405, -0.7900571874325165 
19.71999999996738, -0.7890024349886342 
19.729999999967358, -0.7876989906256046 
19.739999999967335, -0.7866427756708687 
19.74999999996731, -0.7859492519360732 
19.759999999967288, -0.7856828793948182 
19.769999999967265, -0.7857201673918337 
19.77999999996724, -0.7858289383463959 
19.78999999996722, -0.7859324976681845 
19.799999999967195, -0.7860020477745879 
19.80999999996717, -0.7859056346332886 
19.81999999996715, -0.7857118822591049 
19.829999999967125, -0.7858582824690598 
19.8399999999671, -0.7870960616879 
19.84999999996708, -0.7898269864686835 
19.859999999967055, -0.7936040130274425 
19.869999999967032, -0.796127400374473 
19.87999999996701, -0.796712527750574 
19.889999999966985, -0.7965476446594268 
19.899999999966962, -0.795895495380894 
19.90999999996694, -0.7970694329453085 
19.919999999966915, -0.8267382350409785 
19.929999999966892, -0.8705134592055136 
19.93999999996687, -0.8795876757058858 
19.949999999966845, -0.8806498998009579 
19.959999999966822, -0.8805279584975331 
19.9699999999668, -0.8791611798315093 
19.979999999966775, -0.8691815955213041 
19.989999999966752, -0.8329374927567492 
19.99999999996673, -0.8084380903508182 
20.009999999966706, -0.8050729151783841 
20.019999999966682, -0.8051437311931636 
20.02999999996666, -0.8050647275534166 
20.039999999966636, -0.8043969090853166 
20.049999999966612, -0.8025491237533892 
20.05999999996659, -0.8001858574840268 
20.069999999966566, -0.7983761821041989 
20.079999999966542, -0.7973527591999664 
20.08999999996652, -0.797038598427714 
20.099999999966496, -0.7970174224138012 
20.109999999966472, -0.7969442553700679 
20.11999999996645, -0.796765567426201 
20.129999999966426, -0.7965523189328247 
20.139999999966403, -0.7962814345497305 
20.14999999996638, -0.7960545478493971 
20.159999999966356, -0.796171998711715 
20.169999999966333, -0.7968184707840493 
20.17999999996631, -0.7979376312464865 
20.189999999966286, -0.7993338438625673 
20.199999999966263, -0.8002820172775109 
20.20999999996624, -0.8004501130563074 
20.219999999966216, -0.800228982779999 
20.229999999966193, -0.8002867473679093 
20.23999999996617, -0.8052058475423685 
20.249999999966146, -0.8253590021238463 
20.259999999966123, -0.8478146287639953 
20.2699999999661, -0.8536806189037893 
20.279999999966076, -0.8543505069168175 
20.289999999966053, -0.8540819616970461 
20.29999999996603, -0.8523449017025555 
20.309999999966006, -0.8403952305304894 
20.319999999965983, -0.7936139921527705 
20.32999999996596, -0.7699942000628113 
20.339999999965936, -0.7691597646446607 
20.349999999965913, -0.7694703905909425 
20.35999999996589, -0.7693490281728682 
20.369999999965867, -0.7684880878520597 
20.379999999965843, -0.7661219651357447 
20.38999999996582, -0.763269904256228 
20.399999999965797, -0.7612703721618509 
20.409999999965773, -0.7602298589120934 
20.41999999996575, -0.7599290233944772 
20.429999999965727, -0.7599199779418628 
20.439999999965703, -0.7598852622546655 
20.44999999996568, -0.7597885704797899 
20.459999999965657, -0.7596769021807561 
20.469999999965633, -0.7594820900127447 
20.47999999996561, -0.7592824428268911 
20.489999999965587, -0.7594574800436891 
20.499999999965564, -0.7604953815712004 
20.50999999996554, -0.7626267698194062 
20.519999999965517, -0.7655969959392597 
20.529999999965494, -0.7676521869034887 
20.53999999996547, -0.7681366071033555 
20.549999999965447, -0.7679521412617134 
20.559999999965424, -0.7672827654800717 
20.5699999999654, -0.7682050943188254 
20.579999999965377, -0.7942278124664438 
20.589999999965354, -0.8284762272299551 
20.59999999996533, -0.835710263008199 
20.609999999965307, -0.8367296273955289 
20.619999999965284, -0.8366572314438785 
20.62999999996526, -0.8355432187287076 
20.639999999965237, -0.8291667837844968 
20.649999999965214, -0.8127529899583681 
20.65999999996519, -0.8004909918916417 
20.669999999965167, -0.7970038734478431 
20.679999999965144, -0.796702180276722 
20.68999999996512, -0.7966496159824629 
20.699999999965097, -0.7962529283104522 
20.709999999965074, -0.7952809497314902 
20.71999999996505, -0.7941091773003295 
20.729999999965028, -0.7931503108439887 
20.739999999965004, -0.7925132260312808 
20.74999999996498, -0.7922765588929003 
20.759999999964958, -0.792330058107305 
20.769999999964934, -0.7924533033104671 
20.77999999996491, -0.7925739296751897 
20.789999999964888, -0.7926496566262847 
20.799999999964864, -0.792547375084562 
20.80999999996484, -0.7923561775315972 
20.819999999964818, -0.7925396934346097 
20.829999999964794, -0.7938339518755739 
20.83999999996477, -0.796557357089112 
20.849999999964748, -0.8001656436721133 
20.859999999964725, -0.8024416616144888 
20.8699999999647, -0.8029301042201876 
20.879999999964678, -0.8027323889800939 
20.889999999964655, -0.8021186957127308 
20.89999999996463, -0.8046372001763121 
20.909999999964608, -0.8398254828163016 
20.919999999964585, -0.8838315857398269 
20.92999999996456, -0.8921106548037883 
20.939999999964538, -0.8930040693005832 
20.949999999964515, -0.8928091095726347 
20.95999999996449, -0.8911478974980594 
20.969999999964468, -0.878315652224001 
20.979999999964445, -0.8311564969025962 
20.98999999996442, -0.8053504207785003 
20.9999999999644, -0.8033432700545572 
21.009999999964375, -0.8035524897240849 
21.01999999996435, -0.8034265933286174 
21.02999999996433, -0.8025630461303629 
21.039999999964305, -0.8001568140222372 
21.04999999996428, -0.7971640289920098 
21.05999999996426, -0.7949951359895957 
21.069999999964235, -0.793889555921695 
21.079999999964212, -0.7936047418659339 
21.08999999996419, -0.793573290180526 
21.099999999964165, -0.7934431969035454 
21.109999999964142, -0.7931864443434269 
21.11999999996412, -0.7929024639608101 
21.129999999964095, -0.7925889495849223 
21.139999999964072, -0.7923593867337521 
21.14999999996405, -0.792478550357153 
21.159999999964025, -0.7930588717131214 
21.169999999964002, -0.7940257779351009 
21.17999999996398, -0.795205344953559 
21.189999999963955, -0.795974160119238 
21.199999999963932, -0.7960732507748969 
21.20999999996391, -0.7958463029329339 
21.219999999963886, -0.7960777382440515 
21.229999999963862, -0.8013732507929928 
21.23999999996384, -0.819850353909849 
21.249999999963816, -0.839011742270635 
21.259999999963792, -0.8439691660920536 
21.26999999996377, -0.8445275295969998 
21.279999999963746, -0.8442163392264039 
21.289999999963722, -0.8423077613953058 
21.2999999999637, -0.8291181683262273 
21.309999999963676, -0.7807581262961185 
21.319999999963652, -0.7585783861267212 
21.32999999996363, -0.7577536725357764 
21.339999999963606, -0.7580226632481554 
21.349999999963583, -0.7578910782196991 
21.35999999996356, -0.7570478199551964 
21.369999999963536, -0.7549101152939083 
21.379999999963513, -0.7524919585237313 
21.38999999996349, -0.7508133091223101 
21.399999999963466, -0.7499182611469968 
21.409999999963443, -0.7496520469176539 
21.41999999996342, -0.7496669292884868 
21.429999999963396, -0.749690519317945 
21.439999999963373, -0.7496918615243942 
21.44999999996335, -0.7496777957866335 
21.459999999963326, -0.749539302843756 
21.469999999963303, -0.7493539713297402 
21.47999999996328, -0.7495715898927823 
21.489999999963256, -0.7509977498143772 
21.499999999963233, -0.7542617409090545 
21.50999999996321, -0.7589698945779368 
21.519999999963186, -0.761976362746309 
21.529999999963163, -0.7626347419008598 
21.53999999996314, -0.762473455780184 
21.549999999963116, -0.7615504902053926 
21.559999999963093, -0.7580070999165247 
21.56999999996307, -0.7416795127246584 
21.579999999963047, -0.7162751245263723 
21.589999999963023, -0.7135716590770407 
21.599999999963, -0.7139683335849594 
21.609999999962977, -0.7140085205354887 
21.619999999962953, -0.7135692918062331 
21.62999999996293, -0.7122060792774035 
21.639999999962907, -0.7102990690946883 
21.649999999962883, -0.7088495588416476 
21.65999999996286, -0.707966730501455 
21.669999999962837, -0.7075820780994975 
21.679999999962813, -0.7075790808165039 
21.68999999996279, -0.7077636262756454 
21.699999999962767, -0.7080541906569697 
21.709999999962744, -0.7084305160574863 
21.71999999996272, -0.7086325112746127 
21.729999999962697, -0.7085368510379769 
21.739999999962674, -0.708372830559395 
21.74999999996265, -0.7093268069047522 
21.759999999962627, -0.7166178409154301 
21.769999999962604, -0.7384884810385925 
21.77999999996258, -0.7575954762397659 
21.789999999962557, -0.7615397806496399 
21.799999999962534, -0.7619608609166598 
21.80999999996251, -0.761597927651449 
21.819999999962487, -0.7592433758657061 
21.829999999962464, -0.7462288769881451 
21.83999999996244, -0.7239134249371386 
21.849999999962417, -0.7136106440570871 
21.859999999962394, -0.7114602539521004 
21.86999999996237, -0.7112855048103178 
21.879999999962347, -0.7112197718163885 
21.889999999962324, -0.7109029272268192 
21.8999999999623, -0.7103470879458427 
21.909999999962277, -0.7098251210786712 
21.919999999962254, -0.7094029502206741 
21.92999999996223, -0.7091201616197726 
21.939999999962208, -0.709165050003717 
21.949999999962184, -0.7096973949813582 
21.95999999996216, -0.7107908547805359 
21.969999999962138, -0.712458122771517 
21.979999999962114, -0.7139052434665527 
21.98999999996209, -0.7143456875067017 
21.999999999962068, -0.7141983731442447 
22.009999999962044, -0.7136403950138493 
22.01999999996202, -0.7139067518511956 
22.029999999961998, -0.7301904602809349 
22.039999999961974, -0.7497172840763684 
22.04999999996195, -0.7538848559669236 
22.059999999961928, -0.7549520049254089 
22.069999999961905, -0.7550425413792675 
22.07999999996188, -0.7545084849508079 
22.089999999961858, -0.7522937371302316 
22.099999999961835, -0.7480139123017092 
22.10999999996181, -0.7444655789321063 
22.119999999961788, -0.7425427176132017 
22.129999999961765, -0.7418613410016898 
22.13999999996174, -0.7417656650957345 
22.149999999961718, -0.7417360519066338 
22.159999999961695, -0.7416076764987958 
22.16999999996167, -0.7414530333952781 
22.179999999961648, -0.7412758710999653 
22.189999999961625, -0.741042383797078 
22.1999999999616, -0.7409647123050559 
22.20999999996158, -0.7415137830743378 
22.219999999961555, -0.7431057180531072 
22.22999999996153, -0.7459131620175486 
22.23999999996151, -0.7489769686664618 
22.249999999961485, -0.750295437326546 
22.25999999996146, -0.7504155139969727 
22.26999999996144, -0.7499966550367261 
22.279999999961415, -0.7487554390258341 
22.289999999961392, -0.7490163627600397 
22.29999999996137, -0.750926789251122 
22.309999999961345, -0.7496443703222274 
22.319999999961322, -0.7509011404755218 
22.3299999999613, -0.7512347652442263 
22.339999999961275, -0.7510199168003185 
22.349999999961252, -0.749835530129984 
22.35999999996123, -0.7467622551789539 
22.369999999961205, -0.7434239733140378 
22.379999999961182, -0.7412922634520401 
22.38999999996116, -0.7402960168642266 
22.399999999961135, -0.7400498959016333 
22.409999999961112, -0.7400488097494615 
22.41999999996109, -0.7400105911475403 
22.429999999961066, -0.7399316767440023 
22.439999999961042, -0.7398447083338384 
22.44999999996102, -0.739664944887152 
22.459999999960996, -0.7394856387725965 
22.469999999960972, -0.7397451011124571 
22.47999999996095, -0.74111853855367 
22.489999999960926, -0.7440998679500382 
22.499999999960902, -0.7483087896969951 
22.50999999996088, -0.7509366741956792 
22.519999999960856, -0.7514939684984745 
22.529999999960832, -0.7513011120768485 
22.53999999996081, -0.7503152123735011 
22.549999999960786, -0.7464032960732243 
22.559999999960763, -0.7259907225728559 
22.56999999996074, -0.697816310228743 
22.579999999960716, -0.6946995095026384 
22.589999999960693, -0.6949792609450373 
22.59999999996067, -0.6950067811710645 
22.609999999960646, -0.694598319677039 
22.619999999960623, -0.6934366552567471 
22.6299999999606, -0.691944397568278 
22.639999999960576, -0.6908356885182605 
22.649999999960553, -0.690144837875879 
22.65999999996053, -0.6898474336816083 
22.669999999960506, -0.6899115902926557 
22.679999999960483, -0.6902312826471919 
22.68999999996046, -0.6907741103126773 
22.699999999960436, -0.6914782858205268 
22.709999999960413, -0.6918942739397277 
22.71999999996039, -0.6918642510756061 
22.729999999960366, -0.6916054388225088 
22.739999999960343, -0.692092708263034 
22.74999999996032, -0.7025518462983104 
22.759999999960296, -0.7482751296147758 
22.769999999960273, -0.7789573981207092 
22.77999999996025, -0.7833471692349495 
22.789999999960227, -0.7838367269933972 
22.799999999960203, -0.7835432198912198 
22.80999999996018, -0.7816211098838115 
22.819999999960157, -0.7730914961495731 
22.829999999960133, -0.7601855905904127 
22.83999999996011, -0.7532022113064488 
22.849999999960087, -0.7512997247053761 
22.859999999960063, -0.7510952513114699 
22.86999999996004, -0.7510227732161716 
22.879999999960017, -0.7506960434237613 
22.889999999959993, -0.7501130991296822 
22.89999999995997, -0.7495416951132038 
22.909999999959947, -0.7490669010033595 
22.919999999959924, -0.7487581614908649 
22.9299999999599, -0.748774382890624 
22.939999999959877, -0.7491585763990332 
22.949999999959854, -0.7498534467766594 
22.95999999995983, -0.750792521369999 
22.969999999959807, -0.7515203917098113 
22.979999999959784, -0.7516629435285271 
22.98999999995976, -0.7514569089920877 
22.999999999959737, -0.7514559972442298 
23.009999999959714, -0.7559006403052912 
23.01999999995969, -0.7791335230120039 
23.029999999959667, -0.8103300219199745 
23.039999999959644, -0.8185715147219143 
23.04999999995962, -0.8195382851186938 
23.059999999959597, -0.8193865384643727 
23.069999999959574, -0.8179854675461414 
23.07999999995955, -0.8079089533223125 
23.089999999959527, -0.7714421907268034 
23.099999999959504, -0.7470994534727179 
23.10999999995948, -0.7430023450853201 
23.119999999959457, -0.7428735033517159 
23.129999999959434, -0.742838646603305 
23.13999999995941, -0.7424285299748433 
23.149999999959388, -0.7414272298311376 
23.159999999959364, -0.740261523030194 
23.16999999995934, -0.7393626013709699 
23.179999999959318, -0.738778453439647 
23.189999999959294, -0.7385605331446164 
23.19999999995927, -0.738664874535087 
23.209999999959248, -0.7389469544801832 
23.219999999959224, -0.7393518485535622 
23.2299999999592, -0.7397698062845074 
23.239999999959178, -0.7398953328138222 
23.249999999959154, -0.7397410475201288 
23.25999999995913, -0.7396951584204994 
23.269999999959108, -0.7416093513075849 
23.279999999959085, -0.7506270289006357 
23.28999999995906, -0.7685285515501149 
23.299999999959038, -0.7789591750169915 
23.309999999959015, -0.7807941118816066 
23.31999999995899, -0.7808666470839208 
23.329999999958968, -0.7801279212712365 
23.339999999958945, -0.7752073090930295 
23.34999999995892, -0.7470769943175392 
23.359999999958898, -0.712201168897615 
23.369999999958875, -0.7030095585675009 
23.37999999995885, -0.7021262456787811 
23.389999999958828, -0.7021309885175036 
23.399999999958805, -0.7019592783104985 
23.40999999995878, -0.7013965024082752 
23.41999999995876, -0.7006029882371785 
23.429999999958735, -0.6999436368039097 
23.43999999995871, -0.6994609524608795 
23.44999999995869, -0.6992129337579858 
23.459999999958665, -0.6993317657568051 
23.46999999995864, -0.6998648579549299 
23.47999999995862, -0.7008427651499901 
23.489999999958595, -0.7021929786588156 
23.499999999958572, -0.7031294181196075 
23.50999999995855, -0.7032950717555931 
23.519999999958525, -0.7030319675687349 
23.529999999958502, -0.7025612977722725 
23.53999999995848, -0.7064367274215052 
23.549999999958455, -0.7390501796056506 
23.559999999958432, -0.7626339744552194 
23.56999999995841, -0.7667679575156119 
23.579999999958385, -0.7674845161030321 
23.589999999958362, -0.7673961148176034 
23.59999999995834, -0.7664227705947072 
23.609999999958315, -0.762723051484776 
23.619999999958292, -0.7569204456731167 
23.62999999995827, -0.7528828526625264 
23.639999999958246, -0.7510791708785435 
23.649999999958222, -0.7506394067648352 
23.6599999999582, -0.7505933982796064 
23.669999999958176, -0.750470770053598 
23.679999999958152, -0.750198770169671 
23.68999999995813, -0.7499087217088827 
23.699999999958106, -0.7496155178496795 
23.709999999958082, -0.7493565830287136 
23.71999999995806, -0.7493838296275561 
23.729999999958036, -0.749974567392236 
23.739999999958012, -0.7512212328106325 
23.74999999995799, -0.7530772860410881 
23.759999999957966, -0.7547047104477701 
23.769999999957943, -0.7552281988409554 
23.77999999995792, -0.7551107731699153 
23.789999999957896, -0.7546612285271183 
23.799999999957873, -0.755890131323355 
23.80999999995785, -0.7802634571155659 
23.819999999957826, -0.8314504745449589 
23.829999999957803, -0.8451763217352071 
23.83999999995778, -0.8468198835786643 
23.849999999957756, -0.8468542279789147 
23.859999999957733, -0.8459791871588723 
23.86999999995771, -0.8401330940041017 
23.879999999957686, -0.8168253604956607 
23.889999999957663, -0.7947438532746547 
23.89999999995764, -0.7890112630782413 
23.909999999957616, -0.7886339020385164 
23.919999999957593, -0.7886241419010038 
23.92999999995757, -0.7882603953931047 
23.939999999957546, -0.7871855621365997 
23.949999999957523, -0.785686504706169 
23.9599999999575, -0.7844339380919045 
23.969999999957476, -0.7835982806672802 
23.979999999957453, -0.7832376367733368 
23.98999999995743, -0.7832282986137243 
23.999999999957407, -0.7833072448978313 
24.009999999957383, -0.7833657709161377 
24.01999999995736, -0.7834045532959142 
24.029999999957337, -0.7833133223421287 
24.039999999957313, -0.7831108076199358 
24.04999999995729, -0.7831517664412373 
24.059999999957267, -0.7840941530822757 
24.069999999957243, -0.7863401712645002 
24.07999999995722, -0.7896871765690934 
24.089999999957197, -0.7923482841539311 
24.099999999957173, -0.7931166882788601 
24.10999999995715, -0.7930308368164594 
24.119999999957127, -0.7924827455294094 
24.129999999957104, -0.7928993439000395 
24.13999999995708, -0.8158204050282235 
24.149999999957057, -0.8657093954152226 
24.159999999957034, -0.8789238518957212 
24.16999999995701, -0.8804863757433576 
24.179999999956987, -0.8804819508930805 
24.189999999956964, -0.8794842683035305 
24.19999999995694, -0.8722164898868354 
24.209999999956917, -0.8383548790644505 
24.219999999956894, -0.8075353636012196 
24.22999999995687, -0.8022542411925353 
24.239999999956847, -0.8022480582354384 
24.249999999956824, -0.8022304542372916 
24.2599999999568, -0.801703839431665 
24.269999999956777, -0.800052312560131 
24.279999999956754, -0.797650569077004 
24.28999999995673, -0.7957048587331881 
24.299999999956707, -0.7945384735293909 
24.309999999956684, -0.7941229048106294 
24.31999999995666, -0.7940837103360197 
24.329999999956637, -0.7940355589482766 
24.339999999956614, -0.7938773192223416 
24.34999999995659, -0.7936805739760276 
24.359999999956568, -0.7934278980686696 
24.369999999956544, -0.7931782232367903 
24.37999999995652, -0.7932164132794374 
24.389999999956498, -0.7937926707941229 
24.399999999956474, -0.7948930858139083 
24.40999999995645, -0.796366917720296 
24.419999999956428, -0.7975316618374705 
24.429999999956404, -0.7978410515959018 
24.43999999995638, -0.7976674873204257 
24.449999999956358, -0.7975003623434561 
24.459999999956334, -0.8007779047025662 
24.46999999995631, -0.8195118963510155 
24.479999999956288, -0.8471029796704881 
24.489999999956265, -0.8558897145285635 
24.49999999995624, -0.8569791376602593 
24.509999999956218, -0.8568447031336143 
24.519999999956195, -0.855587994195828 
24.52999999995617, -0.8469026611241783 
24.539999999956148, -0.8032966169769757 
24.549999999956125, -0.7696005833101542 
24.5599999999561, -0.7669308636553696 
24.569999999956078, -0.7672507637729697 
24.579999999956055, -0.7672158764035125 
24.58999999995603, -0.7665822479006675 
24.599999999956008, -0.7646392367352405 
24.609999999955985, -0.7619703764347255 
24.61999999995596, -0.7599623707027605 
24.62999999995594, -0.7588265626580937 
24.639999999955915, -0.7584309402460875 
24.64999999995589, -0.7584057422079403 
24.65999999995587, -0.7584062641904847 
24.669999999955845, -0.7583498479943832 
24.67999999995582, -0.7582821196680135 
24.6899999999558, -0.7581295750578794 
24.699999999955775, -0.7579185952305582 
24.709999999955752, -0.7579879389414931 
24.71999999995573, -0.7589164943968402 
24.729999999955705, -0.7610888004429827 
24.739999999955682, -0.764413594517768 
24.74999999995566, -0.7671004615408479 
24.759999999955635, -0.767879208421417 
24.769999999955612, -0.7677965770418048 
24.77999999995559, -0.7671779589797072 
24.789999999955565, -0.7663764833578595 
24.799999999955542, -0.7784940244319949 
24.80999999995552, -0.8026682993621785 
24.819999999955495, -0.8096783601690901 
24.829999999955472, -0.8110350070977914 
24.83999999995545, -0.8111191140474495 
24.849999999955426, -0.8104579014222804 
24.859999999955402, -0.8070274447954252 
24.86999999995538, -0.7980181937617764 
24.879999999955356, -0.7898125085845632 
24.889999999955332, -0.7862104476184544 
24.89999999995531, -0.785475800551459 
24.909999999955286, -0.7854180198878076 
24.919999999955262, -0.7852232518740427 
24.92999999995524, -0.7846776884205862 
24.939999999955216, -0.7839602411998225 
24.949999999955192, -0.7833221978462422 
24.95999999995517, -0.7828332551215451 
24.969999999955146, -0.7826199510440349 
24.979999999955123, -0.7827327284681088 
24.9899999999551, -0.783053134450608 
24.999999999955076, -0.7834883644684905 
