t, s[1].omega / s[0].omega 
0, -2.260104625063227 
0.009999999999999995, -2.2674010254279926 
0.019999999999999934, -2.2704582143514935 
0.029999999999999874, -2.271489592678805 
0.04000000000000012, -2.271522959610891 
0.050000000000000405, -2.2709762581655184 
0.06000000000000069, -2.2700252532473106 
0.07000000000000098, -2.2687764220584308 
0.08000000000000126, -2.2674365813520376 
0.09000000000000155, -2.266496572024941 
0.10000000000000184, -2.266233230740167 
0.11000000000000212, -2.266207620599992 
0.12000000000000241, -2.2659321644036634 
0.130000000000002, -2.265140698884079 
0.1400000000000009, -2.2635587377211475 
0.1499999999999998, -2.26132750729802 
0.1599999999999987, -2.260984422999241 
0.1699999999999976, -2.2652664894032215 
0.1799999999999965, -2.2707560107160263 
0.1899999999999954, -2.274374186625964 
0.1999999999999943, -2.276184506977471 
0.2099999999999932, -2.276823969896607 
0.2199999999999921, -2.2766654988615707 
0.229999999999991, -2.2758243607739654 
0.2399999999999899, -2.2742186794779364 
0.2499999999999888, -2.271626296915159 
0.2599999999999877, -2.2680479113776695 
0.2699999999999866, -2.26480687331222 
0.2799999999999855, -2.263879573610308 
0.2899999999999844, -2.264462186877523 
0.2999999999999833, -2.264899006066298 
0.3099999999999822, -2.2647936120487264 
0.3199999999999811, -2.264205861829891 
0.32999999999998, -2.2633159208951823 
0.3399999999999789, -2.2627866512491073 
0.3499999999999778, -2.2634617415832365 
0.35999999999997667, -2.264900460959235 
0.36999999999997557, -2.2661201895642096 
0.37999999999997447, -2.266790515019476 
0.38999999999997337, -2.26690321740702 
0.39999999999997227, -2.2664194965294406 
0.40999999999997117, -2.265131456437748 
0.41999999999997006, -2.2624947930577575 
0.42999999999996896, -2.2573754252399985 
0.43999999999996786, -2.248396180166694 
0.44999999999996676, -2.2380451744944305 
0.45999999999996566, -2.2351316205201157 
0.46999999999996456, -2.2383410904152523 
0.47999999999996346, -2.2409189426488685 
0.48999999999996235, -2.241898362122995 
0.49999999999996125, -2.241958081827692 
0.5099999999999602, -2.241539752582131 
0.519999999999959, -2.240961614010247 
0.529999999999958, -2.2405994740056014 
0.5399999999999568, -2.240616171194767 
0.5499999999999557, -2.240808878848312 
0.5599999999999546, -2.2409674955284076 
0.5699999999999535, -2.2409463437131603 
0.5799999999999524, -2.240566187663794 
0.5899999999999513, -2.2395357345524114 
0.5999999999999502, -2.2371891835034794 
0.6099999999999491, -2.2318805284430323 
0.619999999999948, -2.220484940612184 
0.6299999999999469, -2.2040014592405877 
0.6399999999999458, -2.2005979540084812 
0.6499999999999447, -2.212212902601952 
0.6599999999999436, -2.2209793078513846 
0.6699999999999425, -2.2247012317294486 
0.6799999999999414, -2.2259328927893227 
0.6899999999999403, -2.226072489057443 
0.6999999999999392, -2.2256897563596785 
0.7099999999999381, -2.2250756351262395 
0.719999999999937, -2.224447098947734 
0.7299999999999359, -2.2239231125546417 
0.7399999999999348, -2.223570672946276 
0.7499999999999337, -2.2234086648800773 
0.7599999999999326, -2.2232562760894217 
0.7699999999999315, -2.2228273098274087 
0.7799999999999304, -2.2217754386662802 
0.7899999999999293, -2.219398384983281 
0.7999999999999282, -2.2142533613961937 
0.8099999999999271, -2.2061391200997487 
0.819999999999926, -2.2051607895004492 
0.8299999999999249, -2.21852929836654 
0.8399999999999238, -2.231319815642209 
0.8499999999999227, -2.2378442845493476 
0.8599999999999216, -2.2405452849421 
0.8699999999999205, -2.241422724639338 
0.8799999999999194, -2.241385324742777 
0.8899999999999183, -2.240808158279394 
0.8999999999999172, -2.2398594156297613 
0.9099999999999161, -2.238653400735823 
0.919999999999915, -2.237403226762038 
0.9299999999999139, -2.23655762752034 
0.9399999999999128, -2.2363215238652203 
0.9499999999999117, -2.23627364589257 
0.9599999999999106, -2.235967488095101 
0.9699999999999095, -2.2351332253736222 
0.9799999999999084, -2.233451389276302 
0.9899999999999073, -2.2309458873344057 
0.9999999999999062, -2.2301895990305143 
1.0099999999999052, -2.2347350849174275 
1.019999999999904, -2.2411625762769196 
1.029999999999903, -2.2455500210126695 
1.039999999999902, -2.247804749363094 
1.0499999999999008, -2.248698889158869 
1.0599999999998997, -2.24872218873445 
1.0699999999998986, -2.2480740052997366 
1.0799999999998975, -2.2467568923579706 
1.0899999999998964, -2.244645293665114 
1.0999999999998953, -2.2417125870563517 
1.1099999999998942, -2.2387819305097123 
1.119999999999893, -2.2375057967743084 
1.129999999999892, -2.2377730842103882 
1.1399999999998909, -2.238155579124839 
1.1499999999998898, -2.238083686846029 
1.1599999999998887, -2.237523206418252 
1.1699999999998876, -2.236555706999301 
1.1799999999998865, -2.2357263747598406 
1.1899999999998854, -2.23621226034122 
1.1999999999998843, -2.2380283393481166 
1.2099999999998832, -2.2398425938923245 
1.219999999999882, -2.24099001147932 
1.229999999999881, -2.2414592543868572 
1.2399999999998799, -2.2413118968431514 
1.2499999999998788, -2.2404896626904494 
1.2599999999998777, -2.238723678998673 
1.2699999999998766, -2.235401124568388 
1.2799999999998755, -2.229551812892034 
1.2899999999998744, -2.2212625827801578 
1.2999999999998733, -2.215353494145881 
1.3099999999998722, -2.2157515626419406 
1.319999999999871, -2.217994250582499 
1.32999999999987, -2.2191982097103855 
1.3399999999998689, -2.2194408539161543 
1.3499999999998678, -2.2191172990937234 
1.3599999999998666, -2.218511386226967 
1.3699999999998655, -2.2180211995760883 
1.3799999999998644, -2.218043641330015 
1.3899999999998633, -2.2184605083661513 
1.3999999999998622, -2.218888685118564 
1.4099999999998611, -2.2191173045372254 
1.41999999999986, -2.2190196281055377 
1.429999999999859, -2.21842479985575 
1.4399999999998578, -2.2169815858927038 
1.4499999999998567, -2.213849789046317 
1.4599999999998556, -2.207136481589484 
1.4699999999998545, -2.1941313565180853 
1.4799999999998534, -2.1787179317117746 
1.4899999999998523, -2.176940875211744 
1.4999999999998512, -2.184989151459623 
1.5099999999998501, -2.1904935497899336 
1.519999999999849, -2.1927339476933483 
1.529999999999848, -2.193354680367154 
1.5399999999998468, -2.193224467357779 
1.5499999999998457, -2.1927369391220224 
1.5599999999998446, -2.1921755331794404 
1.5699999999998435, -2.191764337754449 
1.5799999999998424, -2.1915404542879124 
1.5899999999998413, -2.191446686287895 
1.5999999999998402, -2.1913963161483325 
1.6099999999998391, -2.1912028732566355 
1.619999999999838, -2.1906153743458443 
1.629999999999837, -2.189227787255697 
1.6399999999998358, -2.186085981543833 
1.6499999999998347, -2.1790586215931853 
1.6599999999998336, -2.16645227010662 
1.6699999999998325, -2.15892074702357 
1.6799999999998314, -2.1705430319218544 
1.6899999999998303, -2.184908171074968 
1.6999999999998292, -2.1923533756686853 
1.709999999999828, -2.195331307793262 
1.719999999999827, -2.1962839617737577 
1.729999999999826, -2.196301582580797 
1.7399999999998248, -2.1958331517506697 
1.7499999999998237, -2.195111034660876 
1.7599999999998226, -2.1943023886926722 
1.7699999999998215, -2.1935469377150527 
1.7799999999998204, -2.193029469252643 
1.7899999999998193, -2.1928229031929414 
1.7999999999998182, -2.1926831543448633 
1.809999999999817, -2.192281255031077 
1.819999999999816, -2.191293202719881 
1.8299999999998149, -2.189138652220419 
1.8399999999998138, -2.18490141820504 
1.8499999999998127, -2.179861174917206 
1.8599999999998116, -2.182657531525564 
1.8699999999998105, -2.194540757182878 
1.8799999999998094, -2.204500095263943 
1.8899999999998083, -2.209719162145662 
1.8999999999998072, -2.21199650497856 
1.909999999999806, -2.212747377934402 
1.919999999999805, -2.2126529172340486 
1.9299999999998039, -2.2120016256979 
1.9399999999998028, -2.210908429523422 
1.9499999999998017, -2.2094459020445227 
1.9599999999998006, -2.2078428269830104 
1.9699999999997995, -2.206697427965229 
1.9799999999997984, -2.2063846669257265 
1.9899999999997973, -2.2064249188014236 
1.9999999999997962, -2.206259940811891 
2.0099999999998173, -2.2056354533100477 
2.0199999999998384, -2.2043449711732315 
2.0299999999998595, -2.2024025142128134 
2.0399999999998806, -2.201466414260087 
2.0499999999999017, -2.2043944283187136 
2.059999999999923, -2.2094942296059963 
2.069999999999944, -2.2134249390864946 
2.079999999999965, -2.215616812736198 
2.089999999999986, -2.2165672779636694 
2.100000000000007, -2.21667410341645 
2.1100000000000283, -2.2161076323440496 
2.1200000000000494, -2.2148555306170294 
2.1300000000000705, -2.2127566580336056 
2.1400000000000916, -2.209638662327081 
2.1500000000001127, -2.205994411069034 
2.160000000000134, -2.2037033523046388 
2.170000000000155, -2.2036390568085693 
2.180000000000176, -2.2042422510514585 
2.190000000000197, -2.2044551027573727 
2.2000000000002182, -2.2041553501793363 
2.2100000000002393, -2.2034087630197243 
2.2200000000002604, -2.20247135667391 
2.2300000000002815, -2.202208192916473 
2.2400000000003026, -2.2033443705907567 
2.2500000000003237, -2.2050915922887757 
2.260000000000345, -2.206458916904829 
2.270000000000366, -2.2071998066751295 
2.280000000000387, -2.207347406829089 
2.290000000000408, -2.20689457393999 
2.3000000000004293, -2.205687131367278 
2.3100000000004504, -2.203316336481889 
2.3200000000004715, -2.19898097016958 
2.3300000000004926, -2.1917749763881984 
2.3400000000005137, -2.183246413401618 
2.3500000000005348, -2.1795203341469107 
2.360000000000556, -2.1812137125601274 
2.370000000000577, -2.1832658485729914 
2.380000000000598, -2.1841515573366896 
2.390000000000619, -2.184209466405202 
2.4000000000006403, -2.1837863461880405 
2.4100000000006614, -2.1831643531631584 
2.4200000000006825, -2.1827746428729573 
2.4300000000007036, -2.182936958291592 
2.4400000000007247, -2.1834249932279692 
2.450000000000746, -2.183867246492077 
2.460000000000767, -2.18407957307254 
2.470000000000788, -2.183941203504116 
2.480000000000809, -2.1832796104656715 
2.49000000000083, -2.1817328873030197 
2.5000000000008513, -2.178457520939419 
2.5100000000008724, -2.171641138454853 
2.5200000000008935, -2.1588912905360544 
2.5300000000009146, -2.1439808805442366 
2.5400000000009357, -2.1413057133746305 
2.550000000000957, -2.148122802193515 
2.560000000000978, -2.1531728212720234 
2.570000000000999, -2.1553041375020183 
2.58000000000102, -2.1559055531043327 
2.5900000000010412, -2.1557778514988444 
2.6000000000010624, -2.1552979898295805 
2.6100000000010835, -2.1547547049253515 
2.6200000000011046, -2.1543993420183045 
2.6300000000011257, -2.154271690290728 
2.6400000000011468, -2.1542674045557146 
2.650000000001168, -2.154279499044914 
2.660000000001189, -2.1541475681050146 
2.67000000000121, -2.1536542231523885 
2.680000000001231, -2.1524600410713224 
2.6900000000012523, -2.1497993758553626 
2.7000000000012734, -2.143867516107766 
2.7100000000012945, -2.1317971084238767 
2.7200000000013156, -2.1169352555986434 
2.7300000000013367, -2.117709089181113 
2.740000000001358, -2.131471233352124 
2.750000000001379, -2.141184189344465 
2.7600000000014, -2.145455287396112 
2.770000000001421, -2.146991934232994 
2.780000000001442, -2.1473035103437006 
2.7900000000014633, -2.147020898981765 
2.8000000000014844, -2.1464447852358717 
2.8100000000015055, -2.145791270059428 
2.8200000000015266, -2.1452076404667872 
2.8300000000015477, -2.1447734798871485 
2.840000000001569, -2.144546668528049 
2.85000000000159, -2.144433304096987 
2.860000000001611, -2.1441812884539324 
2.870000000001632, -2.1435081623578283 
2.8800000000016532, -2.1419744883801948 
2.8900000000016743, -2.1385937054606883 
2.9000000000016954, -2.1316936692812627 
2.9100000000017165, -2.1228960612314234 
2.9200000000017377, -2.1253289413663863 
2.9300000000017588, -2.1406029144569967 
2.94000000000178, -2.1529172533449095 
2.950000000001801, -2.158983104382872 
2.960000000001822, -2.1614835783013207 
2.970000000001843, -2.162287231436152 
2.9800000000018643, -2.162240594059991 
2.9900000000018854, -2.1617080331179386 
3.0000000000019065, -2.1608765030309844 
3.0100000000019276, -2.1598838950832007 
3.0200000000019487, -2.158899654536347 
3.03000000000197, -2.158209823915001 
3.040000000001991, -2.157957545832226 
3.050000000002012, -2.157861661386121 
3.060000000002033, -2.1575494276039775 
3.070000000002054, -2.1567308100377125 
3.0800000000020753, -2.1549785272679816 
3.0900000000020964, -2.151700445623681 
3.1000000000021175, -2.1480206509021635 
3.1100000000021386, -2.150273035937305 
3.1200000000021597, -2.159906259375397 
3.130000000002181, -2.1687106694259892 
3.140000000002202, -2.1737159365435055 
3.150000000002223, -2.1760651698595517 
3.160000000002244, -2.176928616022698 
3.1700000000022652, -2.17692568944943 
3.1800000000022863, -2.176330630587744 
3.1900000000023074, -2.1752436568468023 
3.2000000000023285, -2.1737033532161254 
3.2100000000023496, -2.1718631696666466 
3.2200000000023707, -2.1703000503741974 
3.230000000002392, -2.169677800696766 
3.240000000002413, -2.169722784152087 
3.250000000002434, -2.1697288031350754 
3.260000000002455, -2.1693527495398355 
3.2700000000024763, -2.1684293149816494 
3.2800000000024974, -2.1668441390937927 
3.2900000000025185, -2.165294304553105 
3.3000000000025396, -2.16628875215132 
3.3100000000025607, -2.1704886022486587 
3.3200000000025818, -2.174816151027409 
3.330000000002603, -2.177615658349396 
3.340000000002624, -2.179046752321036 
3.350000000002645, -2.1795269323822706 
3.360000000002666, -2.179298541971098 
3.3700000000026873, -2.178424195703941 
3.3800000000027084, -2.176815055867739 
3.3900000000027295, -2.1742718338501708 
3.4000000000027506, -2.170763836850223 
3.4100000000027717, -2.167315264416843 
3.420000000002793, -2.165855047368304 
3.430000000002814, -2.166210360497451 
3.440000000002835, -2.1667375868459433 
3.450000000002856, -2.166791570728104 
3.460000000002877, -2.1663542924787342 
3.4700000000028983, -2.1655011713814525 
3.4800000000029194, -2.164599172207484 
3.4900000000029405, -2.1646513023560328 
3.5000000000029616, -2.1661350191536295 
3.5100000000029827, -2.16801733524012 
3.520000000003004, -2.1694024821687146 
3.530000000003025, -2.170130171636459 
3.540000000003046, -2.170255167733302 
3.550000000003067, -2.1697783946951 
3.5600000000030882, -2.1685620234703644 
3.5700000000031094, -2.1662468113561246 
3.5800000000031305, -2.1621650338052243 
3.5900000000031516, -2.1556561262096854 
3.6000000000031727, -2.1481611741287563 
3.6100000000031938, -2.1446666615324164 
3.620000000003215, -2.145832865905257 
3.630000000003236, -2.1475436495994553 
3.640000000003257, -2.1483119692465165 
3.650000000003278, -2.1483316365969247 
3.6600000000032993, -2.14788282051976 
3.6700000000033204, -2.1472206699323104 
3.6800000000033415, -2.146805214976842 
3.6900000000033626, -2.1470590036900896 
3.7000000000033837, -2.147761807438332 
3.710000000003405, -2.1484270381079487 
3.720000000003426, -2.148816168215453 
3.730000000003447, -2.1488305137708767 
3.740000000003468, -2.148353371417284 
3.750000000003489, -2.1471403179449853 
3.7600000000035103, -2.1446389450224594 
3.7700000000035314, -2.139687473494107 
3.7800000000035525, -2.130447580206967 
3.7900000000035736, -2.1171783520308307 
3.8000000000035947, -2.1088376244021334 
3.810000000003616, -2.111161043466441 
3.820000000003637, -2.115655919876019 
3.830000000003658, -2.1180590026181685 
3.840000000003679, -2.1188787980204764 
3.8500000000037002, -2.1188786367672923 
3.8600000000037213, -2.1184543353541594 
3.8700000000037424, -2.117896446860905 
3.8800000000037635, -2.1175392336366623 
3.8900000000037847, -2.1175398783301436 
3.9000000000038058, -2.117739062307125 
3.910000000003827, -2.117937945333773 
3.920000000003848, -2.1179946417836657 
3.930000000003869, -2.1177538990193376 
3.94000000000389, -2.1169993846331203 
3.9500000000039113, -2.115306454329566 
3.9600000000039324, -2.111699110265778 
3.9700000000039535, -2.1041040962489315 
3.9800000000039746, -2.089995926287978 
3.9900000000039957, -2.07438130421796 
4.000000000004016, -2.0732162985732083 
4.010000000003993, -2.082238235383999 
4.02000000000397, -2.0887358607418176 
4.030000000003946, -2.0915884440664496 
4.040000000003923, -2.0925382158068513 
4.0500000000039, -2.092595463305752 
4.0600000000038765, -2.092209846820851 
4.070000000003853, -2.0916567500680356 
4.08000000000383, -2.091189233765303 
4.090000000003807, -2.0909330113766886 
4.100000000003783, -2.090843536647932 
4.11000000000376, -2.090839754653884 
4.120000000003737, -2.090795549246141 
4.130000000003713, -2.0905189157651045 
4.14000000000369, -2.089762387858212 
4.150000000003667, -2.0880694786453553 
4.1600000000036434, -2.0843764382661494 
4.17000000000362, -2.0764246048281487 
4.180000000003597, -2.0620675239834965 
4.1900000000035735, -2.0495299727098595 
4.20000000000355, -2.055137774263662 
4.210000000003527, -2.0684096779860672 
4.220000000003504, -2.076554907669249 
4.23000000000348, -2.080066716482248 
4.240000000003457, -2.0813095112108115 
4.250000000003434, -2.081508284431327 
4.26000000000341, -2.081187497318976 
4.270000000003387, -2.080621159751469 
4.280000000003364, -2.0800267981370006 
4.2900000000033405, -2.0795467951102915 
4.300000000003317, -2.0792252929558215 
4.310000000003294, -2.0790705210242244 
4.320000000003271, -2.078987170700059 
4.330000000003247, -2.0787604692675217 
4.340000000003224, -2.078137531403323 
4.350000000003201, -2.076723889704545 
4.360000000003177, -2.073629383897879 
4.370000000003154, -2.0669764848146137 
4.380000000003131, -2.0552473141147107 
4.390000000003107, -2.0467313000530583 
4.400000000003084, -2.0560089778789967 
4.410000000003061, -2.0715661160391137 
4.4200000000030375, -2.080985969706579 
4.430000000003014, -2.085162046173163 
4.440000000002991, -2.086738144237999 
4.450000000002968, -2.0871024874711614 
4.460000000002944, -2.086854317989396 
4.470000000002921, -2.0862783708457844 
4.480000000002898, -2.085569368527063 
4.490000000002874, -2.0848761781953913 
4.500000000002851, -2.084311079422214 
4.510000000002828, -2.0839824120796484 
4.520000000002804, -2.0838518672664867 
4.530000000002781, -2.083679088585761 
4.540000000002758, -2.0831903140285704 
4.5500000000027345, -2.0820517319263674 
4.560000000002711, -2.0795780714020182 
4.570000000002688, -2.074413735934834 
4.580000000002665, -2.0660375948635497 
4.590000000002641, -2.062419406463804 
4.600000000002618, -2.073847761298496 
4.610000000002595, -2.088864961865627 
4.620000000002571, -2.097867235322412 
4.630000000002548, -2.102004555468881 
4.640000000002525, -2.1036412232885544 
4.6500000000025015, -2.1040525234993095 
4.660000000002478, -2.103809223623117 
4.670000000002455, -2.103175918588723 
4.6800000000024315, -2.102314569561368 
4.690000000002408, -2.1013624241012354 
4.700000000002385, -2.1004995093037904 
4.710000000002362, -2.099969765731957 
4.720000000002338, -2.09979595205021 
4.730000000002315, -2.0996723137240756 
4.740000000002292, -2.0992766536808785 
4.750000000002268, -2.098315473174116 
4.760000000002245, -2.0962783182711333 
4.770000000002222, -2.0923857884247274 
4.7800000000021985, -2.087572570948611 
4.790000000002175, -2.0890881041595013 
4.800000000002152, -2.100163868996857 
4.810000000002129, -2.111140934343635 
4.820000000002105, -2.1175344713422914 
4.830000000002082, -2.120579718144605 
4.840000000002059, -2.1217947852769057 
4.850000000002035, -2.1220104761137524 
4.860000000002012, -2.1216144937171317 
4.870000000001989, -2.1207823425624612 
4.880000000001965, -2.1196107953621075 
4.890000000001942, -2.118221715151595 
4.900000000001919, -2.116933841935728 
4.9100000000018955, -2.1162198492069253 
4.920000000001872, -2.116088641813176 
4.930000000001849, -2.116050149488734 
4.940000000001826, -2.1157226641839904 
4.950000000001802, -2.1148689324574836 
4.960000000001779, -2.1131732129908944 
4.970000000001756, -2.1105370116233257 
4.980000000001732, -2.109046674457348 
4.990000000001709, -2.1129840537928937 
5.000000000001686, -2.1205072387698194 
5.0100000000016625, -2.1265239029735907 
5.020000000001639, -2.129969267062958 
5.030000000001616, -2.1316201986707513 
5.0400000000015925, -2.1321683392497772 
5.050000000001569, -2.131986428603019 
5.060000000001546, -2.1312308985513964 
5.070000000001523, -2.1299323467046345 
5.080000000001499, -2.1280807234181713 
5.090000000001476, -2.1258410694607486 
5.100000000001453, -2.1239373128547694 
5.110000000001429, -2.1232049003629467 
5.120000000001406, -2.1233170813544655 
5.130000000001383, -2.1234306397353606 
5.1400000000013595, -2.1231700668551206 
5.150000000001336, -2.1224123205609096 
5.160000000001313, -2.1210813353699396 
5.17000000000129, -2.119643541815619 
5.180000000001266, -2.1200070333332013 
5.190000000001243, -2.1232769388441706 
5.20000000000122, -2.1272447445872134 
5.210000000001196, -2.1300838395195707 
5.220000000001173, -2.131663297295276 
5.23000000000115, -2.132304593530942 
5.240000000001126, -2.132238405163376 
5.250000000001103, -2.1315441726278297 
5.26000000000108, -2.130163833618641 
5.2700000000010565, -2.12791896765378 
5.280000000001033, -2.1246466846131815 
5.29000000000101, -2.1208281238812012 
5.300000000000987, -2.1182624497514855 
5.310000000000963, -2.1179811720712345 
5.32000000000094, -2.1185906033445807 
5.330000000000917, -2.118908273839768 
5.340000000000893, -2.1187261272447016 
5.35000000000087, -2.118083193897507 
5.360000000000847, -2.1171082492980537 
5.3700000000008234, -2.116425844659749 
5.3800000000008, -2.117115164222974 
5.390000000000777, -2.1190612974115637 
5.4000000000007535, -2.121017960177627 
5.41000000000073, -2.1223359924749596 
5.420000000000707, -2.122978514957633 
5.430000000000684, -2.1230183849098454 
5.44000000000066, -2.122455353772163 
5.450000000000637, -2.1211584202955693 
5.460000000000614, -2.118808708082326 
5.47000000000059, -2.1148722387907304 
5.480000000000567, -2.1090004850489654 
5.490000000000544, -2.1027671451096888 
5.5000000000005205, -2.1000380711995477 
5.510000000000497, -2.100900483609771 
5.520000000000474, -2.102199057251718 
5.5300000000004506, -2.102761502576496 
5.540000000000427, -2.102684627164888 
5.550000000000404, -2.102166408719214 
5.560000000000381, -2.101433660741773 
5.570000000000357, -2.1010029442573948 
5.580000000000334, -2.101428511805061 
5.590000000000311, -2.102475443268667 
5.600000000000287, -2.103488166001413 
5.610000000000264, -2.1041424426218054 
5.620000000000241, -2.1043601948362634 
5.6300000000002175, -2.104086526843893 
5.640000000000194, -2.1031839229996923 
5.650000000000171, -2.1013311804451638 
5.660000000000148, -2.0978751827397244 
5.670000000000124, -2.0917444057684587 
5.680000000000101, -2.0823637382129223 
5.690000000000078, -2.0733135959077162 
5.700000000000054, -2.071107819160834 
5.710000000000031, -2.073608418816187 
5.720000000000008, -2.0757839187020526 
5.729999999999984, -2.076701918348819 
5.739999999999961, -2.0767969979091343 
5.749999999999938, -2.076413249276951 
5.7599999999999145, -2.075804635205658 
5.769999999999891, -2.075355225177701 
5.779999999999868, -2.0754449326855102 
5.789999999999845, -2.0759766029084026 
5.799999999999821, -2.076560248659538 
5.809999999999798, -2.076953107203367 
5.819999999999775, -2.0770373806006215 
5.829999999999751, -2.0766986201903266 
5.839999999999728, -2.0757403287620266 
5.849999999999705, -2.073748372621005 
5.8599999999996815, -2.069860874658181 
5.869999999999658, -2.0625476078819944 
5.879999999999635, -2.0506063880514445 
5.8899999999996115, -2.0383767133752015 
5.899999999999588, -2.0355219225223165 
5.909999999999565, -2.039581935695595 
5.919999999999542, -2.04307118318693 
5.929999999999518, -2.044662564266427 
5.939999999999495, -2.0450943282414356 
5.949999999999472, -2.044909307947477 
5.959999999999448, -2.0444025744224623 
5.969999999999425, -2.0438683031144285 
5.979999999999402, -2.043651082160944 
5.9899999999993785, -2.0438419400676624 
5.999999999999355, -2.044209369384466 
6.009999999999332, -2.0445249802062704 
6.019999999999309, -2.0446474596486346 
6.029999999999285, -2.0444454064807673 
6.039999999999262, -2.0437396375472003 
6.049999999999239, -2.042189984128713 
6.059999999999215, -2.039073192019208 
6.069999999999192, -2.0329517945982984 
6.079999999999169, -2.0218290434828963 
6.089999999999145, -2.0068575124166625 
6.099999999999122, -1.9984650254310954 
6.109999999999099, -2.001639654140202 
6.1199999999990755, -2.007016841330892 
6.129999999999052, -2.010032058985111 
6.139999999999029, -2.011205356321687 
6.149999999999006, -2.0114138123777225 
6.159999999998982, -2.0111159717681106 
6.169999999998959, -2.0105820681386755 
6.179999999998936, -2.010111195890844 
6.189999999998912, -2.009976328972231 
6.199999999998889, -2.010164933335872 
6.209999999998866, -2.0104624908881994 
6.2199999999988425, -2.010694505600932 
6.229999999998819, -2.0107277296237873 
6.239999999998796, -2.01041847415009 
6.2499999999987725, -2.0095605253048907 
6.259999999998749, -2.0077538674243187 
6.269999999998726, -2.0041603235378305 
6.279999999998703, -1.9971861554807941 
6.289999999998679, -1.984945760588405 
6.299999999998656, -1.9698188621069765 
6.309999999998633, -1.962959590624975 
6.319999999998609, -1.9669828955915396 
6.329999999998586, -1.972294950612148 
6.339999999998563, -1.9751808662143646 
6.3499999999985395, -1.9762992622887423 
6.359999999998516, -1.9764906179139399 
6.369999999998493, -1.9761896217457746 
6.37999999999847, -1.9756562894812384 
6.389999999998446, -1.9751851861177943 
6.399999999998423, -1.9750583737812506 
6.4099999999984, -1.975279394311153 
6.419999999998376, -1.9756274793977304 
6.429999999998353, -1.975913932956734 
6.43999999999833, -1.976006391229794 
6.449999999998306, -1.9757738863101495 
6.459999999998283, -1.9750403756353214 
6.46999999999826, -1.9734832121329131 
6.4799999999982365, -1.9704510675533224 
6.489999999998213, -1.9647170246366088 
6.49999999999819, -1.9546035922361427 
6.509999999998167, -1.9405713657194283 
6.519999999998143, -1.93041804908638 
6.52999999999812, -1.9308001324030026 
6.539999999998097, -1.9353713752525894 
6.549999999998073, -1.9385321970680351 
6.55999999999805, -1.9399300472322352 
6.569999999998027, -1.9402957813970498 
6.5799999999980034, -1.9400958348804462 
6.58999999999798, -1.9395879401643181 
6.599999999997957, -1.9390438957470182 
6.6099999999979335, -1.938822058935044 
6.61999999999791, -1.9390852466859296 
6.629999999997887, -1.9396192067378202 
6.639999999997864, -1.9401355875968183 
6.64999999999784, -1.9404648979826529 
6.659999999997817, -1.9404986688864128 
6.669999999997794, -1.9401243363247356 
6.67999999999777, -1.9391650955288195 
6.689999999997747, -1.9372878344047808 
6.699999999997724, -1.9338749852224701 
6.7099999999977005, -1.9279319454828112 
6.719999999997677, -1.9185600573350114 
6.729999999997654, -1.9074109758722506 
6.7399999999976306, -1.9007456392190627 
6.749999999997607, -1.9012504021442616 
6.759999999997584, -1.9040355584570405 
6.769999999997561, -1.905898207131268 
6.779999999997537, -1.9066511128994938 
6.789999999997514, -1.9066968989607704 
6.799999999997491, -1.9063043180518868 
6.809999999997467, -1.9056738789585488 
6.819999999997444, -1.9051489274873805 
6.829999999997421, -1.905206782116096 
6.8399999999973975, -1.905959347077226 
6.849999999997374, -1.9069902776028687 
6.859999999997351, -1.9078825576349303 
6.869999999997328, -1.9084536643210153 
6.879999999997304, -1.908636886835561 
6.889999999997281, -1.9083763580008366 
6.899999999997258, -1.9075711276841303 
6.909999999997234, -1.9060271004916913 
6.919999999997211, -1.9034082520486382 
6.929999999997188, -1.8992283815047362 
6.939999999997164, -1.8931226171494937 
6.949999999997141, -1.8859516023739833 
6.959999999997118, -1.8808459931566308 
6.9699999999970945, -1.8799220032054305 
6.979999999997071, -1.8811319563042517 
6.989999999997048, -1.8822144978389463 
6.999999999997025, -1.8826422232764748 
7.009999999997001, -1.8825261692626953 
7.019999999996978, -1.8819925337983403 
7.029999999996955, -1.8811733136296334 
7.039999999996931, -1.8804727320945802 
7.049999999996908, -1.8806835026061524 
7.059999999996885, -1.8821698844898989 
7.0699999999968615, -1.8842353698662264 
7.079999999996838, -1.8860523915691185 
7.089999999996815, -1.8873051732722685 
7.0999999999967915, -1.8879803845538496 
7.109999999996768, -1.8881248779200015 
7.119999999996745, -1.88775739386321 
7.129999999996722, -1.8868425331056726 
7.139999999996698, -1.8852808045541003 
7.149999999996675, -1.8829163515576586 
7.159999999996652, -1.8796271198077368 
7.169999999996628, -1.8756720081764353 
7.179999999996605, -1.8722117468230544 
7.189999999996582, -1.870649319666967 
7.1999999999965585, -1.8707560817499878 
7.209999999996535, -1.8712555358668344 
7.219999999996512, -1.871459241789325 
7.229999999996489, -1.8712371482096457 
7.239999999996465, -1.8705682109545854 
7.249999999996442, -1.8694335742810737 
7.259999999996419, -1.8681204561942344 
7.269999999996395, -1.8678560387776877 
7.279999999996372, -1.870135174793639 
7.289999999996349, -1.8742918169262943 
7.299999999996325, -1.8783049068243394 
7.309999999996302, -1.8811914499869942 
7.319999999996279, -1.8829496310200136 
7.3299999999962555, -1.8838280307972017 
7.339999999996232, -1.884036896975676 
7.349999999996209, -1.883703271610655 
7.359999999996186, -1.8828838376421906 
7.369999999996162, -1.8815887021380828 
7.379999999996139, -1.8798226265865505 
7.389999999996116, -1.8776902131410425 
7.399999999996092, -1.875600414026382 
7.409999999996069, -1.8742409731181027 
7.419999999996046, -1.8738662775670751 
7.4299999999960225, -1.87396882702612 
7.439999999995999, -1.873992327268453 
7.449999999995976, -1.8736831181255187 
7.4599999999959525, -1.8728901327958056 
7.469999999995929, -1.8713882150913566 
7.479999999995906, -1.869038009114424 
7.489999999995883, -1.8669064579717354 
7.499999999995859, -1.8685143611984245 
7.509999999995836, -1.8755530889593377 
7.519999999995813, -1.88398371702023 
7.529999999995789, -1.8902846632690966 
7.539999999995766, -1.8940838058999443 
7.549999999995743, -1.896093009011577 
7.5599999999957195, -1.8969564237932244 
7.569999999995696, -1.8970781979012525 
7.579999999995673, -1.896685220811491 
7.58999999999565, -1.8959042232759757 
7.599999999995626, -1.8948240353568733 
7.609999999995603, -1.8935486591379653 
7.61999999999558, -1.8922732071634958 
7.629999999995556, -1.8913249141072672 
7.639999999995533, -1.8909144183673963 
7.64999999999551, -1.8908444577330275 
7.659999999995486, -1.8907431618745982 
7.669999999995463, -1.8903456278547544 
7.67999999999544, -1.889416633773359 
7.6899999999954165, -1.8875412989182716 
7.699999999995393, -1.8840423600364393 
7.70999999999537, -1.878954960515189 
7.719999999995347, -1.8766718213920668 
7.729999999995323, -1.8843391709148698 
7.7399999999953, -1.8980480797216714 
7.749999999995277, -1.9090050205612292 
7.759999999995253, -1.9153144051802424 
7.76999999999523, -1.9184491771250531 
7.779999999995207, -1.9197984736170555 
7.789999999995183, -1.920160231276482 
7.79999999999516, -1.919942465773934 
7.809999999995137, -1.9193613711249238 
7.8199999999951135, -1.9185642593306214 
7.82999999999509, -1.9176827842070465 
7.839999999995067, -1.916854952316982 
7.849999999995044, -1.916251855757292 
7.85999999999502, -1.9159718990170482 
7.869999999994997, -1.9158741679566376 
7.879999999994974, -1.915687643284392 
7.88999999999495, -1.9151683315281385 
7.899999999994927, -1.9140156006853881 
7.909999999994904, -1.9116227453089216 
7.9199999999948805, -1.906803661097094 
7.929999999994857, -1.8985234482879414 
7.939999999994834, -1.8910636337279783 
7.9499999999948106, -1.8962914662947792 
7.959999999994787, -1.9122327086988296 
7.969999999994764, -1.9255173221567177 
7.979999999994741, -1.932759431559641 
7.989999999994717, -1.9360920183598131 
7.999999999994694, -1.937417518201805 
8.00999999999467, -1.9377275730866512 
8.019999999994647, -1.937487999928982 
8.029999999994624, -1.9369418623905847 
8.0399999999946, -1.9362680307132762 
8.049999999994577, -1.9356152967186766 
8.059999999994554, -1.9350845255853255 
8.06999999999453, -1.934751227232407 
8.079999999994508, -1.9346145023965726 
8.089999999994484, -1.934517768752191 
8.099999999994461, -1.93423437638961 
8.109999999994438, -1.933523775865072 
8.119999999994414, -1.9319931710105074 
8.129999999994391, -1.9287849733153504 
8.139999999994368, -1.9221810500027103 
8.149999999994344, -1.910489489305086 
8.159999999994321, -1.8988627636485518 
8.169999999994298, -1.9019136958986302 
8.179999999994275, -1.9168313009883478 
8.189999999994251, -1.9288664205474244 
8.199999999994228, -1.9350587461818303 
8.209999999994205, -1.9377314149267133 
8.219999999994181, -1.93868509478968 
8.229999999994158, -1.9387925609628724 
8.239999999994135, -1.9384532659636584 
8.249999999994111, -1.937899786209206 
8.259999999994088, -1.9373321289719485 
8.269999999994065, -1.9368930260752901 
8.279999999994041, -1.9366226343568282 
8.289999999994018, -1.9365083662785199 
8.299999999993995, -1.9364749654607347 
8.309999999993972, -1.936357267723731 
8.319999999993948, -1.9359542808783339 
8.329999999993925, -1.9350064257070962 
8.339999999993902, -1.933013914629394 
8.349999999993878, -1.9288821602550938 
8.359999999993855, -1.9205082085480143 
8.369999999993832, -1.9059990905793587 
8.379999999993808, -1.891272447628101 
8.389999999993785, -1.8912115374861547 
8.399999999993762, -1.9025484698043655 
8.409999999993738, -1.911865045473092 
8.419999999993715, -1.9165791415072673 
8.429999999993692, -1.9185360862777 
8.439999999993669, -1.9191447225637392 
8.449999999993645, -1.919079371956777 
8.459999999993622, -1.9186623536508915 
8.469999999993599, -1.9181263402201112 
8.479999999993575, -1.917701711995403 
8.489999999993552, -1.9175133493820642 
8.499999999993529, -1.917517141995025 
8.509999999993505, -1.9176106428465514 
8.519999999993482, -1.9176776284174295 
8.529999999993459, -1.91757016430704 
8.539999999993436, -1.917115948480014 
8.549999999993412, -1.9160650774104488 
8.559999999993389, -1.9139321171381556 
8.569999999993366, -1.909721634232028 
8.579999999993342, -1.9016358138101546 
8.589999999993319, -1.8878788834350797 
8.599999999993296, -1.8718041535243977 
8.609999999993272, -1.8651663639431866 
8.619999999993249, -1.8699997344566301 
8.629999999993226, -1.8762900554866342 
8.639999999993202, -1.8799012663862384 
8.64999999999318, -1.8814472073389379 
8.659999999993156, -1.8818875033552689 
8.669999999993133, -1.8817416306860266 
8.67999999999311, -1.8812791134235536 
8.689999999993086, -1.8807450442684845 
8.699999999993063, -1.8804455862142664 
8.70999999999304, -1.8805571952488525 
8.719999999993016, -1.880953138521339 
8.729999999992993, -1.8813966121132264 
8.73999999999297, -1.881720241917349 
8.749999999992946, -1.8818059379791225 
8.759999999992923, -1.8815400265840103 
8.7699999999929, -1.8807689146037994 
8.779999999992876, -1.879224829523365 
8.789999999992853, -1.8764216518309442 
8.79999999999283, -1.8715511367253026 
8.809999999992806, -1.8636275651301628 
8.819999999992783, -1.8528135409261668 
8.82999999999276, -1.843206797751542 
8.839999999992736, -1.8402338885924223 
8.849999999992713, -1.8422115459296902 
8.85999999999269, -1.8445743750867254 
8.869999999992666, -1.8458652383261662 
8.879999999992643, -1.8462763281266104 
8.88999999999262, -1.8461274551895879 
8.899999999992596, -1.8456109445837015 
8.909999999992573, -1.844928897176386 
8.91999999999255, -1.8444969792752428 
8.929999999992527, -1.8448252705747616 
8.939999999992503, -1.8459234134645963 
8.94999999999248, -1.8472632199672088 
8.959999999992457, -1.8483922372955366 
8.969999999992433, -1.8491351607779145 
8.97999999999241, -1.8494498484626702 
8.989999999992387, -1.8493146481997207 
8.999999999992363, -1.8486788957373506 
9.00999999999234, -1.8474349447908185 
9.019999999992317, -1.845399014615186 
9.029999999992294, -1.8423194232687359 
9.03999999999227, -1.8380173898592953 
9.049999999992247, -1.832903065688706 
9.059999999992224, -1.8286259582296964 
9.0699999999922, -1.8269194127639057 
9.079999999992177, -1.8272403944833084 
9.089999999992154, -1.82795502079587 
9.09999999999213, -1.828302782889735 
9.109999999992107, -1.8281908430337128 
9.119999999992084, -1.827646783582407 
9.12999999999206, -1.8266859255307017 
9.139999999992037, -1.8255265073824904 
9.149999999992014, -1.8250765495655674 
9.15999999999199, -1.8266332822102815 
9.169999999991967, -1.8300389408220572 
9.179999999991944, -1.8337000489189894 
9.18999999999192, -1.8365472535041547 
9.199999999991897, -1.838402320188596 
9.209999999991874, -1.8394203805851093 
9.21999999999185, -1.8397766911791318 
9.229999999991827, -1.839590255678307 
9.239999999991804, -1.8389212366999648 
9.24999999999178, -1.8377851699066454 
9.259999999991757, -1.8361797536644446 
9.269999999991734, -1.8341498702080437 
9.27999999999171, -1.8319423365081537 
9.289999999991688, -1.8301422656009745 
9.299999999991664, -1.8292922789474588 
9.309999999991641, -1.8292222689945696 
9.319999999991618, -1.8293320627606402 
9.329999999991594, -1.8292280186729226 
9.339999999991571, -1.828737164341432 
9.349999999991548, -1.8276829309350842 
9.359999999991524, -1.8257890627127344 
9.369999999991501, -1.823037680469041 
9.379999999991478, -1.8211831942120482 
9.389999999991455, -1.8243609574776998 
9.399999999991431, -1.8331086463299802 
9.409999999991408, -1.8423922043497871 
9.419999999991385, -1.8489894024462317 
9.429999999991361, -1.8528767759812055 
9.439999999991338, -1.8549031131179272 
9.449999999991315, -1.8557650106234913 
9.459999999991291, -1.8558917228205154 
9.469999999991268, -1.855526251545808 
9.479999999991245, -1.854811682314708 
9.489999999991221, -1.8538563970593327 
9.499999999991198, -1.8527757394285236 
9.509999999991175, -1.8517346124034373 
9.519999999991152, -1.850968025797171 
9.529999999991128, -1.8506159874441503 
9.539999999991105, -1.8505243277162648 
9.549999999991082, -1.850392360226817 
9.559999999991058, -1.8499751217054778 
9.569999999991035, -1.8490245467108923 
9.579999999991012, -1.84708157606184 
9.589999999990988, -1.8432502786915115 
9.599999999990965, -1.8365495521652435 
9.609999999990942, -1.8292341935049514 
9.619999999990918, -1.8309519607763214 
9.629999999990895, -1.8450794242228548 
9.639999999990872, -1.8601651211042072 
9.649999999990849, -1.8696167910023327 
9.659999999990825, -1.87438031915541 
9.669999999990802, -1.8765057212702647 
9.679999999990779, -1.8772646888492992 
9.689999999990755, -1.8772941232101144 
9.699999999990732, -1.8769094352276485 
9.709999999990709, -1.8763049307898723 
9.719999999990685, -1.8756456885604074 
9.729999999990662, -1.8750611825805497 
9.739999999990639, -1.8746306838650653 
9.749999999990616, -1.8743987979540264 
9.759999999990592, -1.8743154700943632 
9.769999999990569, -1.8742079981324966 
9.779999999990546, -1.8738678582541664 
9.789999999990522, -1.8730587344624727 
9.799999999990499, -1.871365105580032 
9.809999999990476, -1.8678934100194033 
9.819999999990452, -1.860881299170036 
9.829999999990429, -1.8482794257507884 
9.839999999990406, -1.8332781378497143 
9.849999999990382, -1.8296357880877938 
9.85999999999036, -1.840508250319358 
9.869999999990336, -1.8522602390656282 
9.879999999990313, -1.8590133538558025 
9.88999999999029, -1.862094101614728 
9.899999999990266, -1.8632803544755046 
9.909999999990243, -1.8635294744168633 
9.91999999999022, -1.8632862611566048 
9.929999999990196, -1.8627970264628302 
9.939999999990173, -1.862284369587441 
9.94999999999015, -1.8619515828927125 
9.959999999990126, -1.8618609785775597 
9.969999999990103, -1.8619352792909756 
9.97999999999008, -1.8620659995843454 
9.989999999990056, -1.8621299588095988 
9.999999999990033, -1.861982448365053 
10.00999999999001, -1.8614574685199208 
10.019999999989986, -1.8603045809815602 
10.029999999989963, -1.8580486517613377 
10.03999999998994, -1.85377531393815 
10.049999999989916, -1.8459573431748324 
10.059999999989893, -1.833191250421277 
10.06999999998987, -1.8180240986922656 
10.079999999989846, -1.8097228351282777 
10.089999999989823, -1.8117198196527269 
10.0999999999898, -1.8166195385075263 
10.109999999989776, -1.8198740694466689 
10.119999999989753, -1.8213783838799635 
10.12999999998973, -1.8218431666761457 
10.139999999989707, -1.8217244360930345 
10.149999999989683, -1.821264102307912 
10.15999999998966, -1.820684265348671 
10.169999999989637, -1.8203274147842188 
10.179999999989613, -1.8205105569157645 
10.18999999998959, -1.821181222701624 
10.199999999989567, -1.8220007731560621 
10.209999999989543, -1.8226926382943227 
10.21999999998952, -1.823118989624644 
10.229999999989497, -1.8232033165253394 
10.239999999989474, -1.8228724197038964 
10.24999999998945, -1.8220151754594223 
10.259999999989427, -1.8204431527039902 
10.269999999989404, -1.817855763947333 
10.27999999998938, -1.8138446006662239 
10.289999999989357, -1.8081028572502091 
10.299999999989334, -1.801211852433126 
10.30999999998931, -1.7955801892486964 
10.319999999989287, -1.7935770730241551 
10.329999999989264, -1.7942374971103028 
10.33999999998924, -1.7953182635882166 
10.349999999989217, -1.7959050076602545 
10.359999999989194, -1.7959542813377858 
10.36999999998917, -1.795562102029658 
10.379999999989147, -1.7947898158860593 
10.389999999989124, -1.7938097187583957 
10.3999999999891, -1.7932546543582493 
10.409999999989077, -1.7941363790396305 
10.419999999989054, -1.796614759787364 
10.42999999998903, -1.7996101662313575 
10.439999999989007, -1.802139503936487 
10.449999999988984, -1.8038974412895894 
10.45999999998896, -1.8049296291981254 
10.469999999988937, -1.8053498386358857 
10.479999999988914, -1.8052457014784313 
10.48999999998889, -1.804661327693808 
10.499999999988868, -1.8036012089187008 
10.509999999988844, -1.8020459815666179 
10.519999999988821, -1.7999968680065284 
10.529999999988798, -1.7975980406474013 
10.539999999988774, -1.7953322769336655 
10.549999999988751, -1.7939075923396017 
10.559999999988728, -1.793523133538087 
10.569999999988704, -1.7936430121734745 
10.579999999988681, -1.793708885690799 
10.589999999988658, -1.7934670914929214 
10.599999999988635, -1.7927815284634572 
10.609999999988611, -1.7914477276810579 
10.619999999988588, -1.7892193358490704 
10.629999999988565, -1.7864980681011033 
10.639999999988541, -1.785995371587762 
10.649999999988518, -1.7913974606137153 
10.659999999988495, -1.8009950333771922 
10.669999999988471, -1.8097699006769208 
10.679999999988448, -1.815668498267959 
10.689999999988425, -1.8190733429508452 
10.699999999988401, -1.8208134862127285 
10.709999999988378, -1.8215096631136531 
10.719999999988355, -1.8215400914600626 
10.729999999988332, -1.8211223213357504 
10.739999999988308, -1.820392316419115 
10.749999999988285, -1.8194622837062089 
10.759999999988262, -1.8184527205932128 
10.769999999988238, -1.817522183345203 
10.779999999988215, -1.8168692082947928 
10.789999999988192, -1.8165811190056125 
10.799999999988168, -1.8164948000967474 
10.809999999988145, -1.8163393478184822 
10.819999999988122, -1.8158869965983009 
10.829999999988098, -1.814883061202084 
10.839999999988075, -1.812840906055834 
10.849999999988052, -1.8087765919884262 
10.859999999988029, -1.8013219021456084 
10.869999999988005, -1.7914623167823531 
10.879999999987982, -1.7883461766104776 
10.889999999987959, -1.7997975931556431 
10.899999999987935, -1.8159440956233346 
10.909999999987912, -1.8270530411543677 
10.919999999987889, -1.8328133156687287 
10.929999999987865, -1.8354280570269914 
10.939999999987842, -1.8364315738117063 
10.949999999987819, -1.83660283352329 
10.959999999987796, -1.8363178576457664 
10.969999999987772, -1.835794835511075 
10.979999999987749, -1.8352200091929496 
10.989999999987726, -1.8347493905763712 
10.999999999987702, -1.834450455598266 
11.009999999987679, -1.8343185968606524 
11.019999999987656, -1.8343021984917105 
11.029999999987632, -1.834276895486799 
11.039999999987609, -1.8340727266295596 
11.049999999987586, -1.833500289031721 
11.059999999987562, -1.8322757259320865 
11.06999999998754, -1.8298406047196405 
11.079999999987516, -1.8250728055091834 
11.089999999987493, -1.8160576257564387 
11.09999999998747, -1.801250405657712 
11.109999999987446, -1.7848993504577653 
11.119999999987423, -1.778822424217384 
11.1299999999874, -1.7844360883023682 
11.139999999987376, -1.791644675432789 
11.149999999987353, -1.7959862025456856 
11.15999999998733, -1.7979817957457818 
11.169999999987306, -1.798685162357645 
11.179999999987283, -1.7987033457629849 
11.18999999998726, -1.79833696680381 
11.199999999987236, -1.7977999279572452 
11.209999999987213, -1.7973668010038621 
11.21999999998719, -1.7973156965969035 
11.229999999987166, -1.7976813366002833 
11.239999999987143, -1.7982448006659575 
11.24999999998712, -1.7987762396097804 
11.259999999987096, -1.7991302801283708 
11.269999999987073, -1.799206941583498 
11.27999999998705, -1.798912101497415 
11.289999999987026, -1.7981190173106936 
11.299999999987003, -1.7966210389583996 
11.30999999998698, -1.7940823964099395 
11.319999999986956, -1.7900139621354334 
11.329999999986933, -1.7839129080413738 
11.33999999998691, -1.7759757556216633 
11.349999999986887, -1.768448177885081 
11.359999999986863, -1.7647469053382578 
11.36999999998684, -1.7649743172699661 
11.379999999986817, -1.7663807341661546 
11.389999999986793, -1.767364649077352 
11.39999999998677, -1.7677113619873412 
11.409999999986747, -1.7675559510180539 
11.419999999986723, -1.7670006925663748 
11.4299999999867, -1.7661443121561624 
11.439999999986677, -1.7653286661348766 
11.449999999986654, -1.7653602520842067 
11.45999999998663, -1.7669128620365278 
11.469999999986607, -1.7695295908869029 
11.479999999986584, -1.7721651385940294 
11.48999999998656, -1.7742178474509256 
11.499999999986537, -1.7755739035567217 
11.509999999986514, -1.7763010001055188 
11.51999999998649, -1.776485276289702 
11.529999999986467, -1.776184005834449 
11.539999999986444, -1.775418240289025 
11.54999999998642, -1.7741788469518962 
11.559999999986397, -1.7724470448769831 
11.569999999986374, -1.7702539767616963 
11.57999999998635, -1.7678257624595424 
11.589999999986327, -1.7657335451045495 
11.599999999986304, -1.7645998239055203 
11.60999999998628, -1.7643959524520798 
11.619999999986257, -1.764532116058687 
11.629999999986234, -1.7645389200918042 
11.63999999998621, -1.7642142446256013 
11.649999999986187, -1.763416080552141 
11.659999999986164, -1.7619067016867622 
11.66999999998614, -1.7594190884999505 
11.679999999986117, -1.7564693800394213 
11.689999999986094, -1.7561415992480067 
11.69999999998607, -1.7623227629622131 
11.709999999986048, -1.7728958540681479 
11.719999999986024, -1.7824285551396852 
11.729999999986001, -1.78878803903002 
11.739999999985978, -1.7924386942340647 
11.749999999985954, -1.7943038235451685 
11.759999999985931, -1.7950685111385476 
11.769999999985908, -1.7951479354091433 
11.779999999985884, -1.7947803720686093 
11.789999999985861, -1.7941153924428666 
11.799999999985838, -1.7932760282718518 
11.809999999985815, -1.7923851024010973 
11.819999999985791, -1.7915772425995502 
11.829999999985768, -1.7910034110823987 
11.839999999985745, -1.7907343183476012 
11.849999999985721, -1.7906438735806318 
11.859999999985698, -1.7904965454560493 
11.869999999985675, -1.7900755149215364 
11.879999999985651, -1.7891375677743326 
11.889999999985628, -1.787231072315436 
11.899999999985605, -1.7834124672741514 
11.909999999985581, -1.776041582728975 
11.919999999985558, -1.7641411400679967 
11.929999999985535, -1.7532988591326562 
11.939999999985512, -1.7558597078435079 
11.949999999985488, -1.7700273293709166 
11.959999999985465, -1.7829047825272255 
11.969999999985442, -1.7902739266265109 
11.979999999985418, -1.7937638497205703 
11.989999999985395, -1.7952059758997205 
11.999999999985372, -1.7956138139383053 
12.009999999985348, -1.7954720839657665 
12.019999999985325, -1.795035087436926 
12.029999999985302, -1.7945060363113416 
12.039999999985278, -1.7940888113284252 
12.049999999985255, -1.7939016130205196 
12.059999999985232, -1.7939179804851957 
12.069999999985209, -1.794043961424262 
12.079999999985185, -1.7941691702947544 
12.089999999985162, -1.7941623110325824 
12.099999999985139, -1.7938805315891124 
12.109999999985115, -1.7931494192638766 
12.119999999985092, -1.791683962769135 
12.129999999985069, -1.7889617009646024 
12.139999999985045, -1.784069772675334 
12.149999999985022, -1.7757125715687425 
12.159999999984999, -1.7632184440122234 
12.169999999984976, -1.7496957028299953 
12.179999999984952, -1.742538659016753 
12.189999999984929, -1.743564377120387 
12.199999999984906, -1.7471217044068936 
12.209999999984882, -1.7496585353732672 
12.219999999984859, -1.7508758356576108 
12.229999999984836, -1.7512327242939942 
12.239999999984812, -1.7510647519233065 
12.249999999984789, -1.7505576053867142 
12.259999999984766, -1.7499037130678279 
12.269999999984742, -1.7494768335467057 
12.27999999998472, -1.7497482488407115 
12.289999999984696, -1.7508003146505193 
12.299999999984673, -1.7521992463228915 
12.30999999998465, -1.7534823850254646 
12.319999999984626, -1.7544256522024884 
12.329999999984603, -1.7549629322178357 
12.33999999998458, -1.7550778187712102 
12.349999999984556, -1.754751227738489 
12.359999999984533, -1.7539379804770039 
12.36999999998451, -1.7525560150468162 
12.379999999984486, -1.7504880125774633 
12.389999999984463, -1.7476197472544737 
12.39999999998444, -1.743992876631669 
12.409999999984416, -1.7401471356028957 
12.419999999984393, -1.73725744547639 
12.42999999998437, -1.7361506793921015 
12.439999999984346, -1.7362929322298253 
12.449999999984323, -1.7366807799016892 
12.4599999999843, -1.7368108317739428 
12.469999999984276, -1.7365597655986313 
12.479999999984253, -1.7358674708368782 
12.48999999998423, -1.734626805439179 
12.499999999984206, -1.7328516404645768 
12.509999999984183, -1.7313809109159959 
12.51999999998416, -1.7325114723135477 
12.529999999984136, -1.7377332707111433 
12.539999999984113, -1.7449355743597934 
12.54999999998409, -1.7512182834476993 
12.559999999984067, -1.7555746488674224 
12.569999999984043, -1.7582265121692617 
12.57999999998402, -1.7596457935367886 
12.589999999983997, -1.760216975191399 
12.599999999983973, -1.7601971167961072 
12.60999999998395, -1.759747373287567 
12.619999999983927, -1.7589753125408685 
12.629999999983903, -1.7579744776211925 
12.63999999998388, -1.756855053359298 
12.649999999983857, -1.755776684562528 
12.659999999983834, -1.754958721985742 
12.66999999998381, -1.754546268877251 
12.679999999983787, -1.754430797375258 
12.689999999983764, -1.7543412653644228 
12.69999999998374, -1.75403903991781 
12.709999999983717, -1.7533143666045006 
12.719999999983694, -1.7518312039956847 
12.72999999998367, -1.7489006675850427 
12.739999999983647, -1.743295740734497 
12.749999999983624, -1.7340639991975866 
12.7599999999836, -1.724840476882947 
12.769999999983577, -1.726403995207964 
12.779999999983554, -1.740668061058134 
12.78999999998353, -1.7557460801069493 
12.799999999983507, -1.7652472803656043 
12.809999999983484, -1.7700631497534125 
12.81999999998346, -1.772227565293628 
12.829999999983437, -1.7730259114068327 
12.839999999983414, -1.77310501488573 
12.84999999998339, -1.7727853780969878 
12.859999999983367, -1.7722702006275146 
12.869999999983344, -1.771751118600679 
12.87999999998332, -1.7713899570619849 
12.889999999983297, -1.7712379608312816 
12.899999999983274, -1.7712492378139024 
12.90999999998325, -1.7713405526275774 
12.919999999983228, -1.771394351031299 
12.929999999983204, -1.771268250909409 
12.939999999983181, -1.770807088129206 
12.949999999983158, -1.7697969589950777 
12.959999999983134, -1.767860758981162 
12.969999999983111, -1.7643085149093765 
12.979999999983088, -1.7579986120312843 
12.989999999983064, -1.7475973589233451 
12.999999999983041, -1.7334565717249593 
13.009999999983018, -1.7210200200308816 
13.019999999982995, -1.7171774831845472 
13.029999999982971, -1.7200064449669046 
13.039999999982948, -1.7235952397264622 
13.049999999982925, -1.725776294071391 
13.059999999982901, -1.7267336081681752 
13.069999999982878, -1.726938007257179 
13.079999999982855, -1.726676787003323 
13.089999999982831, -1.726117001567592 
13.099999999982808, -1.7254741608828428 
13.109999999982785, -1.7251596311159259 
13.119999999982761, -1.7256094879551145 
13.129999999982738, -1.726800007174208 
13.139999999982715, -1.728257137425095 
13.149999999982692, -1.7295504203820815 
13.159999999982668, -1.7304859636556493 
13.169999999982645, -1.7310101955578243 
13.179999999982622, -1.7311120262663988 
13.189999999982598, -1.730777138915828 
13.199999999982575, -1.7299683055027366 
13.209999999982552, -1.7286178101217757 
13.219999999982528, -1.7266322472734206 
13.229999999982505, -1.7239312051902111 
13.239999999982482, -1.7205830468158616 
13.249999999982458, -1.7170858728112868 
13.259999999982435, -1.7144526488151417 
13.269999999982412, -1.713387771017457 
13.279999999982389, -1.7134510373655902 
13.289999999982365, -1.7137666057492542 
13.299999999982342, -1.7138592772236634 
13.309999999982319, -1.7135892948652665 
13.319999999982295, -1.7128745049864773 
13.329999999982272, -1.7115695887045983 
13.339999999982249, -1.7095867293670524 
13.349999999982225, -1.7075850628822806 
13.359999999982202, -1.7080105083530235 
13.369999999982179, -1.7133310809133149 
13.379999999982156, -1.7218443046271432 
13.389999999982132, -1.7297602318749514 
13.399999999982109, -1.7353747467551504 
13.409999999982086, -1.7388232947495799 
13.419999999982062, -1.7407142352763785 
13.429999999982039, -1.7415700080434398 
13.439999999982016, -1.7417414524270423 
13.449999999981992, -1.7414460054442518 
13.459999999981969, -1.7408233674510196 
13.469999999981946, -1.7399851638606685 
13.479999999981922, -1.73904511038801 
13.4899999999819, -1.738132493128252 
13.499999999981876, -1.737403437649879 
13.509999999981853, -1.7369850611497455 
13.51999999998183, -1.736837585267164 
13.529999999981806, -1.7367543808113357 
13.539999999981783, -1.7365100624125962 
13.54999999998176, -1.735902474987516 
13.559999999981736, -1.7346411112915898 
13.569999999981713, -1.7321405467143702 
13.57999999998169, -1.72723464869954 
13.589999999981666, -1.7181694109091428 
13.599999999981643, -1.7047834382431333 
13.60999999998162, -1.6944781718174817 
13.619999999981596, -1.6982456857084363 
13.629999999981573, -1.7116623221509353 
13.63999999998155, -1.7232137424721334 
13.649999999981526, -1.7297910242613834 
13.659999999981503, -1.7329278390915412 
13.66999999998148, -1.7342268402941072 
13.679999999981456, -1.734580454091115 
13.689999999981433, -1.7344217902830046 
13.69999999998141, -1.7339851165295896 
13.709999999981386, -1.7334729061618297 
13.719999999981363, -1.7331104444213647 
13.72999999998134, -1.7330445110184165 
13.739999999981316, -1.7332385971352324 
13.749999999981293, -1.733551241719459 
13.75999999998127, -1.7338444486785658 
13.769999999981247, -1.733997363556686 
13.779999999981223, -1.7338966261379185 
13.7899999999812, -1.73342113539823 
13.799999999981177, -1.7324024351571405 
13.809999999981153, -1.7305696046900418 
13.81999999998113, -1.7274943612600258 
13.829999999981107, -1.7225795519439644 
13.839999999981083, -1.715274701021519 
13.84999999998106, -1.7059660881278382 
13.859999999981037, -1.6973791799480353 
13.869999999981014, -1.6932322045608355 
13.87999999998099, -1.6934773883940881 
13.889999999980967, -1.6950943268411696 
13.899999999980944, -1.6962959911866704 
13.90999999998092, -1.6968121079653447 
13.919999999980897, -1.6967917007517872 
13.929999999980874, -1.6963584048430422 
13.93999999998085, -1.6955877692595613 
13.949999999980827, -1.694677142015927 
13.959999999980804, -1.6942297844543721 
13.96999999998078, -1.6951351623343425 
13.979999999980757, -1.697573231685936 
13.989999999980734, -1.7006469454338948 
13.99999999998071, -1.703409056521819 
14.009999999980687, -1.7054696149807231 
14.019999999980664, -1.7068085294190047 
14.02999999998064, -1.7075189430835844 
14.039999999980617, -1.7076970884110843 
14.049999999980594, -1.7074130988545062 
14.05999999998057, -1.7067093069723889 
14.069999999980547, -1.7056096084662389 
14.079999999980524, -1.7041402596294901 
14.0899999999805, -1.7023728243171914 
14.099999999980477, -1.700506257002176 
14.109999999980454, -1.6989286264858712 
14.11999999998043, -1.6980245225664075 
14.129999999980408, -1.6977778563633028 
14.139999999980384, -1.697801248380537 
14.149999999980361, -1.6977335236194733 
14.159999999980338, -1.6973699046654676 
14.169999999980314, -1.6965302659086798 
14.179999999980291, -1.6948932271851018 
14.189999999980268, -1.6918854667158107 
14.199999999980244, -1.6869818694015013 
14.209999999980221, -1.6816269920309395 
14.219999999980198, -1.6820267431908689 
14.229999999980175, -1.6930819896681826 
14.239999999980151, -1.7086681937095622 
14.249999999980128, -1.7208968500068313 
14.259999999980105, -1.7281852509627567 
14.269999999980081, -1.73197419346674 
14.279999999980058, -1.7337362712313258 
14.289999999980035, -1.734379070036508 
14.299999999980011, -1.7343889873264913 
14.309999999979988, -1.7340278519910926 
14.319999999979965, -1.7334713706538465 
14.329999999979941, -1.732880659785361 
14.339999999979918, -1.7323912506667505 
14.349999999979895, -1.7320700823842266 
14.359999999979872, -1.731923731510694 
14.369999999979848, -1.73190679425007 
14.379999999979825, -1.731903781464488 
14.389999999979802, -1.7317584731784255 
14.399999999979778, -1.7313055107937991 
14.409999999979755, -1.730326544055894 
14.419999999979732, -1.7284356624975206 
14.429999999979708, -1.724906691306065 
14.439999999979685, -1.7184885668235417 
14.449999999979662, -1.7075974643761238 
14.459999999979638, -1.6922148457361144 
14.469999999979615, -1.6778606598346026 
14.479999999979592, -1.6728155204704138 
14.489999999979569, -1.6760982420916377 
14.499999999979545, -1.6807746538230304 
14.509999999979522, -1.6837944022523914 
14.519999999979499, -1.6852481490409292 
14.529999999979475, -1.6857416702588712 
14.539999999979452, -1.6856701774795215 
14.549999999979429, -1.685241186662309 
14.559999999979405, -1.6846238257721893 
14.569999999979382, -1.6841127056866927 
14.579999999979359, -1.6841438817743992 
14.589999999979335, -1.6849491875127725 
14.599999999979312, -1.6862691998733168 
14.609999999979289, -1.6876451302059448 
14.619999999979266, -1.6887760057813896 
14.629999999979242, -1.6895428881091863 
14.639999999979219, -1.689912071220118 
14.649999999979196, -1.689871588992342 
14.659999999979172, -1.689402155997632 
14.669999999979149, -1.6884646772820129 
14.679999999979126, -1.6869977761341066 
14.689999999979102, -1.684929424076401 
14.69999999997908, -1.6822266222978548 
14.709999999979056, -1.6790360725474183 
14.719999999979033, -1.6759075398388252 
14.72999999997901, -1.673724233711452 
14.739999999978986, -1.6729206908697922 
14.749999999978963, -1.6730013190587694 
14.75999999997894, -1.6732383267860307 
14.769999999978916, -1.6732518482596839 
14.779999999978893, -1.6729109367501498 
14.78999999997887, -1.6721060496711075 
14.799999999978846, -1.6706380800781973 
14.809999999978823, -1.668309124373727 
14.8199999999788, -1.6656099358609324 
14.829999999978776, -1.6651434196671562 
14.839999999978753, -1.670536419262661 
14.84999999997873, -1.6808572081077133 
14.859999999978706, -1.691207503577774 
14.869999999978683, -1.6987387642802894 
14.87999999997866, -1.7033781227557838 
14.889999999978636, -1.705940596171184 
14.899999999978613, -1.7071733581877695 
14.90999999997859, -1.7075766871947422 
14.919999999978566, -1.7074526774333971 
14.929999999978543, -1.7069857682820135 
14.93999999997852, -1.7063122115543052 
14.949999999978496, -1.7055601723557536 
14.959999999978473, -1.7048495146663263 
14.96999999997845, -1.7042822237463144 
14.979999999978427, -1.703934295301453 
14.989999999978403, -1.7037971736734705 
14.99999999997838, -1.70373813322971 
15.009999999978357, -1.7035702396607626 
15.019999999978333, -1.7031113810562633 
15.02999999997831, -1.7021323199797673 
15.039999999978287, -1.7002159327950246 
15.049999999978263, -1.6965358643547113 
15.05999999997824, -1.6896024690898663 
15.069999999978217, -1.677535551011463 
15.079999999978194, -1.6607768707830775 
15.08999999997817, -1.647066784117228 
15.099999999978147, -1.6456870471035443 
15.109999999978124, -1.652933850863958 
15.1199999999781, -1.6600704711171932 
15.129999999978077, -1.6643212484419216 
15.139999999978054, -1.666364454661314 
15.14999999997803, -1.6671547414729766 
15.159999999978007, -1.667256515976728 
15.169999999977984, -1.6669535432014566 
15.17999999997796, -1.6664266502932512 
15.189999999977937, -1.6659057470657141 
15.199999999977914, -1.6657194518910288 
15.20999999997789, -1.6660988561865964 
15.219999999977867, -1.6669395294803429 
15.229999999977844, -1.667926236506767 
15.23999999997782, -1.668798887163317 
15.249999999977797, -1.6694186291591038 
15.259999999977774, -1.669716901966132 
15.26999999997775, -1.6696495618712917 
15.279999999977727, -1.6691694324778372 
15.289999999977704, -1.668209732851663 
15.29999999997768, -1.6666765682782931 
15.309999999977657, -1.6644541609223755 
15.319999999977634, -1.6614445486285856 
15.32999999997761, -1.6577014167020674 
15.339999999977588, -1.6537067487605406 
15.349999999977564, -1.6505035423268108 
15.359999999977541, -1.6489736948187397 
15.369999999977518, -1.6488524379007452 
15.379999999977494, -1.64920949151395 
15.389999999977471, -1.6494335845934613 
15.399999999977448, -1.6493275051757093 
15.409999999977424, -1.6488241261700023 
15.419999999977401, -1.647813367113632 
15.429999999977378, -1.646129409340432 
15.439999999977355, -1.643853358091249 
15.449999999977331, -1.642272621081356 
15.459999999977308, -1.6444198782390522 
15.469999999977285, -1.6518498020990098 
15.479999999977261, -1.6615905949904088 
15.489999999977238, -1.6699485370455793 
15.499999999977215, -1.675690189171854 
15.509999999977191, -1.6791654210565068 
15.519999999977168, -1.681052121155521 
15.529999999977145, -1.6819012493194756 
15.539999999977121, -1.682079082180972 
15.549999999977098, -1.681813283817739 
15.559999999977075, -1.6812536537239395 
15.569999999977052, -1.680524074812837 
15.579999999977028, -1.679746948943939 
15.589999999977005, -1.67903735631998 
15.599999999976982, -1.678497054457674 
15.609999999976958, -1.678192277431784 
15.619999999976935, -1.6780844340584735 
15.629999999976912, -1.6780192509721434 
15.639999999976888, -1.677811204599648 
15.649999999976865, -1.6772806473066955 
15.659999999976842, -1.6761839599402948 
15.669999999976818, -1.6740675810825345 
15.679999999976795, -1.6700494410747329 
15.689999999976772, -1.6626026947626968 
15.699999999976749, -1.6499702903130156 
15.709999999976725, -1.6330178541158695 
15.719999999976702, -1.6195812225317539 
15.729999999976679, -1.618059852849998 
15.739999999976655, -1.6246448298365705 
15.749999999976632, -1.6312615721038664 
15.759999999976609, -1.6352726322288884 
15.769999999976585, -1.6372286432516294 
15.779999999976562, -1.6379921724751103 
15.789999999976539, -1.638087734846027 
15.799999999976515, -1.6377817833793458 
15.809999999976492, -1.6372433277015204 
15.819999999976469, -1.6366946831419316 
15.829999999976446, -1.6364832605244886 
15.839999999976422, -1.6369010708683231 
15.849999999976399, -1.6378867933741421 
15.859999999976376, -1.6390935076368045 
15.869999999976352, -1.6402021895864796 
15.879999999976329, -1.6410424147182163 
15.889999999976306, -1.6415432409479052 
15.899999999976282, -1.641673991002055 
15.90999999997626, -1.6414111953446635 
15.919999999976236, -1.640722012387116 
15.929999999976213, -1.639557745332014 
15.93999999997619, -1.637856703856762 
15.949999999976166, -1.6355651919531176 
15.959999999976143, -1.6327047969868065 
15.96999999997612, -1.6295247575091725 
15.979999999976096, -1.6266559747674698 
15.989999999976073, -1.6248631596568206 
15.99999999997605, -1.6243126364427223 
16.009999999976028, -1.6244354560883107 
16.019999999976005, -1.6246182121254822 
16.02999999997598, -1.6245637934022614 
16.039999999975958, -1.6241535952222268 
16.049999999975935, -1.623256563270801 
16.05999999997591, -1.6216269238820271 
16.069999999975888, -1.6189642037114556 
16.079999999975865, -1.6155489477032527 
16.08999999997584, -1.6138907387717396 
16.099999999975818, -1.6185818306817708 
16.109999999975795, -1.6301239895869621 
16.11999999997577, -1.6429776898226958 
16.129999999975748, -1.6527635665747276 
16.139999999975725, -1.658870037446849 
16.1499999999757, -1.6622632034073828 
16.15999999997568, -1.663951043648304 
16.169999999975655, -1.664618194452633 
16.17999999997563, -1.6646699650852022 
16.18999999997561, -1.6643415785720017 
16.199999999975585, -1.663792491268713 
16.20999999997556, -1.6631668690118946 
16.21999999997554, -1.662598656548529 
16.229999999975515, -1.662177286368264 
16.239999999975492, -1.6619377598143796 
16.24999999997547, -1.6618642264001788 
16.259999999975445, -1.6618701726989904 
16.269999999975422, -1.661813006497805 
16.2799999999754, -1.6615394822115672 
16.289999999975375, -1.6608809787415069 
16.299999999975352, -1.6595836385552396 
16.30999999997533, -1.657196335605919 
16.319999999975305, -1.6529330923972168 
16.329999999975282, -1.6456081920158816 
16.33999999997526, -1.6340917787477829 
16.349999999975235, -1.619246268678851 
16.359999999975212, -1.6064374564795774 
16.36999999997519, -1.6017414566863462 
16.379999999975166, -1.6037914538311107 
16.389999999975142, -1.607280297694098 
16.39999999997512, -1.60969517887357 
16.409999999975096, -1.6109081602756876 
16.419999999975072, -1.6113148055153492 
16.42999999997505, -1.6112078367007947 
16.439999999975026, -1.6107420612538106 
16.449999999975002, -1.6100415135748183 
16.45999999997498, -1.6093723638314246 
16.469999999974956, -1.609269889367292 
16.479999999974932, -1.6102570764217958 
16.48999999997491, -1.6122501223927241 
16.499999999974886, -1.6146059049097126 
16.509999999974863, -1.6167382948975004 
16.51999999997484, -1.6183831372238668 
16.529999999974816, -1.619491256866517 
16.539999999974793, -1.6200942904963072 
16.54999999997477, -1.6202393072217582 
16.559999999974746, -1.619966019017869 
16.569999999974723, -1.6193018847941378 
16.5799999999747, -1.6182663126122514 
16.589999999974676, -1.616884096108261 
16.599999999974653, -1.61521330566737 
16.60999999997463, -1.6133968354831016 
16.619999999974606, -1.6117190848009364 
16.629999999974583, -1.6105405371795363 
16.63999999997456, -1.6100162859461569 
16.649999999974536, -1.6099306648386353 
16.659999999974513, -1.6099277322457097 
16.66999999997449, -1.6097533874008398 
16.679999999974466, -1.6092417057293051 
16.689999999974443, -1.6081812118642715 
16.69999999997442, -1.6061609581756193 
16.709999999974396, -1.6024214898502849 
16.719999999974373, -1.595999974558262 
16.72999999997435, -1.5873373437205827 
16.739999999974327, -1.581922649628972 
16.749999999974303, -1.5879401978748893 
16.75999999997428, -1.6033924756690543 
16.769999999974257, -1.6183158132673925 
16.779999999974233, -1.6280116912566729 
16.78999999997421, -1.633222294008564 
16.799999999974187, -1.6357325688202393 
16.809999999974163, -1.6367811580955434 
16.81999999997414, -1.6370390419327225 
16.829999999974117, -1.6368483936041074 
16.839999999974093, -1.636409601846831 
16.84999999997407, -1.6359030005129298 
16.859999999974047, -1.6355282671966094 
16.869999999974024, -1.6354274033659812 
16.879999999974, -1.6355932579723145 
16.889999999973977, -1.6359107970561522 
16.899999999973954, -1.636248713828143 
16.90999999997393, -1.6364883943075632 
16.919999999973907, -1.6365233100020145 
16.929999999973884, -1.6362532919606276 
16.93999999997386, -1.6355633310993904 
16.949999999973837, -1.6342937847234293 
16.959999999973814, -1.6322157092486136 
16.96999999997379, -1.6290245911362349 
16.979999999973767, -1.6243918899010334 
16.989999999973744, -1.618191784380165 
16.99999999997372, -1.611060189845294 
17.009999999973697, -1.6048922739736686 
17.019999999973674, -1.6017158376817235 
17.02999999997365, -1.6014135022196097 
17.039999999973627, -1.6022439082368074 
17.049999999973604, -1.6029817360397303 
17.05999999997358, -1.6032891363584594 
17.069999999973557, -1.6031708890313194 
17.079999999973534, -1.6026502659317647 
17.08999999997351, -1.6016996500997405 
17.099999999973488, -1.60034526792098 
17.109999999973464, -1.5990461658639803 
17.11999999997344, -1.599188481770772 
17.129999999973418, -1.6023719746311962 
17.139999999973394, -1.6082604542366947 
17.14999999997337, -1.614706990618155 
17.159999999973348, -1.620047876398504 
17.169999999973324, -1.6238307544801676 
17.1799999999733, -1.626236922228785 
17.189999999973278, -1.627592149664046 
17.199999999973254, -1.6281849721222934 
17.20999999997323, -1.6282297066961846 
17.219999999973208, -1.6278761509622903 
17.229999999973185, -1.627234876614255 
17.23999999997316, -1.626406041789389 
17.249999999973138, -1.625497736883577 
17.259999999973115, -1.6246292307829346 
17.26999999997309, -1.6239291297923757 
17.279999999973068, -1.6234999306952655 
17.289999999973045, -1.6233290097932263 
17.29999999997302, -1.6232653311751672 
17.309999999972998, -1.62311433582619 
17.319999999972975, -1.622700920427869 
17.32999999997295, -1.6218219770600009 
17.339999999972928, -1.6201255253721505 
17.349999999972905, -1.6169297928363993 
17.35999999997288, -1.6110018088377789 
17.36999999997286, -1.6006058118956077 
17.379999999972835, -1.5850235518345341 
17.38999999997281, -1.5685994843432196 
17.39999999997279, -1.5607421087777253 
17.409999999972765, -1.5640265416823251 
17.41999999997274, -1.5711912960308982 
17.42999999997272, -1.5767079886156599 
17.439999999972695, -1.5797973258065523 
17.449999999972672, -1.5812442462648906 
17.45999999997265, -1.581749133711969 
17.469999999972625, -1.581705358645161 
17.479999999972602, -1.5813146123767121 
17.48999999997258, -1.5807281490377165 
17.499999999972555, -1.5801870524570643 
17.509999999972532, -1.5800780509872108 
17.51999999997251, -1.5807165062082429 
17.529999999972485, -1.5820194029838293 
17.539999999972462, -1.5835833379657667 
17.54999999997244, -1.5850348419072318 
17.559999999972415, -1.5861771700267195 
17.569999999972392, -1.5869401526048494 
17.57999999997237, -1.5873095335495377 
17.589999999972346, -1.5872875893882317 
17.599999999972322, -1.5868757983388024 
17.6099999999723, -1.586069201698162 
17.619999999972276, -1.5848585202359846 
17.629999999972252, -1.5832418630243152 
17.63999999997223, -1.5812545163275693 
17.649999999972206, -1.5790309627758743 
17.659999999972182, -1.5768850631243112 
17.66999999997216, -1.5752712891688723 
17.679999999972136, -1.5744691577651202 
17.689999999972112, -1.5743044813434262 
17.69999999997209, -1.574357797240687 
17.709999999972066, -1.574307338057412 
17.719999999972043, -1.5739783194236066 
17.72999999997202, -1.5732165366054052 
17.739999999971996, -1.5717481335089818 
17.749999999971973, -1.5690490554165015 
17.75999999997195, -1.5643382271779835 
17.769999999971926, -1.5573455380176175 
17.779999999971903, -1.5509546974488337 
17.78999999997188, -1.5525579323729075 
17.799999999971856, -1.5653548906986363 
17.809999999971833, -1.5818476601059983 
17.81999999997181, -1.594502496739772 
17.829999999971786, -1.6020179189482 
17.839999999971763, -1.6059263923447795 
17.84999999997174, -1.6077609780989661 
17.859999999971716, -1.6084648363267715 
17.869999999971693, -1.6085388858432057 
17.87999999997167, -1.6082477518508138 
17.889999999971646, -1.607768400365589 
17.899999999971623, -1.6072823192531147 
17.9099999999716, -1.6069792981247162 
17.919999999971576, -1.6069630917329314 
17.929999999971553, -1.6071913061684058 
17.93999999997153, -1.6075407865077325 
17.949999999971507, -1.6078838380350962 
17.959999999971483, -1.6081062545288003 
17.96999999997146, -1.6081071019817663 
17.979999999971437, -1.6077912414753868 
17.989999999971413, -1.6070484346800644 
17.99999999997139, -1.6057292427698222 
18.009999999971367, -1.603629376416091 
18.019999999971343, -1.6004937053310617 
18.02999999997132, -1.5960743671929343 
18.039999999971297, -1.590336915457451 
18.049999999971273, -1.583912637708384 
18.05999999997125, -1.5784270251188999 
18.069999999971227, -1.5755287912036116 
18.079999999971204, -1.5751191293487463 
18.08999999997118, -1.5757586824626733 
18.099999999971157, -1.5763720994377017 
18.109999999971134, -1.5766182822537984 
18.11999999997111, -1.576468219174894 
18.129999999971087, -1.575916640513132 
18.139999999971064, -1.5749011507995332 
18.14999999997104, -1.573376437387401 
18.159999999971017, -1.5716792197908185 
18.169999999970994, -1.5712157470824848 
18.17999999997097, -1.5741921989803378 
18.189999999970947, -1.5810145513873128 
18.199999999970924, -1.5892410574418478 
18.2099999999709, -1.5963590839653974 
18.219999999970877, -1.6014731730962417 
18.229999999970854, -1.604746139292552 
18.23999999997083, -1.6066330817872352 
18.249999999970807, -1.6075536334272393 
18.259999999970784, -1.6078164977641147 
18.26999999997076, -1.6076299239723166 
18.279999999970737, -1.6071369468693146 
18.289999999970714, -1.6064548803501921 
18.29999999997069, -1.6057010384470378 
18.309999999970668, -1.6049901064800092 
18.319999999970644, -1.6044194984586369 
18.32999999997062, -1.6040578898993136 
18.339999999970598, -1.603907087640359 
18.349999999970574, -1.6038670312010939 
18.35999999997055, -1.6037773266999351 
18.369999999970528, -1.6034776916436688 
18.379999999970504, -1.6027973114485927 
18.38999999997048, -1.6014774599103903 
18.399999999970458, -1.5990531335656635 
18.409999999970434, -1.594706240980723 
18.41999999997041, -1.5871887792657045 
18.429999999970388, -1.5752588764631152 
18.439999999970365, -1.5595598303839777 
18.44999999997034, -1.5452364030750558 
18.459999999970318, -1.5389492159502307 
18.469999999970295, -1.5404688877843087 
18.47999999997027, -1.5443770443639835 
18.489999999970248, -1.5474002951030752 
18.499999999970225, -1.5490738583892854 
18.5099999999702, -1.5497840145826178 
18.519999999970178, -1.5498871109978842 
18.529999999970155, -1.5495813826376952 
18.53999999997013, -1.548975544027727 
18.549999999970108, -1.5482183118940487 
18.559999999970085, -1.5476765075424552 
18.56999999997006, -1.5479706141028817 
18.57999999997004, -1.549529494228031 
18.589999999970015, -1.5520675490734719 
18.59999999996999, -1.554851524598154 
18.60999999996997, -1.557309872517195 
18.619999999969945, -1.5592061255732295 
18.62999999996992, -1.5605099881568834 
18.6399999999699, -1.561269566248075 
18.649999999969875, -1.5615501929269655 
18.659999999969852, -1.561412745083202 
18.66999999996983, -1.5609086672149803 
18.679999999969805, -1.5600835252882255 
18.689999999969782, -1.558987851480886 
18.69999999996976, -1.5576943140320412 
18.709999999969735, -1.5563202846119353 
18.719999999969712, -1.5550494638623409 
18.72999999996969, -1.554103606140276 
18.739999999969665, -1.5536050417684528 
18.749999999969642, -1.5534529465716642 
18.75999999996962, -1.5534053638268381 
18.769999999969595, -1.5532411912289237 
18.779999999969572, -1.5527925280094013 
18.78999999996955, -1.5518617753297157 
18.799999999969526, -1.550090282673692 
18.809999999969502, -1.546778634794378 
18.81999999996948, -1.5406935218626596 
18.829999999969456, -1.5302635683647365 
18.839999999969432, -1.5154481795232537 
18.84999999996941, -1.5016117347245441 
18.859999999969386, -1.4977672950391476 
18.869999999969362, -1.5047056451620033 
18.87999999996934, -1.5144278683803407 
18.889999999969316, -1.5215559078820842 
18.899999999969292, -1.525586989446917 
18.90999999996927, -1.527563325927913 
18.919999999969246, -1.5283727655943464 
18.929999999969223, -1.5285220161864772 
18.9399999999692, -1.528268834212661 
18.949999999969176, -1.5277658523621898 
18.959999999969153, -1.5271893298114647 
18.96999999996913, -1.5268370553627153 
18.979999999969106, -1.527065630049651 
18.989999999969083, -1.5280115943029768 
18.99999999996906, -1.5294428819203312 
19.009999999969036, -1.5309777022290907 
19.019999999969013, -1.5323337940969814 
19.02999999996899, -1.533372918036692 
19.039999999968966, -1.5340457987470306 
19.049999999968943, -1.534342738113356 
19.05999999996892, -1.5342671225173572 
19.069999999968896, -1.5338237966062007 
19.079999999968873, -1.533015997388972 
19.08999999996885, -1.5318487125495273 
19.099999999968826, -1.5303401514204706 
19.109999999968803, -1.5285462500631026 
19.11999999996878, -1.5266039699642693 
19.129999999968756, -1.5247764092515717 
19.139999999968733, -1.523406302875434 
19.14999999996871, -1.5226919901299751 
19.159999999968687, -1.5225003275471227 
19.169999999968663, -1.5225037654404656 
19.17999999996864, -1.5224261854060217 
19.189999999968617, -1.5220959832120076 
19.199999999968593, -1.521353920718904 
19.20999999996857, -1.5199270848076918 
19.219999999968547, -1.5172793690816464 
19.229999999968523, -1.5124579011600303 
19.2399999999685, -1.5042522409459846 
19.249999999968477, -1.4927463780195607 
19.259999999968453, -1.4827465653577074 
19.26999999996843, -1.482665901264909 
19.279999999968407, -1.4934459730433443 
19.289999999968384, -1.5067398053962122 
19.29999999996836, -1.5164644533238731 
19.309999999968337, -1.522052492600419 
19.319999999968314, -1.5248776529742905 
19.32999999996829, -1.5261424102605243 
19.339999999968267, -1.5265500127425238 
19.349999999968244, -1.5264629259725 
19.35999999996822, -1.5260756728915204 
19.369999999968197, -1.525547231848361 
19.379999999968174, -1.5251000067904257 
19.38999999996815, -1.5250191570041411 
19.399999999968127, -1.525481976618944 
19.409999999968104, -1.5263976690965764 
19.41999999996808, -1.5275000249397739 
19.429999999968057, -1.528543693143432 
19.439999999968034, -1.529378401080003 
19.44999999996801, -1.5299269415211048 
19.459999999967987, -1.5301509195770069 
19.469999999967964, -1.5300279057752877 
19.47999999996794, -1.5295387822910507 
19.489999999967917, -1.5286627847097447 
19.499999999967894, -1.5273789198338295 
19.50999999996787, -1.5256756099226112 
19.519999999967848, -1.5235758919211708 
19.529999999967824, -1.521190456558425 
19.5399999999678, -1.5187936742033423 
19.549999999967778, -1.5168273775138401 
19.559999999967754, -1.5156652048842965 
19.56999999996773, -1.515280387081337 
19.579999999967708, -1.5152949529339843 
19.589999999967684, -1.5153302482825184 
19.59999999996766, -1.5151668661544258 
19.609999999967638, -1.5146685735095395 
19.619999999967614, -1.5136527398750261 
19.62999999996759, -1.511763583503949 
19.639999999967568, -1.5083476500349147 
19.649999999967545, -1.5025051046005136 
19.65999999996752, -1.4940654993151 
19.669999999967498, -1.4863550732037167 
19.679999999967475, -1.4869152937773797 
19.68999999996745, -1.4986950583976415 
19.699999999967428, -1.5144712429846003 
19.709999999967405, -1.5268536928251266 
19.71999999996738, -1.5343231232822716 
19.729999999967358, -1.5382509667985078 
19.739999999967335, -1.5401185346430144 
19.74999999996731, -1.5408576272000392 
19.759999999967288, -1.5409655062449688 
19.769999999967265, -1.540701136533982 
19.77999999996724, -1.5402324615625103 
19.78999999996722, -1.5397415140757071 
19.799999999967195, -1.5394594573945668 
19.80999999996717, -1.5395707059421029 
19.81999999996715, -1.5400722327448606 
19.829999999967125, -1.5407930793878064 
19.8399999999671, -1.5415355151181598 
19.84999999996708, -1.5421536288775888 
19.859999999967055, -1.5425525437238226 
19.869999999967032, -1.5426689970825083 
19.87999999996701, -1.5424538043333433 
19.889999999966985, -1.5418583378473736 
19.899999999966962, -1.5408273863784565 
19.90999999996694, -1.5392992517342534 
19.919999999966915, -1.5372156580730842 
19.929999999966892, -1.5345530648297672 
19.93999999996687, -1.5313999279551038 
19.949999999966845, -1.5280890143122285 
19.959999999966822, -1.5252576296530715 
19.9699999999668, -1.5235339325513382 
19.979999999966775, -1.5229712696182194 
19.989999999966752, -1.5230456450605545 
19.99999999996673, -1.5232120134920506 
20.009999999966706, -1.5231854494639667 
20.019999999966682, -1.5228424036551336 
20.02999999996666, -1.5220596806791833 
20.039999999966636, -1.5205992123148029 
20.049999999966612, -1.5180409494784015 
20.05999999996659, -1.5139268942250694 
20.069999999966566, -1.5087230384427275 
20.079999999966542, -1.5059211749356438 
20.08999999996652, -1.5113812276562448 
20.099999999966496, -1.525611925941551 
20.109999999966472, -1.541618420392759 
20.11999999996645, -1.553721288793678 
20.129999999966426, -1.5611068114103168 
20.139999999966403, -1.565100868520498 
20.14999999996638, -1.5670599833220762 
20.159999999966356, -1.5678670000933606 
20.169999999966333, -1.5680163219629804 
20.17999999996631, -1.5677772497691638 
20.189999999966286, -1.567323079669599 
20.199999999966263, -1.5668188232719387 
20.20999999996624, -1.5664436460874078 
20.219999999966216, -1.566324245341712 
20.229999999966193, -1.566462144670491 
20.23999999996617, -1.5667623573985776 
20.249999999966146, -1.567105010253742 
20.259999999966123, -1.567375258397272 
20.2699999999661, -1.5674693606544763 
20.279999999966076, -1.5672943369040415 
20.289999999966053, -1.566754325502502 
20.29999999996603, -1.5657302149489447 
20.309999999966006, -1.5640650258283748 
20.319999999965983, -1.5615628882143495 
20.32999999996596, -1.5580155415874735 
20.339999999965936, -1.5533002580854542 
20.349999999965913, -1.547630905530376 
20.35999999996589, -1.541927070764285 
20.369999999965867, -1.537718441896548 
20.379999999965843, -1.5359223538942566 
20.38999999996582, -1.5359104994294581 
20.399999999965797, -1.5364668130857981 
20.409999999965773, -1.5368816941171666 
20.41999999996575, -1.5369537549774297 
20.429999999965727, -1.5366527599990198 
20.439999999965703, -1.5359295703988136 
20.44999999996568, -1.5346633299820587 
20.459999999965657, -1.532750371117891 
20.469999999965633, -1.5305487773299302 
20.47999999996561, -1.5297841187386825 
20.489999999965587, -1.5333735101896306 
20.499999999965564, -1.5421010439391425 
20.50999999996554, -1.5528381250871215 
20.519999999965517, -1.5621118636743536 
20.529999999965494, -1.5686588818101435 
20.53999999996547, -1.5727471881413297 
20.549999999965447, -1.5750586795499761 
20.559999999965424, -1.5761972836016107 
20.5699999999654, -1.5765852980780257 
20.579999999965377, -1.576491370576473 
20.589999999965354, -1.5760887538517334 
20.59999999996533, -1.5755125763919466 
20.609999999965307, -1.5748956737662336 
20.619999999965284, -1.5743611743629367 
20.62999999996526, -1.5739883395757754 
20.639999999965237, -1.573801348044864 
20.649999999965214, -1.5737729883466895 
20.65999999996519, -1.5738175602939737 
20.669999999965167, -1.5738073161315482 
20.679999999965144, -1.573608142766024 
20.68999999996512, -1.5730813164296942 
20.699999999965097, -1.5720423633070644 
20.709999999965074, -1.5702008498058988 
20.71999999996505, -1.5671013416170165 
20.729999999965028, -1.5621028337937608 
20.739999999965004, -1.5545172047998512 
20.74999999996498, -1.5441891462586104 
20.759999999964958, -1.532687190708296 
20.769999999964934, -1.5237242169349143 
20.77999999996491, -1.520124615345649 
20.789999999964888, -1.5206399178150003 
20.799999999964864, -1.52233671128711 
20.80999999996484, -1.5236569297815374 
20.819999999964818, -1.5243255282928856 
20.829999999964794, -1.5244615166404742 
20.83999999996477, -1.5241822277961863 
20.849999999964748, -1.5235322837019112 
20.859999999964725, -1.522541359919268 
20.8699999999647, -1.5214172152921468 
20.879999999964678, -1.5208829179723826 
20.889999999964655, -1.5221717174855813 
20.89999999996463, -1.5259337601266345 
20.909999999964608, -1.531260812938174 
20.919999999964585, -1.536592332421512 
20.92999999996456, -1.5409616182489265 
20.939999999964538, -1.5441262042662804 
20.949999999964515, -1.5462027626228971 
20.95999999996449, -1.5474060192994326 
20.969999999964468, -1.5479425412255194 
20.979999999964445, -1.5479798446350472 
20.98999999996442, -1.547645425625622 
20.9999999999644, -1.547040669967145 
21.009999999964375, -1.546261466335058 
21.01999999996435, -1.545412272510736 
21.02999999996433, -1.544604009846594 
21.039999999964305, -1.5439442586325103 
21.04999999996428, -1.5435164938829151 
21.05999999996426, -1.5433276107509513 
21.069999999964235, -1.5432748276022896 
21.079999999964212, -1.5431957191245902 
21.08999999996419, -1.542932829064221 
21.099999999964165, -1.5423286366899207 
21.109999999964142, -1.5411595016134254 
21.11999999996412, -1.539037323611439 
21.129999999964095, -1.5352909648467872 
21.139999999964072, -1.5288862984193499 
21.14999999996405, -1.5186433910599706 
21.159999999964025, -1.5043570559348074 
21.169999999964002, -1.4889567326409856 
21.17999999996398, -1.4784459307865854 
21.189999999963955, -1.4759490658396708 
21.199999999963932, -1.4783301893859182 
21.20999999996391, -1.4814039324333792 
21.219999999963886, -1.4835138313607699 
21.229999999963862, -1.4846115998698373 
21.23999999996384, -1.485000678519576 
21.249999999963816, -1.4849108993009505 
21.259999999963792, -1.4844578622830675 
21.26999999996377, -1.4837064330845013 
21.279999999963746, -1.4828042747801198 
21.289999999963722, -1.482198871431527 
21.2999999999637, -1.4827140093566844 
21.309999999963676, -1.4850074160915028 
21.319999999963652, -1.488789299042492 
21.32999999996363, -1.4930384663932372 
21.339999999963606, -1.4968704820134557 
21.349999999963583, -1.4998901864870522 
21.35999999996356, -1.5020455361104492 
21.369999999963536, -1.5034294799925252 
21.379999999963513, -1.5041732134827646 
21.38999999996349, -1.504403729219273 
21.399999999963466, -1.5042298853867961 
21.409999999963443, -1.5037424617648252 
21.41999999996342, -1.5030242048193325 
21.429999999963396, -1.5021640186637315 
21.439999999963373, -1.5012641915906628 
21.44999999996335, -1.5004359372635294 
21.459999999963326, -1.4997877402760544 
21.469999999963303, -1.4993929921215536 
21.47999999996328, -1.4992338565282766 
21.489999999963256, -1.4991892241043936 
21.499999999963233, -1.499097481042668 
21.50999999996321, -1.498809452203302 
21.519999999963186, -1.4981728490994992 
21.529999999963163, -1.4969688765171443 
21.53999999996314, -1.494827081398396 
21.549999999963116, -1.4911326475038007 
21.559999999963093, -1.4849827977244445 
21.56999999996307, -1.4753926791173562 
21.579999999963047, -1.462163350907773 
21.589999999963023, -1.4474920815666465 
21.599999999963, -1.4362271006185678 
21.609999999962977, -1.4318077521183579 
21.619999999962953, -1.4326268817391665 
21.62999999996293, -1.435028934881569 
21.639999999962907, -1.4369926543710403 
21.649999999962883, -1.4381249083244723 
21.65999999996286, -1.4385870348416896 
21.669999999962837, -1.4385692458045303 
21.679999999962813, -1.438173537961 
21.68999999996279, -1.4374322114999185 
21.699999999962767, -1.4363944416533239 
21.709999999962744, -1.4353303342685781 
21.71999999996272, -1.4350254062564347 
21.729999999962697, -1.436686765859918 
21.739999999962674, -1.440917598553217 
21.74999999996265, -1.4468657871560024 
21.759999999962627, -1.4529795442450222 
21.769999999962604, -1.4581716692357969 
21.77999999996258, -1.462071139820284 
21.789999999962557, -1.464735185842555 
21.799999999962534, -1.466379922686124 
21.80999999996251, -1.4672438021525043 
21.819999999962487, -1.4675334694327409 
21.829999999962464, -1.4674096858779586 
21.83999999996244, -1.4669954584206262 
21.849999999962417, -1.4663967831673088 
21.859999999962394, -1.4657224932592465 
21.86999999996237, -1.4650847400709721 
21.879999999962347, -1.4645770670797218 
21.889999999962324, -1.4642540513462297 
21.8999999999623, -1.4641225536241371 
21.909999999962277, -1.4641316132012907 
21.919999999962254, -1.464177232792529 
21.92999999996223, -1.4641353086042455 
21.939999999962208, -1.4638869097877625 
21.949999999962184, -1.4633086260316197 
21.95999999996216, -1.462240989632717 
21.969999999962138, -1.4604571304233562 
21.979999999962114, -1.457648012445104 
21.98999999996209, -1.4534451838401479 
21.999999999962068, -1.4475239997210836 
22.009999999962044, -1.4398659895503583 
22.01999999996202, -1.4312180158133108 
22.029999999961998, -1.423382820948173 
22.039999999961974, -1.4183847361535733 
22.04999999996195, -1.4166963075302799 
22.059999999961928, -1.4170068259866615 
22.069999999961905, -1.4178319985586847 
22.07999999996188, -1.4184478880969658 
22.089999999961858, -1.4186845821368446 
22.099999999961835, -1.4185481782008733 
22.10999999996181, -1.4180343808246927 
22.119999999961788, -1.4170689622271517 
22.129999999961765, -1.4155184105041632 
22.13999999996174, -1.4133449834917795 
22.149999999961718, -1.4111237135537782 
22.159999999961695, -1.4108479957394857 
22.16999999996167, -1.4154640065243966 
22.179999999961648, -1.4257188071021658 
22.189999999961625, -1.438490963244218 
22.1999999999616, -1.4499229963238593 
22.20999999996158, -1.4582587543756427 
22.219999999961555, -1.4635915666545796 
22.22999999996153, -1.4666890216500355 
22.23999999996151, -1.4683115787094487 
22.249999999961485, -1.4690108634170698 
22.25999999996146, -1.4691370905869447 
22.26999999996144, -1.4689043913838935 
22.279999999961415, -1.468460897217047 
22.289999999961392, -1.4679463783983253 
22.29999999996137, -1.4675140954620667 
22.309999999961345, -1.4672926550501046 
22.319999999961322, -1.467323987929984 
22.3299999999613, -1.4675570002014058 
22.339999999961275, -1.467893744982486 
22.349999999961252, -1.4682257935194005 
22.35999999996123, -1.4684500099258107 
22.369999999961205, -1.4684766793305815 
22.379999999961182, -1.4682271591177871 
22.38999999996116, -1.4676229294561574 
22.399999999961135, -1.4665763574278594 
22.409999999961112, -1.4649896208662323 
22.41999999996109, -1.4627634540969114 
22.429999999961066, -1.4598209188901918 
22.439999999961042, -1.4561639518202312 
22.44999999996102, -1.4519881597334048 
22.459999999960996, -1.447826424446594 
22.469999999960972, -1.4445041428885272 
22.47999999996095, -1.4426421649737964 
22.489999999960926, -1.4421144864788 
22.499999999960902, -1.4422590977812515 
22.50999999996088, -1.4424941675636773 
22.519999999960856, -1.4425384195355277 
22.529999999960832, -1.442283637089599 
22.53999999996081, -1.4416370302954178 
22.549999999960786, -1.440416619757009 
22.559999999960763, -1.4382768574836575 
22.56999999996074, -1.4347174790655957 
22.579999999960716, -1.4295011059452618 
22.589999999960693, -1.4240956016893624 
22.59999999996067, -1.4232625243807444 
22.609999999960646, -1.4318618638020113 
22.619999999960623, -1.4477002225808473 
22.6299999999606, -1.4634705297826036 
22.639999999960576, -1.4747892756287693 
22.649999999960553, -1.4815474875854686 
22.65999999996053, -1.485166812655366 
22.669999999960506, -1.4869296638024825 
22.679999999960483, -1.4876437502798092 
22.68999999996046, -1.4877548973569805 
22.699999999960436, -1.4875043491790092 
22.709999999960413, -1.4870507369413883 
22.71999999996039, -1.4865602091589913 
22.729999999960366, -1.4862425513376727 
22.739999999960343, -1.4862816733247564 
22.74999999996032, -1.4867104024253277 
22.759999999960296, -1.4873972809586624 
22.769999999960273, -1.4881574088750704 
22.77999999996025, -1.488838783817653 
22.789999999960227, -1.489337262751039 
22.799999999960203, -1.4895842301100597 
22.80999999996018, -1.4895319326483218 
22.819999999960157, -1.489141162755836 
22.829999999960133, -1.488373952552936 
22.83999999996011, -1.4871921249772853 
22.849999999960087, -1.4855619468907204 
22.859999999960063, -1.4834688583652904 
22.86999999996004, -1.4809527769963196 
22.879999999960017, -1.4781759085831 
22.889999999959993, -1.475498177569926 
22.89999999995997, -1.4734251927291733 
22.909999999959947, -1.4722938331314117 
22.919999999959924, -1.4719742895413055 
22.9299999999599, -1.4720301109700444 
22.939999999959877, -1.4720837997682437 
22.949999999959854, -1.4719317588416119 
22.95999999995983, -1.4714502352426466 
22.969999999959807, -1.4704711005930664 
22.979999999959784, -1.4686661989994008 
22.98999999995976, -1.465429735952365 
22.999999999959737, -1.4598822606010569 
23.009999999959714, -1.4515742419979336 
23.01999999995969, -1.4427812533210975 
23.029999999959667, -1.44017865150565 
23.039999999959644, -1.4487016595255247 
23.04999999995962, -1.4636900669496753 
23.059999999959597, -1.477123065884209 
23.069999999959574, -1.4858851607772963 
23.07999999995955, -1.4907292263067669 
23.089999999959527, -1.4931471772852025 
23.099999999959504, -1.4942078016308273 
23.10999999995948, -1.4945117635917229 
23.119999999959457, -1.4943706142681505 
23.129999999959434, -1.4939605444696449 
23.13999999995941, -1.493439088869826 
23.149999999959388, -1.4930267811052786 
23.159999999959364, -1.4929878401481815 
23.16999999995934, -1.4934678376198507 
23.179999999959318, -1.4943684298456446 
23.189999999959294, -1.4954431404599982 
23.19999999995927, -1.4964659948304644 
23.209999999959248, -1.4972939304030481 
23.219999999959224, -1.4978497843489196 
23.2299999999592, -1.498093788297333 
23.239999999959178, -1.4980034891087852 
23.249999999959154, -1.49756223627935 
23.25999999995913, -1.4967545629921732 
23.269999999959108, -1.4955672361545627 
23.279999999959085, -1.4939970796407702 
23.28999999995906, -1.492070448958124 
23.299999999959038, -1.4898823427346057 
23.309999999959015, -1.4876534479130292 
23.31999999995899, -1.485745682883555 
23.329999999958968, -1.4845079470059495 
23.339999999958945, -1.483996776317142 
23.34999999995892, -1.4839316035810435 
23.359999999958898, -1.483957928521757 
23.369999999958875, -1.4838386579996246 
23.37999999995885, -1.4834287020185477 
23.389999999958828, -1.4825643644574575 
23.399999999958805, -1.4809419259807028 
23.40999999995878, -1.4779750908562632 
23.41999999995876, -1.4726759822799986 
23.429999999958735, -1.463947009389622 
23.43999999995871, -1.4523321474946704 
23.44999999995869, -1.4430726859823206 
23.459999999958665, -1.4438676258973628 
23.46999999995864, -1.4546786692572446 
23.47999999995862, -1.4675439677969588 
23.489999999958595, -1.4769693245410176 
23.499999999958572, -1.4824515409442938 
23.50999999995855, -1.4852648652512697 
23.519999999958525, -1.4865479442908407 
23.529999999958502, -1.4869796282686671 
23.53999999995848, -1.4869139833993927 
23.549999999958455, -1.4865387035254467 
23.559999999958432, -1.4860002904479805 
23.56999999995841, -1.4855091145223742 
23.579999999958385, -1.4853716476248242 
23.589999999958362, -1.4858437086786784 
23.59999999995834, -1.4869078633073065 
23.609999999958315, -1.488287685660129 
23.619999999958292, -1.4896719918816919 
23.62999999995827, -1.4908554868111081 
23.639999999958246, -1.4917373619454923 
23.649999999958222, -1.4922780490982015 
23.6599999999582, -1.4924666151142079 
23.669999999958176, -1.4923030542255116 
23.679999999958152, -1.4917905230828954 
23.68999999995813, -1.4909339899577565 
23.699999999958106, -1.4897444320436142 
23.709999999958082, -1.4882503051014435 
23.71999999995806, -1.4865195485249525 
23.729999999958036, -1.4846938968934957 
23.739999999958012, -1.483016122537241 
23.74999999995799, -1.4817754172977733 
23.759999999957966, -1.4811219398299735 
23.769999999957943, -1.4809300252195745 
23.77999999995792, -1.4809141433611732 
23.789999999957896, -1.4808258292764183 
23.799999999957873, -1.480500424817516 
23.80999999995785, -1.4797818871269595 
23.819999999957826, -1.4784114537725876 
23.829999999957803, -1.4758883399210125 
23.83999999995778, -1.4712975104512889 
23.849999999957756, -1.4632672872477004 
23.859999999957733, -1.4507604667795815 
23.86999999995771, -1.4357511456954886 
23.879999999957686, -1.4253855725228322 
23.889999999957663, -1.4259117865122444 
23.89999999995764, -1.4342524966301105 
23.909999999957616, -1.4431848578773845 
23.919999999957593, -1.449326754551224 
23.92999999995757, -1.4527732484626523 
23.939999999957546, -1.4544733432779926 
23.949999999957523, -1.4551629836082896 
23.9599999999575, -1.4552604832456437 
23.969999999957476, -1.4549794773756553 
23.979999999957453, -1.4544459629502193 
23.98999999995743, -1.4538138545132706 
23.999999999957407, -1.453380211692425 
24.009999999957383, -1.4535825708216206 
24.01999999995736, -1.4547247364839728 
24.029999999957337, -1.4566696209870809 
24.039999999957313, -1.458949439023033 
24.04999999995729, -1.4611210126662288 
24.059999999957267, -1.4629339128005936 
24.069999999957243, -1.4642962251873421 
24.07999999995722, -1.4651992815708046 
24.089999999957197, -1.465669122285235 
24.099999999957173, -1.4657437296802214 
24.10999999995715, -1.4654640201225644 
24.119999999957127, -1.4648717864121539 
24.129999999957104, -1.4640130505267628 
24.13999999995708, -1.462946635121918 
24.149999999957057, -1.461755187262155 
24.159999999957034, -1.460554517067616 
24.16999999995701, -1.4594945744877195 
24.179999999956987, -1.458726320412853 
24.189999999956964, -1.4583149573685152 
24.19999999995694, -1.4581750765464392 
24.209999999956917, -1.458123267779401 
24.219999999956894, -1.4579792334672725 
24.22999999995687, -1.4575948146434248 
24.239999999956847, -1.4568058177328367 
24.249999999956824, -1.4553485775771509 
24.2599999999568, -1.452754178470967 
24.269999999956777, -1.4482312399288841 
24.279999999956754, -1.4406362437735147 
24.28999999995673, -1.4288666606285407 
24.299999999956707, -1.4132242042436798 
24.309999999956684, -1.397297107275335 
24.31999999995666, -1.386881881815612 
24.329999999956637, -1.384355896658065 
24.339999999956614, -1.3866169263894679 
24.34999999995659, -1.3897462404755356 
24.359999999956568, -1.3920379608613045 
24.369999999956544, -1.3933303072219767 
24.37999999995652, -1.3938846681955945 
24.389999999956498, -1.393933749359521 
24.399999999956474, -1.3936024731858307 
24.40999999995645, -1.392936419794498 
24.419999999956428, -1.3919760134987482 
24.429999999956404, -1.390917928329643 
24.43999999995638, -1.3903777532350226 
24.449999999956358, -1.3914524799409598 
24.459999999956334, -1.3950138044014337 
24.46999999995631, -1.400703425461596 
24.479999999956288, -1.4071327321502984 
24.489999999956265, -1.412999915907413 
24.49999999995624, -1.4176632031898255 
24.509999999956218, -1.4210173890840652 
24.519999999956195, -1.4232188183328014 
24.52999999995617, -1.4245050666809682 
24.539999999956148, -1.42510755544146 
24.549999999956125, -1.4252168245348655 
24.5599999999561, -1.4249781299210944 
24.569999999956078, -1.4245062518843135 
24.579999999956055, -1.4239087230737766 
24.58999999995603, -1.4233002132045631 
24.599999999956008, -1.4227905065202422 
24.609999999955985, -1.4224539391559319 
24.61999999995596, -1.4223121315614597 
24.62999999995594, -1.4223361504688186 
24.639999999955915, -1.4224520306262591 
24.64999999995589, -1.4225557098903336 
24.65999999995587, -1.4225384764755042 
24.669999999955845, -1.4222995632315005 
24.67999999995582, -1.4217365581949166 
24.6899999999558, -1.4207277427689824 
24.699999999955775, -1.4191219768428804 
24.709999999955752, -1.4167441891506747 
24.71999999995573, -1.4134217047785516 
24.729999999955705, -1.4090437407139949 
24.739999999955682, -1.4036817739480616 
24.74999999995566, -1.3977839468393187 
24.759999999955635, -1.3923072667728293 
24.769999999955612, -1.388401669285121 
24.77999999995559, -1.3865727752701118 
24.789999999955565, -1.3862907987984736 
24.799999999955542, -1.3866348362389267 
24.80999999995552, -1.3869850200211062 
24.819999999955495, -1.3870967610349898 
24.829999999955472, -1.3868975258506955 
24.83999999995545, -1.3863256626565146 
24.849999999955426, -1.3852419183490763 
24.859999999955402, -1.3833742892555825 
24.86999999995538, -1.3803270465978263 
24.879999999955356, -1.3758791793794283 
24.889999999955332, -1.3710300628447973 
24.89999999995531, -1.3694375206311482 
24.909999999955286, -1.3758958849713188 
24.919999999955262, -1.3904004132338053 
24.92999999995524, -1.4069614444770135 
24.939999999955216, -1.4201645170122243 
24.949999999955192, -1.4286722919145391 
24.95999999995517, -1.4335042460826095 
24.969999999955146, -1.4360139081314818 
24.979999999955123, -1.4371752525495576 
24.9899999999551, -1.4375624216545737 
24.999999999955076, -1.4374884198136526 
