t, s[1].omega / s[0].omega 
0, -0.19999781929276567 
0.009999999999999995, -0.19987591149719688 
0.019999999999999934, -0.1999290002847119 
0.029999999999999874, -0.20011340989231824 
0.04000000000000012, -0.20036534923789553 
0.050000000000000405, -0.20061521394909057 
0.06000000000000069, -0.20080328747455697 
0.07000000000000098, -0.20088902971581413 
0.08000000000000126, -0.20085020306178247 
0.09000000000000155, -0.2006745285285944 
0.10000000000000184, -0.2003487635041074 
0.11000000000000212, -0.19984794655381552 
0.12000000000000241, -0.1991248843654857 
0.130000000000002, -0.19809950951573846 
0.1400000000000009, -0.19665108987643803 
0.1499999999999998, -0.19462509981639806 
0.1599999999999987, -0.1918781662883831 
0.1699999999999976, -0.18837766100340003 
0.1799999999999965, -0.18431166865405424 
0.1899999999999954, -0.18008762848123944 
0.1999999999999943, -0.17616213334047634 
0.2099999999999932, -0.17284019453986152 
0.2199999999999921, -0.1702104218777996 
0.229999999999991, -0.16820881205187083 
0.2399999999999899, -0.16670891456832843 
0.2499999999999888, -0.16558003661162704 
0.2599999999999877, -0.16471161093972048 
0.2699999999999866, -0.1640188133006492 
0.2799999999999855, -0.16344056600939333 
0.2899999999999844, -0.16293506104848884 
0.2999999999999833, -0.1624747653154331 
0.3099999999999822, -0.16204152991857962 
0.3199999999999811, -0.16162143177485327 
0.32999999999998, -0.1611973708367243 
0.3399999999999789, -0.16073402046962687 
0.3499999999999778, -0.16014209005136218 
0.35999999999997667, -0.15919444707008842 
0.36999999999997557, -0.1573557759900847 
0.37999999999997447, -0.15355620941686882 
0.38999999999997337, -0.1462748161498973 
0.39999999999997227, -0.1346791721933332 
0.40999999999997117, -0.1202973088339924 
0.41999999999997006, -0.10642049264178692 
0.42999999999996896, -0.09539942366837602 
0.43999999999996786, -0.08761143771752547 
0.44999999999996676, -0.0823835823516082 
0.45999999999996566, -0.07890756649649845 
0.46999999999996456, -0.07656736742189897 
0.47999999999996346, -0.07495824478909513 
0.48999999999996235, -0.0738295558963886 
0.49999999999996125, -0.07303149547335923 
0.5099999999999602, -0.07247983313308054 
0.519999999999959, -0.07213591321089759 
0.529999999999958, -0.07199775658925209 
0.5399999999999568, -0.07209978570460256 
0.5499999999999557, -0.07252001316657966 
0.5599999999999546, -0.07339223579021567 
0.5699999999999535, -0.07491025556492051 
0.5799999999999524, -0.07727095361072542 
0.5899999999999513, -0.08039293714104423 
0.5999999999999502, -0.08311891236123084 
0.6099999999999491, -0.08217980854721786 
0.619999999999948, -0.07358538073030219 
0.6299999999999469, -0.05798474095811338 
0.6399999999999458, -0.041367228428775174 
0.6499999999999447, -0.028362767390074244 
0.6599999999999436, -0.019640243344308014 
0.6699999999999425, -0.014103618078468053 
0.6799999999999414, -0.010600194656601395 
0.6899999999999403, -0.008342109237370516 
0.6999999999999392, -0.00685523164264191 
0.7099999999999381, -0.005867186967984116 
0.719999999999937, -0.00522766359020327 
0.7299999999999359, -0.004863039155387343 
0.7399999999999348, -0.004754560037924727 
0.7499999999999337, -0.004932726433031185 
0.7599999999999326, -0.0054850443311334224 
0.7699999999999315, -0.006576653683557893 
0.7799999999999304, -0.008478543987654078 
0.7899999999999293, -0.011566063741553344 
0.7999999999999282, -0.016131667313228067 
0.8099999999999271, -0.02159480516357216 
0.819999999999926, -0.024874043481613935 
0.8299999999999249, -0.020539143018912204 
0.8399999999999238, -0.00711138831081456 
0.8499999999999227, 0.009038410661761438 
0.8599999999999216, 0.021930377044423265 
0.8699999999999205, 0.030430311362300493 
0.8799999999999194, 0.03559369964254923 
0.8899999999999183, 0.03864884084056011 
0.8999999999999172, 0.04043375965464946 
0.9099999999999161, 0.04144457696464299 
0.919999999999915, 0.041961384082457726 
0.9299999999999139, 0.04213638153994365 
0.9399999999999128, 0.04204306151396962 
0.9499999999999117, 0.04169969363029377 
0.9599999999999106, 0.04107614001992491 
0.9699999999999095, 0.04008864238442175 
0.9799999999999084, 0.03858749575526973 
0.9899999999999073, 0.036356918359835025 
0.9999999999999062, 0.03320607602547636 
1.0099999999999052, 0.029393192697765014 
1.019999999999904, 0.0267428533125678 
1.029999999999903, 0.029551105797108485 
1.039999999999902, 0.04112927568591788 
1.0499999999999008, 0.057743518244451265 
1.0599999999998997, 0.07247331096660156 
1.0699999999998986, 0.08254264402633152 
1.0799999999998975, 0.08867892130189911 
1.0899999999998964, 0.09227882159568078 
1.0999999999998953, 0.09436946343334483 
1.1099999999998942, 0.09556708811636395 
1.119999999999893, 0.09622110221970637 
1.129999999999892, 0.09652694739808829 
1.1399999999998909, 0.09659201145800876 
1.1499999999998898, 0.09647125362808023 
1.1599999999998887, 0.09618673423964158 
1.1699999999998876, 0.09574147151149599 
1.1799999999998865, 0.09514036171425036 
1.1899999999998854, 0.09444528153526408 
1.1999999999998843, 0.0939255056120826 
1.2099999999998832, 0.09438644518280745 
1.219999999999882, 0.09752190132098405 
1.229999999999881, 0.10523299650590545 
1.2399999999998799, 0.11706021491033117 
1.2499999999998788, 0.12937919949356785 
1.2599999999998777, 0.1390043114280583 
1.2699999999998766, 0.14534193213388485 
1.2799999999998755, 0.14918685223120176 
1.2899999999998744, 0.15143922729757392 
1.2999999999998733, 0.15272988322547573 
1.3099999999998722, 0.15344571227012588 
1.319999999999871, 0.153817921717991 
1.32999999999987, 0.15398777015588355 
1.3399999999998689, 0.1540466614600009 
1.3499999999998678, 0.15406099388290875 
1.3599999999998666, 0.1540906581807795 
1.3699999999998655, 0.15420774760301015 
1.3799999999998644, 0.1545205644332002 
1.3899999999998633, 0.15520393552587602 
1.3999999999998622, 0.15652032073574879 
1.4099999999998611, 0.1587762183792319 
1.41999999999986, 0.16213270039851535 
1.429999999999859, 0.16632785583282744 
1.4399999999998578, 0.17065576506713923 
1.4499999999998567, 0.17438219033561111 
1.4599999999998556, 0.17714765269711888 
1.4699999999998545, 0.17897200286323134 
1.4799999999998534, 0.18004605315319339 
1.4899999999998523, 0.18057563330398618 
1.4999999999998512, 0.18072735443524432 
1.5099999999998501, 0.18062770786448007 
1.519999999999849, 0.1803753013123541 
1.529999999999848, 0.18004987614373086 
1.5399999999998468, 0.1797159076316574 
1.5499999999998457, 0.17942412164352045 
1.5599999999998446, 0.17921415969409638 
1.5699999999998435, 0.17911890432970315 
1.5799999999998424, 0.17916846867688893 
1.5899999999998413, 0.17939061701600958 
1.5999999999998402, 0.17980433320997707 
1.6099999999998391, 0.18040542416916244 
1.619999999999838, 0.18114950011080078 
1.629999999999837, 0.18194596130504354 
1.6399999999998358, 0.18267502737251734 
1.6499999999998347, 0.18322119007842214 
1.6599999999998336, 0.1834994038224325 
1.6699999999998325, 0.1834584806247172 
1.6799999999998314, 0.18306886597349295 
1.6899999999998303, 0.18231316316220697 
1.6999999999998292, 0.1811929612330329 
1.709999999999828, 0.17975245761126676 
1.719999999999827, 0.1781009109154736 
1.729999999999826, 0.1764034605536347 
1.7399999999998248, 0.174829608808166 
1.7499999999998237, 0.1734938230399509 
1.7599999999998226, 0.17243331001041348 
1.7699999999998215, 0.17162723459310653 
1.7799999999998204, 0.17102884697220652 
1.7899999999998193, 0.17058775936018636 
1.7999999999998182, 0.17025805336361982 
1.809999999999817, 0.16999701936099348 
1.819999999999816, 0.16975980979868 
1.8299999999998149, 0.16949327158163788 
1.8399999999998138, 0.169130147925865 
1.8499999999998127, 0.16858265351866242 
1.8599999999998116, 0.16773245224178346 
1.8699999999998105, 0.1664143517268126 
1.8799999999998094, 0.16439781106124768 
1.8899999999998083, 0.16139146073237023 
1.8999999999998072, 0.1571363609438063 
1.909999999999806, 0.15166439577769492 
1.919999999999805, 0.14560429190314036 
1.9299999999998039, 0.1400543731620269 
1.9399999999998028, 0.1358624169937281 
1.9499999999998017, 0.13313847799591724 
1.9599999999998006, 0.13150138637114614 
1.9699999999997995, 0.13051227787682126 
1.9799999999997984, 0.1298618176942789 
1.9899999999997973, 0.12936874912145246 
1.9999999999997962, 0.128930281471548 
2.0099999999998173, 0.1284806867248992 
2.0199999999998384, 0.12796417247981437 
2.0299999999998595, 0.12731545517504483 
2.0399999999998806, 0.12644069249224454 
2.0499999999999017, 0.1251913689145169 
2.059999999999923, 0.12332195030103472 
2.069999999999944, 0.12042134597206333 
2.079999999999965, 0.11582448675674657 
2.089999999999986, 0.10860085150975085 
2.100000000000007, 0.09797797874801575 
2.1100000000000283, 0.0846843037875675 
2.1200000000000494, 0.07206957982159067 
2.1300000000000705, 0.06375439059987607 
2.1400000000000916, 0.060091951576514036 
2.1500000000001127, 0.05912962785968691 
2.160000000000134, 0.059164561189827505 
2.170000000000155, 0.05938834639499348 
2.180000000000176, 0.059528983890916175 
2.190000000000197, 0.05952327010383638 
2.2000000000002182, 0.05936686036753945 
2.2100000000002393, 0.059059498896107246 
2.2200000000002604, 0.058585046851307054 
2.2300000000002815, 0.05789983973712602 
2.2400000000003026, 0.05691780579053498 
2.2500000000003237, 0.055484304275489484 
2.260000000000345, 0.05332872952215991 
2.270000000000366, 0.04998332219482033 
2.280000000000387, 0.04466873121073137 
2.290000000000408, 0.0362405099418238 
2.3000000000004293, 0.0236126381913548 
2.3100000000004504, 0.007421136020991537 
2.3200000000004715, -0.007827449830274094 
2.3300000000004926, -0.01696854553650453 
2.3400000000005137, -0.01961822604833297 
2.3500000000005348, -0.018829937327017734 
2.360000000000556, -0.017151944753515516 
2.370000000000577, -0.01562516573451226 
2.380000000000598, -0.014476958107173222 
2.390000000000619, -0.013674864445290452 
2.4000000000006403, -0.013144019494279072 
2.4100000000006614, -0.012827746145863461 
2.4200000000006825, -0.012698810197776569 
2.4300000000007036, -0.01276052543733289 
2.4400000000007247, -0.013050061934707827 
2.450000000000746, -0.013648823620132342 
2.460000000000767, -0.014704333730425654 
2.470000000000788, -0.01647018422496801 
2.480000000000809, -0.019371490192538053 
2.49000000000083, -0.02408975822039966 
2.5000000000008513, -0.03158813320202529 
2.5100000000008724, -0.042782115124889344 
2.5200000000008935, -0.05736417555833332 
2.5300000000009146, -0.07236326322960698 
2.5400000000009357, -0.08348680488868276 
2.550000000000957, -0.08912638233729324 
2.560000000000978, -0.09090635863671573 
2.570000000000999, -0.09095280439055163 
2.58000000000102, -0.09048653880164945 
2.5900000000010412, -0.08998368080446897 
2.6000000000010624, -0.0895792942996493 
2.6100000000010835, -0.08929218850918488 
2.6200000000011046, -0.08911348682291166 
2.6300000000011257, -0.08903629144827249 
2.6400000000011468, -0.08906530942985483 
2.650000000001168, -0.08922155124157231 
2.660000000001189, -0.08954769512835464 
2.67000000000121, -0.0901166005254266 
2.680000000001231, -0.09104467196350721 
2.6900000000012523, -0.09251117651823168 
2.7000000000012734, -0.09478123068309044 
2.7100000000012945, -0.0982170058594952 
2.7200000000013156, -0.10322738558237052 
2.7300000000013367, -0.11005955317661102 
2.740000000001358, -0.1183929045139486 
2.750000000001379, -0.12706293029263385 
2.7600000000014, -0.1345397297647377 
2.770000000001421, -0.13992916581324555 
2.780000000001442, -0.14331642941826722 
2.7900000000014633, -0.14527557946885195 
2.8000000000014844, -0.14636388848824788 
2.8100000000015055, -0.14695521496107705 
2.8200000000015266, -0.14726492179144401 
2.8300000000015477, -0.14741055319924082 
2.840000000001569, -0.14745690544389697 
2.85000000000159, -0.14744278753877507 
2.860000000001611, -0.14739653673177655 
2.870000000001632, -0.1473458978772965 
2.8800000000016532, -0.14732511033708884 
2.8900000000016743, -0.14737996498448544 
2.9000000000016954, -0.14757045559639184 
2.9100000000017165, -0.14797034008024307 
2.9200000000017377, -0.1486625158675337 
2.9300000000017588, -0.1497271788933338 
2.94000000000178, -0.1512171069099159 
2.950000000001801, -0.15311769062462657 
2.960000000001822, -0.15530779052768565 
2.970000000001843, -0.15756228725096796 
2.9800000000018643, -0.1596243500140117 
2.9900000000018854, -0.16130687372395974 
3.0000000000019065, -0.16254331594026555 
3.0100000000019276, -0.1633640664110188 
3.0200000000019487, -0.16384186757536048 
3.03000000000197, -0.16404978499389195 
3.040000000001991, -0.16404238123292203 
3.050000000002012, -0.16385246670018802 
3.060000000002033, -0.16349514079819058 
3.070000000002054, -0.16297544514455584 
3.0800000000020753, -0.16229907139517027 
3.0900000000020964, -0.16148535235193634 
3.1000000000021175, -0.16057836051926683 
3.1100000000021386, -0.15964860265835912 
3.1200000000021597, -0.15878066480069106 
3.130000000002181, -0.15805207839413984 
3.140000000002202, -0.15751539509051374 
3.150000000002223, -0.1571906479581796 
3.160000000002244, -0.15706611648717503 
3.1700000000022652, -0.15710272297574476 
3.1800000000022863, -0.15724122480086228 
3.1900000000023074, -0.1574136501418959 
3.2000000000023285, -0.15755718071702293 
3.2100000000023496, -0.15762450291181435 
3.2200000000023707, -0.15758580801398453 
3.230000000002392, -0.1574229558651084 
3.240000000002413, -0.15711974091177483 
3.250000000002434, -0.1566514874765535 
3.260000000002455, -0.15597498691415623 
3.2700000000024763, -0.1550191556807071 
3.2800000000024974, -0.1536796375460354 
3.2900000000025185, -0.15182798040055318 
3.3000000000025396, -0.14935428781527835 
3.3100000000025607, -0.1462524948962874 
3.3200000000025818, -0.1427047011310814 
3.330000000002603, -0.13906611118735032 
3.340000000002624, -0.13571746273732788 
3.350000000002645, -0.13290490107137798 
3.360000000002666, -0.1306943037777947 
3.3700000000026873, -0.12902655373430177 
3.3800000000027084, -0.12779117526764966 
3.3900000000027295, -0.12687332031706955 
3.4000000000027506, -0.12617366598951446 
3.4100000000027717, -0.12561356304548585 
3.420000000002793, -0.1251340118322347 
3.430000000002814, -0.12469198585693957 
3.440000000002835, -0.12425523393611235 
3.450000000002856, -0.12379580687301164 
3.460000000002877, -0.12328160319657704 
3.4700000000028983, -0.12266341697804632 
3.4800000000029194, -0.12185186856901487 
3.4900000000029405, -0.12067450823675037 
3.5000000000029616, -0.11880395013059304 
3.5100000000029827, -0.11567829789204002 
3.520000000003004, -0.11054678135511398 
3.530000000003025, -0.10290955532227555 
3.540000000003046, -0.09329196009251464 
3.550000000003067, -0.08335498657032403 
3.5600000000030882, -0.0747756094772359 
3.5700000000031094, -0.06825891128766749 
3.5800000000031305, -0.06364983758946634 
3.5900000000031516, -0.06047740357373036 
3.6000000000031727, -0.0582910734571357 
3.6100000000031938, -0.05675692382451279 
3.620000000003215, -0.0556503468360988 
3.630000000003236, -0.05482631661385453 
3.640000000003257, -0.05419345793141458 
3.650000000003278, -0.053696017829333434 
3.6600000000032993, -0.053302059642623564 
3.6700000000033204, -0.052995308143314455 
3.6800000000033415, -0.052767407212464076 
3.6900000000033626, -0.05260446825923104 
3.7000000000033837, -0.05245327869546027 
3.710000000003405, -0.052133193723951934 
3.720000000003426, -0.05113546213343591 
3.730000000003447, -0.04831114571076411 
3.740000000003468, -0.041874213746605826 
3.750000000003489, -0.03075978540020859 
3.7600000000035103, -0.016735272039042726 
3.7700000000035314, -0.003505562302109384 
3.7800000000035525, 0.006297896944893353 
3.7900000000035736, 0.0127310744466762 
3.8000000000035947, 0.016764372845494167 
3.810000000003616, 0.01923446668330642 
3.820000000003637, 0.02072867063495505 
3.830000000003658, 0.02161477118659451 
3.840000000003679, 0.022114856922517648 
3.8500000000037002, 0.022361532140750977 
3.8600000000037213, 0.02243288750705211 
3.8700000000037424, 0.022373278438603705 
3.8800000000037635, 0.02220653589207969 
3.8900000000037847, 0.02194764082310234 
3.9000000000038058, 0.021621793974571597 
3.910000000003827, 0.0213100222105866 
3.920000000003848, 0.021261791686424142 
3.930000000003869, 0.02212711955109374 
3.94000000000389, 0.02522119802785025 
3.9500000000039113, 0.03217347993174482 
3.9600000000039324, 0.043141968975632626 
3.9700000000039535, 0.055494468845904886 
3.9800000000039746, 0.06599989492105678 
3.9900000000039957, 0.07340699669541514 
4.000000000004016, 0.07813062125180724 
4.010000000003993, 0.08100990934085558 
4.02000000000397, 0.08272798299704501 
4.030000000003946, 0.08373294275459614 
4.040000000003923, 0.08430003627853479 
4.0500000000039, 0.08459703315151543 
4.0600000000038765, 0.08472828521688153 
4.070000000003853, 0.08476212990162249 
4.08000000000383, 0.0847494597857163 
4.090000000003807, 0.08474021403579694 
4.100000000003783, 0.08480486240434809 
4.11000000000376, 0.08507039980023724 
4.120000000003737, 0.08578099923832425 
4.130000000003713, 0.08737280109193682 
4.14000000000369, 0.09046395732456636 
4.150000000003667, 0.09552695503250888 
4.1600000000036434, 0.10222909309863797 
4.17000000000362, 0.10925866981127823 
4.180000000003597, 0.11523685547434415 
4.1900000000035735, 0.11958623566991007 
4.20000000000355, 0.12244508967929846 
4.210000000003527, 0.12420123628558673 
4.220000000003504, 0.1252149203628406 
4.23000000000348, 0.12574927122152216 
4.240000000003457, 0.12598345552278617 
4.250000000003434, 0.1260395178895457 
4.26000000000341, 0.12600325837928333 
4.270000000003387, 0.12593834267623422 
4.280000000003364, 0.12589696238792583 
4.2900000000033405, 0.12592983476280514 
4.300000000003317, 0.12609693099750088 
4.310000000003294, 0.12647844809158557 
4.320000000003271, 0.12718146042036504 
4.330000000003247, 0.12832944547703778 
4.340000000003224, 0.13001445772237627 
4.350000000003201, 0.1322089167408152 
4.360000000003177, 0.13469749040700102 
4.370000000003154, 0.13712946403303852 
4.380000000003131, 0.1391837341367324 
4.390000000003107, 0.14069594916010486 
4.400000000003084, 0.1416569353665253 
4.410000000003061, 0.14214039151310487 
4.4200000000030375, 0.14224180165902994 
4.430000000003014, 0.14205298851142747 
4.440000000002991, 0.14165958848082946 
4.450000000002968, 0.14114391932157624 
4.460000000002944, 0.14058345392155328 
4.470000000002921, 0.1400446285489637 
4.480000000002898, 0.13957744098061892 
4.490000000002874, 0.1392152917051277 
4.500000000002851, 0.13897967239007394 
4.510000000002828, 0.1388859439474835 
4.520000000002804, 0.13894623116606447 
4.530000000002781, 0.13916680165460926 
4.540000000002758, 0.13953936915444762 
4.5500000000027345, 0.14002950271010597 
4.560000000002711, 0.14057017786954945 
4.570000000002688, 0.14106894681787413 
4.580000000002665, 0.14142785398211488 
4.590000000002641, 0.14156319935660405 
4.600000000002618, 0.14141271020624355 
4.610000000002595, 0.14093106887305568 
4.620000000002571, 0.14008613507808368 
4.630000000002548, 0.13886861543513032 
4.640000000002525, 0.13731759697045362 
4.6500000000025015, 0.13554472491568917 
4.660000000002478, 0.13372457144049937 
4.670000000002455, 0.13203857206028535 
4.6800000000024315, 0.13060958197387282 
4.690000000002408, 0.12947707422628174 
4.700000000002385, 0.12861818279088202 
4.710000000002362, 0.12798305080909764 
4.720000000002338, 0.12751935139061743 
4.730000000002315, 0.12718135005664563 
4.740000000002292, 0.1269288075392029 
4.750000000002268, 0.12672141112149288 
4.760000000002245, 0.12651236734975255 
4.770000000002222, 0.1262430676369453 
4.7800000000021985, 0.12583901540979217 
4.790000000002175, 0.12520521460001927 
4.800000000002152, 0.12421851283607813 
4.810000000002129, 0.12271803029035962 
4.820000000002105, 0.12050634932038695 
4.830000000002082, 0.11739475827437133 
4.840000000002059, 0.11333596160559596 
4.850000000002035, 0.10861535628545689 
4.860000000002012, 0.10388770363413287 
4.870000000001989, 0.09985757970359785 
4.880000000001965, 0.09686813265659983 
4.890000000001942, 0.0948415970125617 
4.900000000001919, 0.09350928540371224 
4.9100000000018955, 0.09261169206282663 
4.920000000001872, 0.09196508241474124 
4.930000000001849, 0.09145325914726646 
4.940000000001826, 0.09100176704746939 
4.950000000001802, 0.09055552503275507 
4.960000000001779, 0.09006225514038345 
4.970000000001756, 0.08945899239364494 
4.980000000001732, 0.08865820647925676 
4.990000000001709, 0.08752965955462948 
5.000000000001686, 0.08587376349718037 
5.0100000000016625, 0.08338542368021276 
5.020000000001639, 0.07962594066120057 
5.030000000001616, 0.07407901718609697 
5.0400000000015925, 0.0664610441986496 
5.050000000001569, 0.05735173645163155 
5.060000000001546, 0.048478189580093214 
5.070000000001523, 0.04165410684704578 
5.080000000001499, 0.037398339642682674 
5.090000000001476, 0.035075800585398505 
5.100000000001453, 0.033846800201936374 
5.110000000001429, 0.033140594099051936 
5.120000000001406, 0.03265611747334175 
5.130000000001383, 0.03224909877716909 
5.1400000000013595, 0.031848324520986404 
5.150000000001336, 0.031410381693604016 
5.160000000001313, 0.03089607789705611 
5.17000000000129, 0.030255618138929775 
5.180000000001266, 0.029414963347987277 
5.190000000001243, 0.028258171229019836 
5.20000000000122, 0.02660080053476239 
5.210000000001196, 0.024150333209049045 
5.220000000001173, 0.02045928325914695 
5.23000000000115, 0.014918302126609138 
5.240000000001126, 0.006943248560011758 
5.250000000001103, -0.0032746393285326856 
5.26000000000108, -0.014085856067166919 
5.2700000000010565, -0.023285993319349923 
5.280000000001033, -0.029317256604604748 
5.29000000000101, -0.03247338218242042 
5.300000000000987, -0.033856193175405065 
5.310000000000963, -0.0343663717946003 
5.32000000000094, -0.034502494568769616 
5.330000000000917, -0.034497112671225086 
5.340000000000893, -0.03445284222895434 
5.35000000000087, -0.03441819574263599 
5.360000000000847, -0.0344236479863976 
5.3700000000008234, -0.034499262328788007 
5.3800000000008, -0.0346855849799297 
5.390000000000777, -0.035043597693067016 
5.4000000000007535, -0.03566702897495553 
5.41000000000073, -0.03669946487916587 
5.420000000000707, -0.0383572449501653 
5.430000000000684, -0.040952096972228895 
5.44000000000066, -0.044883979805825966 
5.450000000000637, -0.050525059591195284 
5.460000000000614, -0.0578911862882895 
5.47000000000059, -0.06621127888823983 
5.480000000000567, -0.07399813402274097 
5.490000000000544, -0.07997179326799389 
5.5000000000005205, -0.08384033804866062 
5.510000000000497, -0.08607016893118577 
5.520000000000474, -0.08727305634664667 
5.5300000000004506, -0.08789836323927824 
5.540000000000427, -0.08821126919006686 
5.550000000000404, -0.08835559528098383 
5.560000000000381, -0.08840930731977677 
5.570000000000357, -0.0884185635531362 
5.580000000000334, -0.08841704755445859 
5.590000000000311, -0.0884377190639274 
5.600000000000287, -0.088521152734562 
5.610000000000264, -0.08872235127669396 
5.620000000000241, -0.08911665386444936 
5.6300000000002175, -0.0898045805274505 
5.640000000000194, -0.0909137035124189 
5.650000000000171, -0.09259054707215303 
5.660000000000148, -0.09496663736763515 
5.670000000000124, -0.09808038007503649 
5.680000000000101, -0.10176971599042754 
5.690000000000078, -0.10563056828658297 
5.700000000000054, -0.10915358921663769 
5.710000000000031, -0.11197191375780671 
5.720000000000008, -0.11399027930966812 
5.729999999999984, -0.11531612977423607 
5.739999999999961, -0.11612438826960395 
5.749999999999938, -0.11657151462717166 
5.7599999999999145, -0.11676974119602195 
5.769999999999891, -0.11679144940253597 
5.779999999999868, -0.11668163837758834 
5.789999999999845, -0.11647022224981932 
5.799999999999821, -0.11618269175279668 
5.809999999999798, -0.11584911004359114 
5.819999999999775, -0.11551049405798627 
5.829999999999751, -0.11522073597281461 
5.839999999999728, -0.11504312086482174 
5.849999999999705, -0.11504285666457185 
5.8599999999996815, -0.1152779232405083 
5.869999999999658, -0.11578821930074827 
5.879999999999635, -0.11658076592633962 
5.8899999999996115, -0.11761260656054255 
5.899999999999588, -0.1187834227286989 
5.909999999999565, -0.11995411279950541 
5.919999999999542, -0.12099020991766071 
5.929999999999518, -0.12180285827595665 
5.939999999999495, -0.12236064942914424 
5.949999999999472, -0.12267337132779418 
5.959999999999448, -0.1227671578955234 
5.969999999999425, -0.12266583535909212 
5.979999999999402, -0.12238181954206315 
5.9899999999993785, -0.12191452679471311 
5.999999999999355, -0.12125467267902248 
6.009999999999332, -0.12039465719987541 
6.019999999999309, -0.119344745109949 
6.029999999999285, -0.11814976930729319 
6.039999999999262, -0.11689451685176984 
6.049999999999239, -0.11568799923692163 
6.059999999999215, -0.11463249973774325 
6.069999999999192, -0.11379696422313756 
6.079999999999169, -0.11320807170050004 
6.089999999999145, -0.11285555268596659 
6.099999999999122, -0.11270156762368602 
6.109999999999099, -0.11268934377041998 
6.1199999999990755, -0.11275245475173498 
6.129999999999052, -0.11282594462676161 
6.139999999999029, -0.11285630460348091 
6.149999999999006, -0.11280569348021766 
6.159999999998982, -0.11264892241041521 
6.169999999998959, -0.11236552658488211 
6.179999999998936, -0.11193006001974708 
6.189999999998912, -0.11130237410789826 
6.199999999998889, -0.11041891115886741 
6.209999999998866, -0.10918822285812287 
6.2199999999988425, -0.10750002367362274 
6.229999999998819, -0.10526347907460858 
6.239999999998796, -0.10248091193260278 
6.2499999999987725, -0.09931821478178914 
6.259999999998749, -0.0960892027864189 
6.269999999998726, -0.09312801134254199 
6.279999999998703, -0.09065144741625039 
6.289999999998679, -0.08871889340264541 
6.299999999998656, -0.08727918749969958 
6.309999999998633, -0.08623407809173354 
6.319999999998609, -0.08547899593551381 
6.329999999998586, -0.08492062045023666 
6.339999999998563, -0.08448214534909829 
6.3499999999985395, -0.08410351891356746 
6.359999999998516, -0.08373904656389947 
6.369999999998493, -0.08335271882047332 
6.37999999999847, -0.08291133913590684 
6.389999999998446, -0.08237513762210309 
6.399999999998423, -0.08168441208239398 
6.4099999999984, -0.08073940399363454 
6.419999999998376, -0.07937140972475142 
6.429999999998353, -0.07731305777614154 
6.43999999999833, -0.07420799948681353 
6.449999999998306, -0.06974822717384256 
6.459999999998283, -0.06398067572438548 
6.46999999999826, -0.05753786290803968 
6.4799999999982365, -0.05138638335280653 
6.489999999998213, -0.046253666960983805 
6.49999999999819, -0.042356091460998044 
6.509999999998167, -0.03954944860944594 
6.519999999998143, -0.03757019711886766 
6.52999999999812, -0.036171486512422066 
6.539999999998097, -0.03516288656492919 
6.549999999998073, -0.03440803846992897 
6.55999999999805, -0.03381195370270158 
6.569999999998027, -0.03330867887170706 
6.5799999999980034, -0.0328509568647357 
6.58999999999798, -0.03240086367470681 
6.599999999997957, -0.031919506201375646 
6.6099999999979335, -0.031352519328471495 
6.61999999999791, -0.030605514666561667 
6.629999999997887, -0.029500755162422482 
6.639999999997864, -0.027711015971588072 
6.64999999999784, -0.024706554478907957 
6.659999999997817, -0.019863283444022647 
6.669999999997794, -0.012940603617937743 
6.67999999999777, -0.004679849628971897 
6.689999999997747, 0.0032175416439237338 
6.699999999997724, 0.00946494313443835 
6.7099999999977005, 0.013958176315404289 
6.719999999997677, 0.01694668528794355 
6.729999999997654, 0.018842794509492503 
6.7399999999976306, 0.020004015593684327 
6.749999999997607, 0.020687634551117638 
6.759999999997584, 0.021067280819203078 
6.769999999997561, 0.02125848796168641 
6.779999999997537, 0.021339107082614567 
6.789999999997514, 0.021364196790048202 
6.799999999997491, 0.021378073084040612 
6.809999999997467, 0.02142668897439438 
6.819999999997444, 0.02157443741220138 
6.829999999997421, 0.021931380645867145 
6.8399999999973975, 0.022697379725167686 
6.849999999997374, 0.02421718136201332 
6.859999999997351, 0.026987029134476016 
6.869999999997328, 0.03145728965241963 
6.879999999997304, 0.03754671428265046 
6.889999999997281, 0.044321755580716424 
6.899999999997258, 0.05049999380638308 
6.909999999997234, 0.055295975289627444 
6.919999999997211, 0.05862657318372708 
6.929999999997188, 0.06077812367672771 
6.939999999997164, 0.0620947928748586 
6.949999999997141, 0.06285481475014223 
6.959999999997118, 0.06325628604598452 
6.9699999999970945, 0.06343552383030451 
6.979999999997071, 0.06348694755540776 
6.989999999997048, 0.0634781142432859 
6.999999999997025, 0.0634612971471539 
7.009999999997001, 0.06348416293871317 
7.019999999996978, 0.06360183404698072 
7.029999999996955, 0.0638923815725935 
7.039999999996931, 0.06447642666880075 
7.049999999996908, 0.0655347248922454 
7.059999999996885, 0.0672985186921625 
7.0699999999968615, 0.06996221476898229 
7.079999999996838, 0.07349736621877274 
7.089999999996815, 0.0775068022330896 
7.0999999999967915, 0.08135876806452967 
7.109999999996768, 0.08454041217341704 
7.119999999996745, 0.08686281974982618 
7.129999999996722, 0.08839352986070542 
7.139999999996698, 0.08930133971588657 
7.149999999996675, 0.08975759488797706 
7.159999999996652, 0.08990376550987177 
7.169999999996628, 0.08985076120495165 
7.179999999996605, 0.08968556346532157 
7.189999999996582, 0.08947654370567326 
7.1999999999965585, 0.08927737815284342 
7.209999999996535, 0.08913164686649078 
7.219999999996512, 0.08907916549113262 
7.229999999996489, 0.08916351556369136 
7.239999999996465, 0.08943891898853314 
7.249999999996442, 0.089972578757018 
7.259999999996419, 0.09083513330641832 
7.269999999996395, 0.09207032713704902 
7.279999999996372, 0.09364619012065366 
7.289999999996349, 0.09541996901728127 
7.299999999996325, 0.09716520781148093 
7.309999999996302, 0.09866058146215428 
7.319999999996279, 0.09976978055770358 
7.3299999999962555, 0.10045612053609947 
7.339999999996232, 0.10074866413622494 
7.349999999996209, 0.10070492139543634 
7.359999999996186, 0.10039213166075518 
7.369999999996162, 0.09988376251957495 
7.379999999996139, 0.09925920122216197 
7.389999999996116, 0.09859818157345364 
7.399999999996092, 0.09797037816630365 
7.409999999996069, 0.09742702509777479 
7.419999999996046, 0.09699994571322448 
7.4299999999960225, 0.09670717903198121 
7.439999999995999, 0.09656044060934209 
7.449999999995976, 0.09656987928347004 
7.4599999999959525, 0.09674338169581051 
7.469999999995929, 0.09707939009199683 
7.479999999995906, 0.09755492063475882 
7.489999999995883, 0.09811523195455471 
7.499999999995859, 0.09867484889859418 
7.509999999995836, 0.09913413146424689 
7.519999999995813, 0.09940233415724828 
7.529999999995789, 0.0994120546889726 
7.539999999995766, 0.09911982543622996 
7.549999999995743, 0.09850148366442023 
7.5599999999957195, 0.0975547217816854 
7.569999999995696, 0.09631338452035122 
7.579999999995673, 0.09486337589604231 
7.58999999999565, 0.09333862172392818 
7.599999999995626, 0.09188554315742993 
7.609999999995603, 0.09061572221270722 
7.61999999999558, 0.0895809790734281 
7.629999999995556, 0.08878154263181964 
7.639999999995533, 0.08819010873388686 
7.64999999999551, 0.08777228728857425 
7.659999999995486, 0.0874963046724053 
7.669999999995463, 0.08733363230287527 
7.67999999999544, 0.08725437441858605 
7.6899999999954165, 0.08722092618787705 
7.699999999995393, 0.08718306720634195 
7.70999999999537, 0.08707676062765704 
7.719999999995347, 0.0868263977077998 
7.729999999995323, 0.08634738779597885 
7.7399999999953, 0.08554646988170912 
7.749999999995277, 0.08432290500382705 
7.759999999995253, 0.08258253450476351 
7.76999999999523, 0.08028099521584603 
7.779999999995207, 0.07749520411514296 
7.789999999995183, 0.07447103633897917 
7.79999999999516, 0.07156326841479821 
7.809999999995137, 0.06907429218734752 
7.8199999999951135, 0.06713206688549025 
7.82999999999509, 0.06570174989802108 
7.839999999995067, 0.06467239885604026 
7.849999999995044, 0.0639281218220054 
7.85999999999502, 0.06337701895572527 
7.869999999994997, 0.06295274883647713 
7.879999999994974, 0.06260589688551374 
7.88999999999495, 0.06229365932514758 
7.899999999994927, 0.06197058656057001 
7.909999999994904, 0.06158092808984624 
7.9199999999948805, 0.06105221707636695 
7.929999999994857, 0.06028884377597973 
7.939999999994834, 0.059164210489924575 
7.9499999999948106, 0.05751341987472432 
7.959999999994787, 0.055139231121466625 
7.969999999994764, 0.051862729698426535 
7.979999999994741, 0.04765539051229709 
7.989999999994717, 0.04281490085716112 
7.999999999994694, 0.03798293017034947 
8.00999999999467, 0.03383718827305268 
8.019999999994647, 0.030713045610578978 
8.029999999994624, 0.02854859682018509 
8.0399999999946, 0.027094349631070335 
8.049999999994577, 0.026101390577870476 
8.059999999994554, 0.025389221992504457 
8.06999999999453, 0.02484228747307923 
8.079999999994508, 0.024387609546297685 
8.089999999994484, 0.02397437374472059 
8.099999999994461, 0.023558875500452152 
8.109999999994438, 0.023093290895403136 
8.119999999994414, 0.022516320741676386 
8.129999999994391, 0.02174404155342844 
8.139999999994368, 0.02065940271966073 
8.149999999994344, 0.019100027550302663 
8.159999999994321, 0.016850100635936435 
8.169999999994298, 0.01365886644283174 
8.179999999994275, 0.009333697702668772 
8.189999999994251, 0.003944930072372574 
8.199999999994228, -0.0018250791462014043 
8.209999999994205, -0.00694002003580167 
8.219999999994181, -0.010960136297807064 
8.229999999994158, -0.013690483061651309 
8.239999999994135, -0.015358648015492578 
8.249999999994111, -0.01630698480860478 
8.259999999994088, -0.016814234014950986 
8.269999999994065, -0.017062535848398373 
8.279999999994041, -0.017161517633342133 
8.289999999994018, -0.017178007721554513 
8.299999999993995, -0.01715795669312565 
8.309999999993972, -0.017141211658128215 
8.319999999993948, -0.017172076017973097 
8.329999999993925, -0.017307802987373208 
8.339999999993902, -0.017626359539621456 
8.349999999993878, -0.018234399893683147 
8.359999999993855, -0.019275128177959854 
8.369999999993832, -0.02093047866691114 
8.379999999993808, -0.02339922774363532 
8.389999999993785, -0.02681694333221214 
8.399999999993762, -0.031100720674578246 
8.409999999993738, -0.03581215555677975 
8.419999999993715, -0.04025554919310894 
8.429999999993692, -0.0438448802334948 
8.439999999993669, -0.04638472485833199 
8.449999999993645, -0.04801313321970975 
8.459999999993622, -0.04898535456210312 
8.469999999993599, -0.04952844525731214 
8.479999999993575, -0.04980091616051404 
8.489999999993552, -0.0499029256143257 
8.499999999993529, -0.04989703688463425 
8.509999999993505, -0.04982587370011963 
8.519999999993482, -0.04972511087961089 
8.529999999993459, -0.049633057522088166 
8.539999999993436, -0.049597729815563076 
8.549999999993412, -0.04968164394722562 
8.559999999993389, -0.04996452096207212 
8.569999999993366, -0.050544008958287534 
8.579999999993342, -0.0515322965911436 
8.589999999993319, -0.05304062299515212 
8.599999999993296, -0.05513797428470083 
8.609999999993272, -0.057779828431175816 
8.619999999993249, -0.06074601188063261 
8.629999999993226, -0.06367210856160711 
8.639999999993202, -0.06620191856743526 
8.64999999999318, -0.06814191013908069 
8.659999999993156, -0.06948710823051273 
8.669999999993133, -0.07034101390627863 
8.67999999999311, -0.07082950471593027 
8.689999999993086, -0.07105687769578542 
8.699999999993063, -0.07109642764280064 
8.70999999999304, -0.07099633649871762 
8.719999999993016, -0.07078960951766486 
8.729999999992993, -0.07050411910485203 
8.73999999999297, -0.07017157879242344 
8.749999999992946, -0.06983418022316494 
8.759999999992923, -0.06954709674972695 
8.7699999999929, -0.06937601686098069 
8.779999999992876, -0.06939113337198569 
8.789999999992853, -0.06965972843178615 
8.79999999999283, -0.07023661858812719 
8.809999999992806, -0.07114818427616218 
8.819999999992783, -0.07236851496003223 
8.82999999999276, -0.07379954341363891 
8.839999999992736, -0.0752801016070253 
8.849999999992713, -0.07663541644525194 
8.85999999999269, -0.07773833924971438 
8.869999999992666, -0.0785378222864629 
8.879999999992643, -0.07904428283024235 
8.88999999999262, -0.07929684258834252 
8.899999999992596, -0.0793369919805921 
8.909999999992573, -0.07919587251765649 
8.91999999999255, -0.07889207527399614 
8.929999999992527, -0.0784358713519835 
8.939999999992503, -0.07783772368776551 
8.94999999999248, -0.07711938689986422 
8.959999999992457, -0.07632375114678666 
8.969999999992433, -0.07551713849841477 
8.97999999999241, -0.07477994688921923 
8.989999999992387, -0.07418948754660232 
8.999999999992363, -0.073804680215001 
9.00999999999234, -0.07365846194672376 
9.019999999992317, -0.07375537573143562 
9.029999999992294, -0.07406935273775868 
9.03999999999227, -0.07454230174626038 
9.049999999992247, -0.07509026499285977 
9.059999999992224, -0.07562132924501894 
9.0699999999922, -0.07605834192290974 
9.079999999992177, -0.07635293730784126 
9.089999999992154, -0.07648439045174978 
9.09999999999213, -0.07644822712393365 
9.109999999992107, -0.07624320932596565 
9.119999999992084, -0.07586192412726112 
9.12999999999206, -0.07528659992306035 
9.139999999992037, -0.07449117647910575 
9.149999999992014, -0.07345180829831695 
9.15999999999199, -0.07216713068177025 
9.169999999991967, -0.0706824340460119 
9.179999999991944, -0.069100402236777 
9.18999999999192, -0.06756106116537111 
9.199999999991897, -0.06619726187461597 
9.209999999991874, -0.06509615230504104 
9.21999999999185, -0.06428859613066099 
9.229999999991827, -0.06376071947187631 
9.239999999991804, -0.06347006172691258 
9.24999999999178, -0.06335712048349212 
9.259999999991757, -0.06335364343994807 
9.269999999991734, -0.06339142415929447 
9.27999999999171, -0.06341132640880934 
9.289999999991688, -0.063368689081757 
9.299999999991664, -0.06323239195376237 
9.309999999991641, -0.06297851431727916 
9.319999999991618, -0.06258147678170536 
9.329999999991594, -0.0620050905190175 
9.339999999991571, -0.06119535352220133 
9.349999999991548, -0.060078459660095375 
9.359999999991524, -0.05857186153311459 
9.369999999991501, -0.05661912650076291 
9.379999999991478, -0.05424779288528183 
9.389999999991455, -0.05161437640151023 
9.399999999991431, -0.048977966083797106 
9.409999999991408, -0.0465975600274994 
9.419999999991385, -0.044634261667859075 
9.429999999991361, -0.043128604760799764 
9.439999999991338, -0.04203796347921718 
9.449999999991315, -0.041282877121654966 
9.459999999991291, -0.04077594236901562 
9.469999999991268, -0.04043448790841776 
9.479999999991245, -0.04018576811098696 
9.489999999991221, -0.039969590061515674 
9.499999999991198, -0.039738701611206614 
9.509999999991175, -0.03945595294979751 
9.519999999991152, -0.03908818321063639 
9.529999999991128, -0.03859758155106234 
9.539999999991105, -0.037931142954510395 
9.549999999991082, -0.037009015080174415 
9.559999999991058, -0.03571548707169326 
9.569999999991035, -0.033904851705251614 
9.579999999991012, -0.031445854952212644 
9.589999999990988, -0.028320246181500218 
9.599999999990965, -0.024726315476057692 
9.609999999990942, -0.02106281791015099 
9.619999999990918, -0.01774948409911744 
9.629999999990895, -0.015039944971802744 
9.639999999990872, -0.012982166428675381 
9.649999999990849, -0.01149448788747613 
9.659999999990825, -0.010450842737184086 
9.669999999990802, -0.009727728016556818 
9.679999999990779, -0.009219773372501964 
9.689999999990755, -0.00884159060058351 
9.699999999990732, -0.008525940182611491 
9.709999999990709, -0.008220740046935963 
9.719999999990685, -0.007884441718969338 
9.729999999990662, -0.007479226889949754 
9.739999999990639, -0.006961908077458494 
9.749999999990616, -0.00627240407527891 
9.759999999990592, -0.005320174671860961 
9.769999999990569, -0.003972744657198931 
9.779999999990546, -0.002061127937851028 
9.789999999990522, 0.00048440027969356086 
9.799999999990499, 0.003413784575943634 
9.809999999990476, 0.0068422893783772806 
9.819999999990452, 0.010307994780842645 
9.829999999990429, 0.013347525576066912 
9.839999999990406, 0.015705036119883657 
9.849999999990382, 0.017355394262586858 
9.85999999999036, 0.018404833885696772 
9.869999999990336, 0.01899589645672406 
9.879999999990313, 0.019260847555613435 
9.88999999999029, 0.01930924782806307 
9.899999999990266, 0.01922861874842406 
9.909999999990243, 0.019087622061493517 
9.91999999999022, 0.01893958046152611 
9.929999999990196, 0.01882724850500323 
9.939999999990173, 0.01878962184681022 
9.94999999999015, 0.018870842949987785 
9.959999999990126, 0.019130880353496964 
9.969999999990103, 0.019656567449757807 
9.97999999999008, 0.020567281061241685 
9.989999999990056, 0.022000072461532825 
9.999999999990033, 0.024051396287917737 
10.00999999999001, 0.026675486715690595 
10.019999999989986, 0.029614043644623583 
10.029999999989963, 0.032468083969015446 
10.03999999998994, 0.03488771849174404 
10.049999999989916, 0.03670592816658475 
10.059999999989893, 0.03792795565438836 
10.06999999998987, 0.03864888072407099 
10.079999999989846, 0.038986216449073824 
10.089999999989823, 0.039049645606330535 
10.0999999999898, 0.03893373525103665 
10.109999999989776, 0.038717953808925114 
10.119999999989753, 0.038467196149058955 
10.12999999998973, 0.03823270538706797 
10.139999999989707, 0.03805516294099313 
10.149999999989683, 0.03797056707338532 
10.15999999998966, 0.03801805577935264 
10.169999999989637, 0.03824805102788002 
10.179999999989613, 0.03872788212983262 
10.18999999998959, 0.03953875733193304 
10.199999999989567, 0.04075356494324529 
10.209999999989543, 0.04238828020109442 
10.21999999998952, 0.04434548678566448 
10.229999999989497, 0.04640517746442925 
10.239999999989474, 0.04830084869626107 
10.24999999998945, 0.049829905970924085 
10.259999999989427, 0.05090792670579902 
10.269999999989404, 0.051547938700815664 
10.27999999998938, 0.051812870393694366 
10.289999999989357, 0.05178155220178375 
10.299999999989334, 0.05153487906114843 
10.30999999998931, 0.051152005652845965 
10.319999999989287, 0.05070707672217702 
10.329999999989264, 0.05026406608933685 
10.33999999998924, 0.04987280471247774 
10.349999999989217, 0.04956953006665765 
10.359999999989194, 0.049382027659054646 
10.36999999998917, 0.049336771833450796 
10.379999999989147, 0.049464866873317956 
10.389999999989124, 0.04980353902074982 
10.3999999999891, 0.05038921742129143 
10.409999999989077, 0.05123865372062577 
10.419999999989054, 0.05232112432313617 
10.42999999998903, 0.05353912390851286 
10.439999999989007, 0.05474195304779321 
10.449999999988984, 0.05577407209278458 
10.45999999998896, 0.056524672658233056 
10.469999999988937, 0.056945189411343876 
10.479999999988914, 0.057036431463232715 
10.48999999998889, 0.05682868603413309 
10.499999999988868, 0.05637076468742021 
10.509999999988844, 0.05572784914865623 
10.519999999988821, 0.05497914582277515 
10.529999999988798, 0.05420824208307138 
10.539999999988774, 0.053488248955869 
10.549999999988751, 0.052870736167792275 
10.559999999988728, 0.052384693774016 
10.569999999988704, 0.052043718807776126 
10.579999999988681, 0.05185530671044143 
10.589999999988658, 0.05182718326039434 
10.599999999988635, 0.05196806596944176 
10.609999999988611, 0.05228173958386454 
10.619999999988588, 0.05275508834234305 
10.629999999988565, 0.05334490668227674 
10.639999999988541, 0.05397333351502552 
10.649999999988518, 0.0545400712038873 
10.659999999988495, 0.05494699310635302 
10.669999999988471, 0.0551192604030587 
10.679999999988448, 0.05501191652908931 
10.689999999988425, 0.05460610464766712 
10.699999999988401, 0.05390672366633441 
10.709999999988378, 0.05294799702169447 
10.719999999988355, 0.05180151920415001 
10.729999999988332, 0.05057275293300347 
10.739999999988308, 0.04937766714299917 
10.749999999988285, 0.04831044379957909 
10.759999999988262, 0.047423928241179115 
10.769999999988238, 0.04673217260409584 
10.779999999988215, 0.04622614059721132 
10.789999999988192, 0.045889281465252105 
10.799999999988168, 0.045706185337546515 
10.809999999988145, 0.045663693346631284 
10.819999999988122, 0.04574614922217714 
10.829999999988098, 0.04592730087056597 
10.839999999988075, 0.04616282885582469 
10.849999999988052, 0.046388629001424445 
10.859999999988029, 0.046527597930862835 
10.869999999988005, 0.04650148498997452 
10.879999999987982, 0.04624050147788177 
10.889999999987959, 0.04568737980201672 
10.899999999987935, 0.04480087135763011 
10.909999999987912, 0.04356753321481586 
10.919999999987889, 0.04202416107546515 
10.929999999987865, 0.04027653840941305 
10.939999999987842, 0.03848764742908575 
10.949999999987819, 0.03682634461439768 
10.959999999987796, 0.03540911394188236 
10.969999999987772, 0.03427752364932761 
10.979999999987749, 0.03341618479575455 
10.989999999987726, 0.0327844742763452 
10.999999999987702, 0.03233969737851135 
11.009999999987679, 0.03204660363789882 
11.019999999987656, 0.031877089083888144 
11.029999999987632, 0.03180465369920341 
11.039999999987609, 0.03179695629387665 
11.049999999987586, 0.03180949519576097 
11.059999999987562, 0.031783333124291026 
11.06999999998754, 0.03164795394674036 
11.079999999987516, 0.03132695475863809 
11.089999999987493, 0.030742927875817543 
11.09999999998747, 0.029821625499729814 
11.109999999987446, 0.02850216884976297 
11.119999999987423, 0.026762674966051447 
11.1299999999874, 0.02465991340973517 
11.139999999987376, 0.022354820255850068 
11.149999999987353, 0.020080775769558613 
11.15999999998733, 0.018054221291460604 
11.169999999987306, 0.01639522995208404 
11.179999999987283, 0.015116731400895927 
11.18999999998726, 0.014166803467502213 
11.199999999987236, 0.013475371305217573 
11.209999999987213, 0.012980318538012823 
11.21999999998719, 0.012634501884797453 
11.229999999987166, 0.012402492988884236 
11.239999999987143, 0.012253310633310721 
11.24999999998712, 0.012152418228183772 
11.259999999987096, 0.012055236780081031 
11.269999999987073, 0.011904122704872 
11.27999999998705, 0.011629403296636472 
11.289999999987026, 0.011152769152094196 
11.299999999987003, 0.010390863208749388 
11.30999999998698, 0.009260724119239405 
11.319999999986956, 0.007695029675169757 
11.329999999986933, 0.005676449335437241 
11.33999999998691, 0.0032852385340858743 
11.349999999986887, 0.0007214230139249689 
11.359999999986863, -0.0014364800891514813 
11.36999999998684, -0.0031467183826988966 
11.379999999986817, -0.004429971300992691 
11.389999999986793, -0.0052970417172601945 
11.39999999998677, -0.0058189374514457624 
11.409999999986747, -0.006076760637534472 
11.419999999986723, -0.006137676222904917 
11.4299999999867, -0.006050652603007192 
11.439999999986677, -0.005851498754214297 
11.449999999986654, -0.005570999525138322 
11.45999999998663, -0.005243278709812913 
11.469999999986607, -0.004912425527177214 
11.479999999986584, -0.004635548195604623 
11.48999999998656, -0.004481636327561765 
11.499999999986537, -0.004527827234145936 
11.509999999986514, -0.004855135725278924 
11.51999999998649, -0.005542046134661554 
11.529999999986467, -0.006648588343917667 
11.539999999986444, -0.008183141899129841 
11.54999999998642, -0.010059705893111857 
11.559999999986397, -0.01208278799174281 
11.569999999986374, -0.01400067802117578 
11.57999999998635, -0.01560671059069101 
11.589999999986327, -0.016807647024602808 
11.599999999986304, -0.017615241557097046 
11.60999999998628, -0.018094898705010718 
11.619999999986257, -0.018320563639292468 
11.629999999986234, -0.018353154205280255 
11.63999999998621, -0.018236766682337008 
11.649999999986187, -0.018003479286054603 
11.659999999986164, -0.017681308441624043 
11.66999999998614, -0.017302623387024398 
11.679999999986117, -0.01691081247083329 
11.689999999986094, -0.016562889004826907 
11.69999999998607, -0.016327092115674367 
11.709999999986048, -0.01627730729869655 
11.719999999986024, -0.01648714450427239 
11.729999999986001, -0.01702315030360299 
11.739999999985978, -0.017931315570038853 
11.749999999985954, -0.01921102273071387 
11.759999999985931, -0.02078347411737388 
11.769999999985908, -0.02248330729588952 
11.779999999985884, -0.024102139879670886 
11.789999999985861, -0.025466907390901468 
11.799999999985838, -0.02649339677577351 
11.809999999985815, -0.02718208744603596 
11.819999999985791, -0.02757962703994336 
11.829999999985768, -0.027742644666440275 
11.839999999985745, -0.02771887316870738 
11.849999999985721, -0.027542800608500718 
11.859999999985698, -0.027239363250695266 
11.869999999985675, -0.026831412232324985 
11.879999999985651, -0.026348381771036468 
11.889999999985628, -0.02583333093542099 
11.899999999985605, -0.02534497479276516 
11.909999999985581, -0.024953069136348115 
11.919999999985558, -0.02472959619111756 
11.929999999985535, -0.024740353255536203 
11.939999999985512, -0.02503825611611623 
11.949999999985488, -0.02565403776794748 
11.959999999985465, -0.026579489327165425 
11.969999999985442, -0.02774788524070802 
11.979999999985418, -0.02903058890339814 
11.989999999985395, -0.030267898460217556 
11.999999999985372, -0.03132292924211336 
12.009999999985348, -0.032120469551200896 
12.019999999985325, -0.03264772250489115 
12.029999999985302, -0.03292935334674185 
12.039999999985278, -0.033001014397778736 
12.049999999985255, -0.032893655519932466 
12.059999999985232, -0.03262877146400807 
12.069999999985209, -0.03222105862821146 
12.079999999985185, -0.031685731587174686 
12.089999999985162, -0.03104820698933438 
12.099999999985139, -0.030352410925744245 
12.109999999985115, -0.029662475381710362 
12.119999999985092, -0.02905490972042641 
12.129999999985069, -0.028604836474837452 
12.139999999985045, -0.028373985188189572 
12.149999999985022, -0.028404231768360433 
12.159999999984999, -0.028713049588211657 
12.169999999984976, -0.02928546112272044 
12.179999999984952, -0.030064196520965935 
12.189999999984929, -0.03094970346579532 
12.199999999984906, -0.03182107416568604 
12.209999999984882, -0.03257138501442705 
12.219999999984859, -0.033134571503528755 
12.229999999984836, -0.033488427079728864 
12.239999999984812, -0.03363938100407336 
12.249999999984789, -0.03360393905095123 
12.259999999984766, -0.03339617059873202 
12.269999999984742, -0.03302309186702463 
12.27999999998472, -0.032486860086017005 
12.289999999984696, -0.03179270917254549 
12.299999999984673, -0.030960899050924674 
12.30999999998465, -0.03003777888077324 
12.319999999984626, -0.029097813046944986 
12.329999999984603, -0.028231394798213204 
12.33999999998458, -0.027523819251840158 
12.349999999984556, -0.027038099419690615 
12.359999999984533, -0.02680870383330078 
12.36999999998451, -0.026842049844786203 
12.379999999984486, -0.02711606171245535 
12.389999999984463, -0.02757754118438162 
12.39999999998444, -0.028144498265147734 
12.409999999984416, -0.028720840598618336 
12.419999999984393, -0.029219923823472528 
12.42999999998437, -0.029583037503148807 
12.439999999984346, -0.02978256127495389 
12.449999999984323, -0.02981222168750986 
12.4599999999843, -0.02967368700420612 
12.469999999984276, -0.029366454616223957 
12.479999999984253, -0.028883561978163875 
12.48999999998423, -0.028213769988799275 
12.499999999984206, -0.027350816509481797 
12.509999999984183, -0.026308875917114012 
12.51999999998416, -0.025138023366871303 
12.529999999984136, -0.023927478455980516 
12.539999999984113, -0.02278796718020068 
12.54999999998409, -0.021821042810083992 
12.559999999984067, -0.02109522261312454 
12.569999999984043, -0.020640096785575164 
12.57999999998402, -0.020452303787990195 
12.589999999983997, -0.020501860602272 
12.599999999983973, -0.02073483723927124 
12.60999999998395, -0.0210772522310914 
12.619999999983927, -0.021446172558118346 
12.629999999983903, -0.02176642564541177 
12.63999999998388, -0.02198383424165186 
12.649999999983857, -0.022067725775993034 
12.659999999983834, -0.022003791326051313 
12.66999999998381, -0.02178349338751568 
12.679999999983787, -0.021395366285906884 
12.689999999983764, -0.02082094599651973 
12.69999999998374, -0.02003712911147751 
12.709999999983717, -0.019027015170417404 
12.719999999983694, -0.017799314245226183 
12.72999999998367, -0.016408787305883975 
12.739999999983647, -0.014960920008738342 
12.749999999983624, -0.013588268557860874 
12.7599999999836, -0.01240946946936254 
12.769999999983577, -0.011498945079078239 
12.779999999983554, -0.010882156155327671 
12.78999999998353, -0.010547079493009249 
12.799999999983507, -0.010456050592203414 
12.809999999983484, -0.010551940623167434 
12.81999999998346, -0.010762883828098398 
12.829999999983437, -0.01101140681583409 
12.839999999983414, -0.01122753978151705 
12.84999999998339, -0.011359173677420394 
12.859999999983367, -0.011373922092844305 
12.869999999983344, -0.011253032051799762 
12.87999999998332, -0.010982105738761488 
12.889999999983297, -0.010543126364394863 
12.899999999983274, -0.00991059829173627 
12.90999999998325, -0.009054274738850586 
12.919999999983228, -0.00795143452746579 
12.929999999983204, -0.006609225079572902 
12.939999999983181, -0.00508816172513382 
12.949999999983158, -0.0035065480412718986 
12.959999999983134, -0.002011378614100573 
12.969999999983111, -0.0007304209736032727 
12.979999999983088, 0.00013359366148988394 
12.989999999983064, 0.0003780663223678262 
12.999999999983041, 0.00033012795686573903 
13.009999999983018, 0.000032585474505514986 
13.019999999982995, -0.00005494283074066322 
13.029999999982971, -0.00022352747051647827 
13.039999999982948, -0.0004331716110289994 
13.049999999982925, -0.0006153021725390226 
13.059999999982901, -0.0007184264555648535 
13.069999999982878, -0.0007096511684607379 
13.079999999982855, -0.0005688423598198968 
13.089999999982831, -0.0002797910603509678 
13.099999999982808, 0.000028396661200215308 
13.109999999982785, 0.0002446480247180057 
13.119999999982761, 0.0006868251644637086 
13.129999999982738, 0.0013764415689135818 
13.139999999982715, 0.002302713332860421 
13.149999999982692, 0.003399770123333445 
13.159999999982668, 0.004544877849635566 
13.169999999982645, 0.005590363579825726 
13.179999999982622, 0.006411728575054639 
13.189999999982598, 0.006938135056074135 
13.199999999982575, 0.0071523063557604 
13.209999999982552, 0.007074431161493229 
13.219999999982528, 0.006748219655467173 
13.229999999982505, 0.006234405790878164 
13.239999999982482, 0.005606330384788894 
13.249999999982458, 0.004941355315022813 
13.259999999982435, 0.004308538315100549 
13.269999999982412, 0.003759125052547606 
13.279999999982389, 0.0033252315958888267 
13.289999999982365, 0.003026002458323354 
13.299999999982342, 0.0028765926303113056 
13.309999999982319, 0.0028956097866488185 
13.319999999982295, 0.003108172493390445 
13.329999999982272, 0.0035420371181974384 
13.339999999982249, 0.0042141743931431875 
13.349999999982225, 0.005108578773781554 
13.359999999982202, 0.006155942538298675 
13.369999999982179, 0.007234808883236176 
13.379999999982156, 0.008203893959534556 
13.389999999982132, 0.008946892296474006 
13.399999999982109, 0.00939887637142711 
13.409999999982086, 0.009544682041447733 
13.419999999982062, 0.009404025787405106 
13.429999999982039, 0.009019669505128367 
13.439999999982016, 0.008452407738675914 
13.449999999981992, 0.007776879576985489 
13.459999999981969, 0.007072106120258756 
13.469999999981946, 0.006408012227968797 
13.479999999981922, 0.005835386903647785 
13.4899999999819, 0.005384834861129774 
13.499999999981876, 0.00507349703988339 
13.509999999981853, 0.004914354508604421 
13.51999999998183, 0.004923560888052133 
13.529999999981806, 0.005123041036301144 
13.539999999981783, 0.0055360913899321785 
13.54999999998176, 0.006173969750636519 
13.559999999981736, 0.007015144684597531 
13.569999999981713, 0.007988043360287873 
13.57999999998169, 0.008974935415431127 
13.589999999981666, 0.009843433421457607 
13.599999999981643, 0.010486741418990225 
13.60999999998162, 0.010845711783494628 
13.619999999981596, 0.010906326257558326 
13.629999999981573, 0.010686799672482733 
13.63999999998155, 0.010228395215840232 
13.649999999981526, 0.009592119164470777 
13.659999999981503, 0.00885462436040323 
13.66999999998148, 0.008097428143285346 
13.679999999981456, 0.007391807632462932 
13.689999999981433, 0.006788032614927363 
13.69999999998141, 0.006314704527560576 
13.709999999981386, 0.00598626780077347 
13.719999999981363, 0.005812792892292117 
13.72999999998134, 0.0058072531893504946 
13.739999999981316, 0.00598768777377551 
13.749999999981293, 0.006372375565847277 
13.75999999998127, 0.006966688948578282 
13.769999999981247, 0.007744088385224971 
13.779999999981223, 0.008631944328952168 
13.7899999999812, 0.009517552800958895 
13.799999999981177, 0.010277996679786293 
13.809999999981153, 0.010815590855347623 
13.81999999998113, 0.011076050449346217 
13.829999999981107, 0.011045656192445468 
13.839999999981083, 0.010740686313778067 
13.84999999998106, 0.010200998689871153 
13.859999999981037, 0.009488383787220254 
13.869999999981014, 0.008682308781514231 
13.87999999998099, 0.007867424206434204 
13.889999999980967, 0.007116549999888484 
13.899999999980944, 0.006479196310747355 
13.90999999998092, 0.005981512460509963 
13.919999999980897, 0.005634802277436034 
13.929999999980874, 0.005445889704866917 
13.93999999998085, 0.005424372213359074 
13.949999999980827, 0.005584386920927935 
13.959999999980804, 0.00593945186097943 
13.96999999998078, 0.00648968982201685 
13.979999999980757, 0.007204505874479773 
13.989999999980734, 0.008011038985594948 
13.99999999998071, 0.00880163730316949 
14.009999999980687, 0.009461836120776047 
14.019999999980664, 0.009901551345381659 
14.02999999998064, 0.010070175273349996 
14.039999999980617, 0.009953826438051275 
14.049999999980594, 0.00956704110438201 
14.05999999998057, 0.008948872001325608 
14.069999999980547, 0.008162613612420896 
14.079999999980524, 0.007291080236906956 
14.0899999999805, 0.006422176914453572 
14.099999999980477, 0.005630000327649659 
14.109999999980454, 0.004962899690470661 
14.11999999998043, 0.0044442934105548065 
14.129999999980408, 0.004082296509041526 
14.139999999980384, 0.003880661015591747 
14.149999999980361, 0.003845987049074773 
14.159999999980338, 0.003989119597311501 
14.169999999980314, 0.004319704102285355 
14.179999999980291, 0.004833725949051363 
14.189999999980268, 0.005497533895890263 
14.199999999980244, 0.0062382832766067495 
14.209999999980221, 0.006952374294556553 
14.219999999980198, 0.00753182995708942 
14.229999999980175, 0.00789224194728851 
14.239999999980151, 0.007985665003763392 
14.249999999980128, 0.007798103002658552 
14.259999999980105, 0.007343067382107519 
14.269999999980081, 0.006659655030981149 
14.279999999980058, 0.005813175674852088 
14.289999999980035, 0.004889687944211837 
14.299999999980011, 0.0039797068719265765 
14.309999999979988, 0.0031578308474258603 
14.319999999979965, 0.0024707901872674334 
14.329999999979941, 0.001939312410516389 
14.339999999979918, 0.001568777203628827 
14.349999999979895, 0.001360579797294986 
14.359999999979872, 0.0013192245793110363 
14.369999999979848, 0.0014533610700559125 
14.379999999979825, 0.001770048391118809 
14.389999999979802, 0.0022624281499229156 
14.399999999979778, 0.002894607040290616 
14.409999999979755, 0.003593452219439192 
14.419999999979732, 0.004257764757991825 
14.429999999979708, 0.004783714815085306 
14.439999999979685, 0.0050907090563246625 
14.449999999979662, 0.005132837681424077 
14.459999999979638, 0.0048965138095281545 
14.469999999979615, 0.004395273142769539 
14.479999999979592, 0.0036690877188081993 
14.489999999979569, 0.002785317666227677 
14.499999999979545, 0.00183235707252698 
14.509999999979522, 0.0009019199306112372 
14.519999999979499, 0.00006796262796098166 
14.529999999979475, -0.00022800495642075804 
14.539999999979452, -0.00032507539777087453 
14.549999999979429, -0.00025894306798194714 
14.559999999979405, -0.00002945462464761242 
14.569999999979382, 0.000006543085501731908 
14.579999999979359, 0.00014157318925727948 
14.589999999979335, 0.00045686830239360324 
14.599999999979312, 0.0009436492904821185 
14.609999999979289, 0.0015640261693032139 
14.619999999979266, 0.0022437771704592515 
14.629999999979242, 0.002882373437466875 
14.639999999979219, 0.0033782186347254676 
14.649999999979196, 0.003653317321458201 
14.659999999979172, 0.0036636340760567406 
14.669999999979149, 0.003396608368298608 
14.679999999979126, 0.00286661396451559 
14.689999999979102, 0.0021149524910743307 
14.69999999997908, 0.001210807004522367 
14.709999999979056, 0.0002440747994695068 
14.719999999979033, -0.0003699358214256252 
14.72999999997901, -0.0007692716801560881 
14.739999999978986, -0.0010237468422831706 
14.749999999978963, -0.0011165732353190226 
14.75999999997894, -0.0010452353373243785 
14.769999999978916, -0.000810080965337257 
14.779999999978893, -0.0004078001867266094 
14.78999999997887, 0.00005473444508469357 
14.799999999978846, 0.000374369040795808 
14.809999999978823, 0.0008625906854035079 
14.8199999999788, 0.0014794783982391261 
14.829999999978776, 0.0021492954625303767 
14.839999999978753, 0.0027714754062731642 
14.84999999997873, 0.003245961485690118 
14.859999999978706, 0.003496961408710532 
14.869999999978683, 0.003482298522713925 
14.87999999997866, 0.003190672364938267 
14.889999999978636, 0.0026375659879397852 
14.899999999978613, 0.0018657384141321505 
14.90999999997859, 0.0009460986483431691 
14.919999999978566, -0.00001640380445421237 
14.929999999978543, -0.0005214572275545295 
14.93999999997852, -0.000919825781206886 
14.949999999978496, -0.0011704128921529117 
14.959999999978473, -0.0012578748778726398 
14.96999999997845, -0.0011805427891582532 
14.979999999978427, -0.0009391192002236486 
14.989999999978403, -0.0005304665622870566 
14.99999999997838, 0.000019568173116868107 
15.009999999978357, 0.0003441436277884234 
15.019999999978333, 0.0008345127088478056 
15.02999999997831, 0.0014487489320889747 
15.039999999978287, 0.00210962241390297 
15.049999999978263, 0.002716522808972295 
15.05999999997824, 0.003170878395467167 
15.069999999978217, 0.0033990197481782634 
15.079999999978194, 0.003360576829315072 
15.08999999997817, 0.003045519986003508 
15.099999999978147, 0.0024705029880416006 
15.109999999978124, 0.0016798013862429108 
15.1199999999781, 0.0007460422520332066 
15.129999999978077, -0.00013311939649967363 
15.139999999978054, -0.0006406508578751878 
15.14999999997803, -0.0010370944015754176 
15.159999999978007, -0.0012830875178168424 
15.169999999977984, -0.0013646775919224756 
15.17999999997796, -0.0012809675551753153 
15.189999999977937, -0.001032948509264756 
15.199999999977914, -0.0006176082977539871 
15.20999999997789, -0.00002842765346246216 
15.219999999977867, 0.0003210754763642939 
15.229999999977844, 0.0008140046765705061 
15.23999999997782, 0.0014260720118719852 
15.249999999977797, 0.0020785928753785446 
15.259999999977774, 0.002670937232528984 
15.26999999997775, 0.0031059956786422113 
15.279999999977727, 0.0033121624952894024 
15.289999999977704, 0.0032508280064887504 
15.29999999997768, 0.0029132384917438135 
15.309999999977657, 0.002317269734098905 
15.319999999977634, 0.0015087640381338308 
15.32999999997761, 0.0005620544408779386 
15.339999999977588, -0.00024131743615334015 
15.349999999977564, -0.0007502915511632842 
15.359999999977541, -0.0011439894484282416 
15.369999999977518, -0.0013847895892271447 
15.379999999977494, -0.0014600792446384761 
15.389999999977471, -0.001369665177497955 
15.399999999977448, -0.0011147686272283482 
15.409999999977424, -0.0006924631123663983 
15.419999999977401, -0.00009654239696299199 
15.429999999977378, 0.0002992810887175269 
15.439999999977355, 0.0007951206268767743 
15.449999999977331, 0.0014054211532736735 
15.459999999977308, 0.0020500828683314197 
15.469999999977285, 0.0026284856353937336 
15.479999999977261, 0.0030449682134457306 
15.489999999977238, 0.003229938605294775 
15.499999999977215, 0.003146507919797496 
15.509999999977191, 0.002787205684853081 
15.519999999977168, 0.0021711783653749032 
15.529999999977145, 0.0013458786035360705 
15.539999999977121, 0.00038732541602886554 
15.549999999977098, -0.00034351673001463645 
15.559999999977075, -0.0008529686868891014 
15.569999999977052, -0.0012431667278767892 
15.579999999977028, -0.0014782301164804712 
15.589999999977005, -0.0015468325938312968 
15.599999999976982, -0.0014494184770017038 
15.609999999976958, -0.0011873843505642177 
15.619999999976935, -0.0007578537769125679 
15.629999999976912, -0.00015491706398976156 
15.639999999976888, 0.0002817086885589215 
15.649999999976865, 0.0007807740173658027 
15.659999999976842, 0.001389660988657179 
15.669999999976818, 0.002026893434840679 
15.679999999976795, 0.0025918933140760643 
15.689999999976772, 0.002990439209604759 
15.699999999976749, 0.0031549102627631146 
15.709999999976725, 0.003050104834838001 
15.719999999976702, 0.0026698452531060853 
15.729999999976679, 0.0020345948669010586 
15.739999999976655, 0.0011934537881445008 
15.749999999976632, 0.00022409980862610432 
15.759999999976609, -0.0004419060093830418 
15.769999999976585, -0.0009509454089714672 
15.779999999976562, -0.0013369577193277995 
15.789999999976539, -0.0015657964342920734 
15.799999999976515, -0.001627366960971223 
15.809999999976492, -0.0015226872909947153 
15.819999999976469, -0.0012532785492885814 
15.829999999976446, -0.0008162830748591427 
15.839999999976422, -0.00020607571825911647 
15.849999999976399, 0.0002672600083973189 
15.859999999976376, 0.000769828931846273 
15.869999999976352, 0.0013776057474151452 
15.879999999976329, 0.002007777271848444 
15.889999999976306, 0.002559842837796858 
15.899999999976282, 0.002941017732974535 
15.90999999997626, 0.003085615837547839 
15.919999999976236, 0.002960094217217725 
15.929999999976213, 0.0025595793626131194 
15.93999999997619, 0.0019058954150831156 
15.949999999976166, 0.0010498210762828846 
15.959999999976143, 0.00007065886729869116 
15.96999999997612, -0.0005302698965623991 
15.979999999976096, -0.0010380704724327916 
15.989999999976073, -0.0014192723713600914 
15.99999999997605, -0.0016414498377821517 
16.009999999976028, -0.0016956833271475516 
16.019999999976005, -0.0015835027349182782 
16.02999999997598, -0.0013065069089427028 
16.039999999975958, -0.0008618304987202237 
16.049999999975935, -0.00024412631749575107 
16.05999999997591, 0.00025742827831309997 
16.069999999975888, 0.000763725880063768 
16.079999999975865, 0.001370627744518207 
16.08999999997584, 0.0019940248527506956 
16.099999999975818, 0.002533533817076411 
16.109999999975795, 0.0028978096143795883 
16.11999999997577, 0.003023070392010447 
16.129999999975748, 0.002877407184172799 
16.139999999975725, 0.002457262376870296 
16.1499999999757, 0.0017858615603586502 
16.15999999997568, 0.0009156874317049794 
16.169999999975655, -0.00004112501847390245 
16.17999999997563, -0.0006146089788968875 
16.18999999997561, -0.0011204268004050993 
16.199999999975585, -0.0014962647079868586 
16.20999999997556, -0.0017113998894328825 
16.21999999997554, -0.0017580318934040842 
16.229999999975515, -0.0016381444367110187 
16.239999999975492, -0.0013533718358964895 
16.24999999997547, -0.0009008190579045583 
16.259999999975445, -0.00027541450783928053 
16.269999999975422, 0.00024729253830250715 
16.2799999999754, 0.0007575067665557644 
16.289999999975375, 0.0013637231840633358 
16.299999999975352, 0.001980580080850276 
16.30999999997533, 0.0025078542886245465 
16.319999999975305, 0.002855647076884745 
16.329999999975282, 0.0029620543903600754 
16.33999999997526, 0.0027967798821735756 
16.349999999975235, 0.0023575948790787024 
16.359999999975212, 0.0016691651624753984 
16.36999999997519, 0.0007856976063926938 
16.379999999975166, -0.00012245218331084225 
16.389999999975142, -0.0006981680017842417 
16.39999999997512, -0.0012013000645678565 
16.409999999975096, -0.0015712580087302312 
16.419999999975072, -0.0017789994081356061 
16.42999999997505, -0.0018177859727021958 
16.439999999975026, -0.0016899986457924673 
16.449999999975002, -0.0013972672350863705 
16.45999999997498, -0.0009366473066981585 
16.469999999974956, -0.00030334262723746516 
16.479999999974932, 0.0002407118119323674 
16.48999999997491, 0.0007550206362656401 
16.499999999974886, 0.0013607251273184758 
16.509999999974863, 0.0019712536856868377 
16.51999999997484, 0.00248658673791095 
16.529999999974816, 0.002818280245480455 
16.539999999974793, 0.0029062848315807867 
16.54999999997477, 0.0027218989281083458 
16.559999999974746, 0.002264237387303396 
16.569999999974723, 0.0015594429447406545 
16.5799999999747, 0.0006634614546847255 
16.589999999974676, -0.00019518209263977326 
16.599999999974653, -0.0007723324007706062 
16.60999999997463, -0.001272127241730335 
16.619999999974606, -0.001635737837014589 
16.629999999974583, -0.0018357740886124408 
16.63999999997456, -0.0018665020852664208 
16.649999999974536, -0.001730645706702228 
16.659999999974513, -0.0014297940176897128 
16.66999999997449, -0.0009609379435726875 
16.679999999974466, -0.00031956149039552 
16.689999999974443, 0.00023727601205091937 
16.69999999997442, 0.000755805547444878 
16.709999999974396, 0.0013611077803504577 
16.719999999974373, 0.0019654472806302217 
16.72999999997435, 0.002469055886214146 
16.739999999974327, 0.0027849569439136303 
16.749999999974303, 0.002854936134024968 
16.75999999997428, 0.0026518707479381808 
16.769999999974257, 0.0021762333126249707 
16.779999999974233, 0.0014556772383169428 
16.78999999997421, 0.0005478974677681111 
16.799999999974187, -0.0002648263212970233 
16.809999999974163, -0.0008426858543323752 
16.81999999997414, -0.0013385597007532452 
16.829999999974117, -0.0016954121183975657 
16.839999999974093, -0.0018874745787111652 
16.84999999997407, -0.0019099612850416129 
16.859999999974047, -0.0017658883853269817 
16.869999999974024, -0.001456771950396542 
16.879999999974, -0.0009795267524179937 
16.889999999973977, -0.0003299252827061344 
16.899999999973954, 0.00023837383460327175 
16.90999999997393, 0.0007612181628449534 
16.919999999973907, 0.0013661878042840214 
16.929999999973884, 0.0019644316389678864 
16.93999999997386, 0.002456483171806135 
16.949999999973837, 0.0027568482276360048 
16.959999999973814, 0.0028091304118197332 
16.96999999997379, 0.002587771874705334 
16.979999999973767, 0.0020946171090591745 
16.989999999973744, 0.00135886145338325 
16.99999999997372, 0.0004399545466088747 
17.009999999973697, -0.0003312140970980834 
17.019999999973674, -0.0009091135269519879 
17.02999999997365, -0.0014005374678373807 
17.039999999973627, -0.0017502679390166615 
17.049999999973604, -0.0019341241715941254 
17.05999999997358, -0.0019482131533875408 
17.069999999973557, -0.0017957956812946166 
17.079999999973534, -0.0014782862185573303 
17.08999999997351, -0.000992515590933701 
17.099999999973488, -0.0003345567213388019 
17.109999999973464, 0.00024167447499964331 
17.11999999997344, 0.0007688916175903707 
17.129999999973418, 0.0013735558102056344 
17.139999999973394, 0.001965751311546844 
17.14999999997337, 0.002446366178993441 
17.159999999973348, 0.002731405762400421 
17.169999999973324, 0.002766276291703738 
17.1799999999733, 0.0025269722740947818 
17.189999999973278, 0.002016724599651596 
17.199999999973254, 0.0012662996129448377 
17.20999999997323, 0.00033690305564704323 
17.219999999973208, -0.00039493411775095135 
17.229999999973185, -0.0009722477930192927 
17.23999999997316, -0.0014587362705194692 
17.249999999973138, -0.0018010180252683878 
17.259999999973115, -0.00197646352137878 
17.26999999997309, -0.0019820179662576767 
17.279999999973068, -0.0018211417084524032 
17.289999999973045, -0.001495121932666161 
17.29999999997302, -0.0010007006694127355 
17.309999999972998, -0.0003342660679328441 
17.319999999972975, 0.00024852831907366476 
17.32999999997295, 0.0007801504196104091 
17.339999999972928, 0.0013845049810699633 
17.349999999972905, 0.0019706647987498076 
17.35999999997288, 0.0024399269702378096 
17.36999999997286, 0.0027098145926728297 
17.379999999972835, 0.0027275226903534988 
17.38999999997281, 0.002470587039675198 
17.39999999997279, 0.001943639476203621 
17.409999999972765, 0.001179044218983609 
17.41999999997274, 0.00023976045643233834 
17.42999999997272, -0.00045283095534097255 
17.439999999972695, -0.001028980682922933 
17.449999999972672, -0.0015100950699099489 
17.45999999997265, -0.0018446415122581772 
17.469999999972625, -0.002011502652226389 
17.479999999972602, -0.002008408456298224 
17.48999999997258, -0.0018389766758988857 
17.499999999972555, -0.0015043450706907577 
17.509999999972532, -0.0010011657819969009 
17.51999999997251, -0.00032616083932267113 
17.529999999972485, 0.00025670860882341824 
17.539999999972462, 0.0007927267602001155 
17.54999999997244, 0.0013967204899659855 
17.559999999972415, 0.0019768079278985116 
17.569999999972392, 0.0024347524180204317 
17.57999999997237, 0.002689614480132913 
17.589999999972346, 0.0026903651446546013 
17.599999999972322, 0.002416071116488179 
17.6099999999723, 0.0018727793897352026 
17.619999999972276, 0.0010944767274284344 
17.629999999972252, 0.00014586952749411902 
17.63999999997223, -0.0005112380842083457 
17.649999999972206, -0.0010856895705998284 
17.659999999972182, -0.001561031208690198 
17.66999999997216, -0.0018875873350382253 
17.679999999972136, -0.0020457125797807276 
17.689999999972112, -0.0020338698151035877 
17.69999999997209, -0.001855794630356508 
17.709999999972066, -0.0015124556673937275 
17.719999999972043, -0.0010004161226900264 
17.72999999997202, -0.00031675207150479547 
17.739999999971996, 0.0002676902265001832 
17.749999999971973, 0.0008080853777950477 
17.75999999997195, 0.0014116553535043616 
17.769999999971926, 0.0019856215731240546 
17.779999999971903, 0.002432270717154344 
17.78999999997188, 0.0026722200048683647 
17.799999999971856, 0.0026562043902956167 
17.809999999971833, 0.002364812655141186 
17.81999999997181, 0.0018055217844202757 
17.829999999971786, 0.0010139639708443256 
17.839999999971763, 0.00005658260106357868 
17.84999999997174, -0.0005644652752602513 
17.859999999971716, -0.0011367136165576501 
17.869999999971693, -0.0016059150590258732 
17.87999999997167, -0.0019242532368348164 
17.889999999971646, -0.0020735121441037138 
17.899999999971623, -0.002052836363404748 
17.9099999999716, -0.0018660419955485105 
17.919999999971576, -0.00151391170848605 
17.929999999971553, -0.0009929239069820838 
17.93999999997153, -0.00030053229882367577 
17.949999999971507, 0.0002825916880018088 
17.959999999971483, 0.0008273077814808976 
17.96999999997146, 0.0014303485815052737 
17.979999999971437, 0.0019981000470012883 
17.989999999971413, 0.0024334313607653653 
17.99999999997139, 0.002658536544859108 
18.009999999971367, 0.002625902950931364 
18.019999999971343, 0.002317632935455898 
18.02999999997132, 0.0017426476439061922 
18.039999999971297, 0.0009382452964650255 
18.049999999971273, -0.000017960345438796915 
18.05999999997125, -0.0006162297075756876 
18.069999999971227, -0.0011858204619763818 
18.079999999971204, -0.001648559122446597 
18.08999999997118, -0.0019584868905171628 
18.099999999971157, -0.0020987741190772475 
18.109999999971134, -0.002069198205202159 
18.11999999997111, -0.0018736216102582426 
18.129999999971087, -0.001512627270085656 
18.139999999971064, -0.000982615789155876 
18.14999999997104, -0.00028144448704897797 
18.159999999971017, 0.00029599563670791655 
18.169999999970994, 0.0008449523803108041 
18.17999999997097, 0.0014473343976384636 
18.189999999970947, 0.002008756196679453 
18.199999999970924, 0.0024327291745604644 
18.2099999999709, 0.002643043609682074 
18.219999999970877, 0.0025939277800755074 
18.229999999970854, 0.0022689901170542875 
18.23999999997083, 0.0016786106721739132 
18.249999999970807, 0.000861772810202957 
18.259999999970784, -0.00006441631270444518 
18.26999999997076, -0.000664823001436956 
18.279999999970737, -0.00123131599993351 
18.289999999970714, -0.0016872854720637715 
18.29999999997069, -0.0019886240846629607 
18.309999999970668, -0.0021198437488671187 
18.319999999970644, -0.0020813062248531597 
18.32999999997062, -0.0018768875985338048 
18.339999999970598, -0.0015069589733609494 
18.349999999970574, -0.0009678518969114157 
18.35999999997055, -0.0002578549482219746 
18.369999999970528, 0.00031388578231048356 
18.379999999970504, 0.0008669885978928284 
18.38999999997048, 0.0014685651080355157 
18.399999999970458, 0.0020235236707535067 
18.409999999970434, 0.002436077513098853 
18.41999999997041, 0.002631632124697333 
18.429999999970388, 0.0025661455422174564 
18.439999999970365, 0.002224725475197941 
18.44999999997034, 0.0016192253405065567 
18.459999999970318, 0.0007903305877674288 
18.469999999970295, -0.0001111916605559106 
18.47999999997027, -0.0007132602058762665 
18.489999999970248, -0.0012762574709150837 
18.499999999970225, -0.0017251884576246581 
18.5099999999702, -0.002017787739587651 
18.519999999970178, -0.0021398639296643252 
18.529999999970155, -0.0020923168961967035 
18.53999999997013, -0.0018790064520149397 
18.549999999970108, -0.0015000824975471417 
18.559999999970085, -0.0009518187734546242 
18.56999999997006, -0.00023296481059177326 
18.57999999997004, 0.0003330419798676536 
18.589999999970015, 0.0008901743843336285 
18.59999999996999, 0.0014907770764381735 
18.60999999996997, 0.0020391199638982284 
18.619999999969945, 0.002440177797242013 
18.62999999996992, 0.0026209892818319426 
18.6399999999699, 0.002539230937246343 
18.649999999969875, 0.0021815037683113815 
18.659999999969852, 0.0015611493330520356 
18.66999999996983, 0.0007205704713012742 
18.679999999969805, -0.0001529226163605144 
18.689999999969782, -0.0007561921568509649 
18.69999999996976, -0.0013153164182773476 
18.709999999969735, -0.001756961227267421 
18.719999999969712, -0.002040689216945047 
18.72999999996969, -0.0021535595244823198 
18.739999999969665, -0.0020969648680607984 
18.749999999969642, -0.0018747209197669875 
18.75999999996962, -0.0014867494536184294 
18.769999999969595, -0.0009292804268673053 
18.779999999969572, -0.00020155681459080272 
18.78999999996955, 0.00035429507936053786 
18.799999999969526, 0.0009153084377171555 
18.809999999969502, 0.00151473446538698 
18.81999999996948, 0.0020562752458923735 
18.829999999969456, 0.002445727532369316 
18.839999999969432, 0.002611780768122639 
18.84999999996941, 0.0025138184464408137 
18.859999999969386, 0.0021399289871156693 
18.869999999969362, 0.001504956312506191 
18.87999999996934, 0.0006530340070313776 
18.889999999969316, -0.00019637061236068087 
18.899999999969292, -0.0008004185909858966 
18.90999999996927, -0.0013553289209844487 
18.919999999969246, -0.0017894699457342157 
18.929999999969223, -0.0020642162658666184 
18.9399999999692, -0.002167832057190365 
18.949999999969176, -0.0021021599079300954 
18.959999999969153, -0.0018709459185323816 
18.96999999996913, -0.001473878844089672 
18.979999999969106, -0.0009071604303863086 
18.989999999969083, -0.0001705603750209395 
18.99999999996906, 0.00037506898450609627 
19.009999999969036, 0.0009398085104943502 
19.019999999969013, 0.0015378521188883203 
19.02999999996899, 0.0020724056558629883 
19.039999999968966, 0.0024501468042704773 
19.049999999968943, 0.0026014313950332647 
19.05999999996892, 0.0024873382691721515 
19.069999999968896, 0.0020974387128287527 
19.079999999968873, 0.0014480940488553467 
19.08999999996885, 0.0005851804035650927 
19.099999999968826, -0.00023970755933140313 
19.109999999968803, -0.0008441090400351859 
19.11999999996878, -0.0013944682446602424 
19.129999999968756, -0.0018208937819969844 
19.139999999968733, -0.0020865527352222505 
19.14999999996871, -0.002180867613190065 
19.159999999968687, -0.0021060882598612747 
19.169999999968663, -0.0018658667288232278 
19.17999999996864, -0.0014596549759138934 
19.189999999968617, -0.0008836433062236115 
19.199999999968593, -0.0001381624188762013 
19.20999999996857, 0.00039717218525077815 
19.219999999968547, 0.0009654779067371849 
19.229999999968523, 0.0015619297462944378 
19.2399999999685, 0.0020893094726972756 
19.249999999968477, 0.002455233100451111 
19.259999999968453, 0.002591736916198067 
19.26999999996843, 0.0024615835085168903 
19.279999999968407, 0.0020558235516307966 
19.289999999968384, 0.0013923510721089625 
19.29999999996836, 0.0005187946209273339 
19.309999999968337, -0.00028115689487916016 
19.319999999968314, -0.0008855014468227703 
19.32999999996829, -0.001430990500750755 
19.339999999968267, -0.001849506139396938 
19.349999999968244, -0.002105985346012174 
19.35999999996822, -0.0021909618168690715 
19.369999999968197, -0.002107051291627007 
19.379999999968174, -0.0018577891155211284 
19.38999999996815, -0.0014423886109720663 
19.399999999968127, -0.0008570474352417284 
19.409999999968104, -0.00010269329210019389 
19.41999999996808, 0.0004208044934777346 
19.429999999968057, 0.0009924975450469498 
19.439999999968034, 0.0015871300736257777 
19.44999999996801, 0.0021071335660610524 
19.459999999967987, 0.0024611190694042166 
19.469999999967964, 0.0025828161207560037 
19.47999999996794, 0.0024366592622148465 
19.489999999967917, 0.0020151756530290745 
19.499999999967894, 0.001337807183745552 
19.50999999996787, 0.0004539427915433529 
19.519999999967848, -0.0003206702724928494 
19.529999999967824, -0.0009245698112360223 
19.5399999999678, -0.0014648935987732015 
19.549999999967778, -0.0018753259583648824 
19.559999999967754, -0.002122548654436501 
19.56999999996773, -0.0021981596027757845 
19.579999999967708, -0.0021051007901131897 
19.589999999967684, -0.0018467702911012063 
19.59999999996766, -0.0014221430657133526 
19.609999999967638, -0.0008274449746043649 
19.619999999967614, -0.00006423831242322033 
19.62999999996759, 0.0004458631516218949 
19.639999999967568, 0.0010207451316663018 
19.649999999967545, 0.00161331240940767 
19.65999999996752, 0.0021257215653651632 
19.669999999967498, 0.002467634523319534 
19.679999999967475, 0.0025744854751583762 
19.68999999996745, 0.002412368868285835 
19.699999999967428, 0.0019752859852883702 
19.709999999967405, 0.001284241580889549 
19.71999999996738, 0.00039039105152203644 
19.729999999967358, -0.0003628581978099788 
19.739999999967335, -0.0009659438097518076 
19.74999999996731, -0.0015008262840535444 
19.759999999967288, -0.0019030174182153802 
19.769999999967265, -0.0021409169083654906 
19.77999999996724, -0.0022071404422109634 
19.78999999996722, -0.002104918166837009 
19.799999999967195, -0.0018374918973522118 
19.80999999996717, -0.0014035997719275147 
19.81999999996715, -0.0007995176175039512 
19.829999999967125, -0.00002748008219755994 
19.8399999999671, 0.000470571606437772 
19.84999999996708, 0.0010484458344475682 
19.859999999967055, 0.0016387083307772567 
19.869999999967032, 0.0021433159645566596 
19.87999999996701, 0.0024730348887815304 
19.889999999966985, 0.002565013313688924 
19.899999999966962, 0.0023869937281266506 
19.90999999996694, 0.0019344507258410443 
19.919999999966915, 0.0012299675680469391 
19.929999999966892, 0.0003264701949338251 
19.93999999996687, -0.0004006565630347139 
19.949999999966845, -0.0010025551060897186 
19.959999999966822, -0.0015317232365432293 
19.9699999999668, -0.001925520932687903 
19.979999999966775, -0.0021540356105263017 
19.989999999966752, -0.0022108532485404725 
19.99999999996673, -0.002099454612534365 
20.009999999966706, -0.0018229075456751246 
20.019999999966682, -0.0013797166449182378 
20.02999999996666, -0.0007662316094470119 
20.039999999966636, 0.000009514104343202102 
20.049999999966612, 0.0004990219273189917 
20.05999999996659, 0.001079667197558738 
20.069999999966566, 0.0016673600426972014 
20.079999999966542, 0.0021639343948926066 
20.08999999996652, 0.002481313401271627 
20.099999999966496, 0.0025583675595091207 
20.109999999966472, 0.002364475192213057 
20.11999999996645, 0.0018965833541629655 
20.129999999966426, 0.001178868587002959 
20.139999999966403, 0.0002660294436901909 
20.14999999996638, -0.00043897526761281014 
20.159999999966356, -0.0010393531666189892 
20.169999999966333, -0.0015625696430505525 
20.17999999996631, -0.0019478497873061426 
20.189999999966286, -0.002166937595051362 
20.199999999966263, -0.00221434353596008 
20.20999999996624, -0.0020937641343958943 
20.219999999966216, -0.001808078144681553 
20.229999999966193, -0.0013555621576093653 
20.23999999996617, -0.0007326654974150515 
20.249999999966146, 0.000030025577599190175 
20.259999999966123, 0.0005261065148180338 
20.2699999999661, 0.0011092872371093396 
20.279999999966076, 0.0016941359825373235 
20.289999999966053, 0.0021824414055969356 
20.29999999996603, 0.0024873345547571047 
20.309999999966006, 0.0025494145855458495 
20.319999999965983, 0.0023396833632757 
20.32999999996596, 0.0018565606732586122 
20.339999999965936, 0.001125831453635382 
20.349999999965913, 0.00020396701083978387 
20.35999999996589, -0.00047854706666231457 
20.369999999965867, -0.0010770670973139962 
20.379999999965843, -0.0015940947365656987 
20.38999999996582, -0.001970733892934863 
20.399999999965797, -0.002180351985930785 
20.409999999965773, -0.0022183378753736476 
20.41999999996575, -0.002088569524430172 
20.429999999965727, -0.0017937221538558018 
20.439999999965703, -0.0013318505041282499 
20.44999999996568, -0.0006995297720640109 
20.459999999965657, 0.00005006042021608324 
20.469999999965633, 0.0005525753867847339 
20.47999999996561, 0.001138062812279313 
20.489999999965587, 0.001719804420370528 
20.499999999965564, 0.002199620155697637 
20.50999999996554, 0.0024918969478062423 
20.519999999965517, 0.0025389671112502716 
20.529999999965494, 0.002313444238456148 
20.53999999996547, 0.0018152226344499995 
20.549999999965447, 0.0010717109920652006 
20.559999999965424, 0.00014115115300877978 
20.5699999999654, -0.0005155890996477423 
20.579999999965377, -0.0011119134910577116 
20.589999999965354, -0.0016225193583663251 
20.59999999996533, -0.001990399168830791 
20.609999999965307, -0.0021905082054637765 
20.619999999965284, -0.002219067277596726 
20.62999999996526, -0.0020801022657661373 
20.639999999965237, -0.001776071619887661 
20.649999999965214, -0.0013048158333648801 
20.65999999996519, -0.00066306382194313 
20.669999999965167, 0.00007336973733176598 
20.679999999965144, 0.0005821662784495812 
20.68999999996512, 0.0011697167731474288 
20.699999999965097, 0.0017480743417156326 
20.709999999965074, 0.0022191672080025936 
20.71999999996505, 0.0024986846471729577 
20.729999999965028, 0.002530695317788921 
20.739999999965004, 0.0022894126555161294 
20.74999999996498, 0.0017762075928595884 
20.759999999964958, 0.0010201272067213002 
20.769999999964934, 0.00008117953122777773 
20.77999999996491, -0.0005523441494546845 
20.789999999964888, -0.0011461639093961183 
20.799999999964864, -0.0016501416313692515 
20.80999999996484, -0.002009164586844463 
20.819999999964818, -0.00219973951837977 
20.829999999964794, -0.002218874162550334 
20.83999999996477, -0.002070711044227623 
20.849999999964748, -0.001757480837280593 
20.859999999964725, -0.0012768194576179182 
20.8699999999647, -0.0006256391768299029 
20.879999999964678, 0.00009756777835983246 
20.889999999964655, 0.0006124764600168085 
20.89999999996463, 0.0012018300648038186 
20.909999999964608, 0.0017765142745036987 
20.919999999964585, 0.0022386430677881473 
20.92999999996456, 0.0025052526553911393 
20.939999999964538, 0.002522149600946937 
20.949999999964515, 0.0022651353031512686 
20.95999999996449, 0.0017370602045430558 
20.969999999964468, 0.0009686241672497339 
20.979999999964445, 0.00002159495618119591 
20.98999999996442, -0.0005883676432725182 
20.9999999999644, -0.0011793831285828742 
21.009999999964375, -0.001676537143775366 
21.01999999996435, -0.002026614629266997 
21.02999999996433, -0.002207635984252721 
21.039999999964305, -0.0022173513578360817 
21.04999999996428, -0.0020599899567573616 
21.05999999996426, -0.0017375451165642548 
21.069999999964235, -0.0012474593059176664 
21.079999999964212, -0.0005868591392483508 
21.08999999996419, 0.00012013594320102447 
21.099999999964165, 0.0006409774455988684 
21.109999999964142, 0.0012318666585349088 
21.11999999996412, 0.0018025856461699901 
21.129999999964095, 0.0022555112373091727 
21.139999999964072, 0.0025090687084042195 
21.14999999996405, 0.0025108024130464754 
21.159999999964025, 0.002238090156791824 
21.169999999964002, 0.0016952659182139355 
21.17999999996398, 0.0009146966410313693 
21.189999999963955, -0.000023385676208925484 
21.199999999963932, -0.0006261508206661188 
21.20999999996391, -0.0012140613921132913 
21.219999999963886, -0.0017041971447875615 
21.229999999963862, -0.0020452407838470413 
21.23999999996384, -0.0022166873184748534 
21.249999999963816, -0.002216984990710583 
21.259999999963792, -0.002050420402975352 
21.26999999996377, -0.0017187405893857963 
21.279999999963746, -0.0012192061284956176 
21.289999999963722, -0.0005491890945264076 
21.2999999999637, 0.00014370155150210628 
21.309999999963676, 0.0006703041238104998 
21.319999999963652, 0.0012624723899775782 
21.32999999996363, 0.0018289494837500004 
21.339999999963606, 0.00227245021933531 
21.349999999963583, 0.0025128279643537787 
21.35999999996356, 0.0024993633044243196 
21.369999999963536, 0.0022109997286748335 
21.379999999963513, 0.0016535601554574192 
21.38999999996349, 0.0008610925917423195 
21.399999999963466, -0.00005827165433252673 
21.409999999963443, -0.0006629329806041028 
21.41999999996342, -0.0012474408445917737 
21.429999999963396, -0.0017303696380811205 
21.439999999963373, -0.002062296394191357 
21.44999999996335, -0.0022241500645393585 
21.459999999963326, -0.0022150328700361573 
21.469999999963303, -0.0020392605519270997 
21.47999999996328, -0.0016983261612803524 
21.489999999963256, -0.0011893213949997871 
21.499999999963233, -0.0005098963632856406 
21.50999999996321, 0.0001688074750429998 
21.519999999963186, 0.0007009872193226947 
21.529999999963163, 0.0012941667538361392 
21.53999999996314, 0.0018561173288986846 
21.549999999963116, 0.0022899664920307634 
21.559999999963093, 0.002517032643154745 
21.56999999996307, 0.0024883297475149203 
21.579999999963047, 0.002184356532156461 
21.589999999963023, 0.0016124308839097102 
21.599999999963, 0.0008082951499545578 
21.609999999962977, -0.00009348738136544073 
21.619999999962953, -0.0006997035370966063 
21.62999999996293, -0.0012805255549916655 
21.639999999962907, -0.0017560728687200534 
21.649999999962883, -0.002078810417408763 
21.65999999996286, -0.0022310597107235764 
21.669999999962837, -0.002212533850049857 
21.679999999962813, -0.0020275510330947104 
21.68999999996279, -0.0016773442067497778 
21.699999999962767, -0.001158850675502807 
21.709999999962744, -0.0004700323757611927 
21.71999999996272, 0.00019512026081820315 
21.729999999962697, 0.0007326833342455677 
21.739999999962674, 0.0013265983192372387 
21.74999999996265, 0.0018837337793242363 
21.759999999962627, 0.0023077039712427858 
21.769999999962604, 0.0025213269348122423 
21.77999999996258, 0.0024773458713270224 
21.789999999962557, 0.0021578047417584196 
21.799999999962534, 0.0015715232279413093 
21.80999999996251, 0.0007559506391075066 
21.819999999962487, -0.00012793428090127691 
21.829999999962464, -0.0007353697351921253 
21.83999999996244, -0.0013122328154726811 
21.849999999962417, -0.0017802349171504416 
21.859999999962394, -0.0020937193629015066 
21.86999999996237, -0.0022363579202949496 
21.879999999962347, -0.0022084322597313924 
21.889999999962324, -0.0020142377598943487 
21.8999999999623, -0.0016547426588846114 
21.909999999962277, -0.0011267459322535135 
21.919999999962254, -0.00042855654371386914 
21.92999999996223, 0.00022003604309589266 
21.939999999962208, 0.0007627764834169415 
21.949999999962184, 0.0013571417699216907 
21.95999999996216, 0.0019091692972483195 
21.969999999962138, 0.0023230331669713677 
21.979999999962114, 0.0025230832334131536 
21.98999999996209, 0.002463786498688764 
21.999999999962068, 0.002128722694416186 
22.009999999962044, 0.0015282210492067005 
22.01999999996202, 0.0007014498392861914 
22.029999999961998, -0.00016276262260547222 
22.039999999961974, -0.0007710804209005929 
22.04999999996195, -0.0013437140897459034 
22.059999999961928, -0.0018040110009613787 
22.069999999961905, -0.002108180674744533 
22.07999999996188, -0.002241202010208353 
22.089999999961858, -0.0022038834636943254 
22.099999999961835, -0.0020004732350704167 
22.10999999996181, -0.0016316711206918026 
22.119999999961788, -0.001094154613058795 
22.129999999961765, -0.00038661537943337354 
22.13999999996174, 0.0002467684872102708 
22.149999999961718, 0.0007944806924572884 
22.159999999961695, 0.0013890139217312208 
22.16999999996167, 0.0019356467967698726 
22.179999999961648, 0.0023391845711153727 
22.189999999961625, 0.002525538475136671 
22.1999999999616, 0.0024508928889278216 
22.20999999996158, 0.002100354617312698 
22.219999999961555, 0.0014857709672058375 
22.22999999996153, 0.0006480402130718561 
22.23999999996151, -0.00019618169143626623 
22.249999999961485, -0.0008050538299517204 
22.25999999996146, -0.001373200409272856 
22.26999999996144, -0.0018256450009575972 
22.279999999961415, -0.002120448169436322 
22.289999999961392, -0.0022438521923789432 
22.29999999996137, -0.0021971515572658364 
22.309999999961345, -0.0019845245297421105 
22.319999999961322, -0.0016064004685524599 
22.3299999999613, -0.0010593540651605059 
22.339999999961275, -0.0003424970101512222 
22.349999999961252, 0.000275560648362723 
22.35999999996123, 0.0008280209820605303 
22.369999999961205, 0.0014224228392889491 
22.379999999961182, 0.001963360818546536 
22.38999999996116, 0.002356342056191802 
22.399999999961135, 0.0025288667071670544 
22.409999999961112, 0.0024388290023100298 
22.41999999996109, 0.0020728543544855775 
22.429999999961066, 0.001444316963753161 
22.439999999961042, 0.000595855076816661 
22.44999999996102, -0.0002295251664481559 
22.459999999960996, -0.000838640738347379 
22.469999999960972, -0.0014020610150249394 
22.47999999996095, -0.0018465223618507258 
22.489999999960926, -0.0021319189106327645 
22.499999999960902, -0.00224571262572581 
22.50999999996088, -0.0021896447671458453 
22.519999999960856, -0.001967802728764388 
22.529999999960832, -0.0015803451705551368 
22.53999999996081, -0.0010237642886431427 
22.549999999960786, -0.0002976303053253141 
22.559999999960763, 0.00030351845798095857 
22.56999999996074, 0.0008604912680179582 
22.579999999960716, 0.0014544540756439043 
22.589999999960693, 0.0019893940996619265 
22.59999999996067, 0.0023715897223917817 
22.609999999960646, 0.0025301550262860385 
22.619999999960623, 0.0024246854882601933 
22.6299999999606, 0.0020433173804163965 
22.639999999960576, 0.0014009614701546893 
22.649999999960553, 0.0005420050889587746 
22.65999999996053, -0.0002656756165363785 
22.669999999960506, -0.0008747205305897488 
22.679999999960483, -0.0014331752344878739 
22.68999999996046, -0.001869522870620453 
22.699999999960436, -0.0021454715970035967 
22.709999999960413, -0.002249658949694291 
22.71999999996039, -0.0021842342555988105 
22.729999999960366, -0.0019531737791083697 
22.739999999960343, -0.0015563657227147237 
22.74999999996032, -0.000990240384082785 
22.759999999960296, -0.00025486482603764436 
22.769999999960273, 0.00033215914871245056 
22.77999999996025, 0.0008934182715384885 
22.789999999960227, 0.0014866487056131449 
22.799999999960203, 0.0020153067489788483 
22.80999999996018, 0.002386508448448993 
22.819999999960157, 0.002531003835296972 
22.829999999960133, 0.002410080408334367 
22.83999999996011, 0.002013378924635305 
22.849999999960087, 0.0013573575367706362 
22.859999999960063, 0.00048816064357792095 
22.86999999996004, -0.00029858927107839095 
22.879999999960017, -0.0009072438284290707 
22.889999999959993, -0.0014604948727913619 
22.89999999995997, -0.001888602433649866 
22.909999999959947, -0.0021550659327755546 
22.919999999959924, -0.002249653259563565 
22.9299999999599, -0.0021748835587805525 
22.939999999959877, -0.0019346028701310355 
22.949999999959854, -0.0015284307420263756 
22.95999999995983, -0.000952758101852421 
22.969999999959807, -0.00020818905437982612 
22.979999999959784, 0.00036020915121643386 
22.98999999995976, 0.0009255080939065588 
22.999999999959737, 0.0015176945915747798 
23.009999999959714, 0.0020397726076353075 
23.01999999995969, 0.0023997613406340056 
23.029999999959667, 0.0025300667408017364 
23.039999999959644, 0.00239365819511607 
23.04999999995962, 0.001981674946083096 
23.059999999959597, 0.001312133574472608 
23.069999999959574, 0.0004329422649248382 
23.07999999995955, -0.0003325627392158228 
23.089999999959527, -0.0009405201135501839 
23.099999999959504, -0.0014883425919030371 
23.10999999995948, -0.0019080941729252925 
23.119999999959457, -0.0021650411995947343 
23.129999999959434, -0.0022500371250262084 
23.13999999995941, -0.002165934037055706 
23.149999999959388, -0.0019164300227781904 
23.159999999959364, -0.0015008788607720463 
23.16999999995934, -0.0009156553978534506 
23.179999999959318, -0.0001619410556153523 
23.189999999959294, 0.00038914385284877787 
23.19999999995927, 0.0009582378051287123 
23.209999999959248, 0.001549074490848456 
23.219999999959224, 0.0020642842396881933 
23.2299999999592, 0.0024128523389417298 
23.239999999959178, 0.00252885804816742 
23.249999999959154, 0.0023769420213045813 
23.25999999995913, 0.0019497371106179644 
23.269999999959108, 0.0012668300578356534 
23.279999999959085, 0.00037789814676453075 
23.28999999995906, -0.00036895058617475424 
23.299999999959038, -0.0009759044409690901 
23.309999999959015, -0.0015180768700148678 
23.31999999995899, -0.0019293599078612305 
23.329999999958968, -0.002176760501049529 
23.339999999958945, -0.0022521726964085656 
23.34999999995892, -0.002158745424667138 
23.359999999958898, -0.0019000120115913442 
23.369999999958875, -0.0014750641786773068 
23.37999999995885, -0.0008802846811109051 
23.389999999958828, -0.00011747271542528392 
23.399999999958805, 0.0004176118576633671 
23.40999999995878, 0.0009902591930566183 
23.41999999995876, 0.0015794487635018718 
23.429999999958735, 0.0020875159078917716 
23.43999999995871, 0.0024244721432491443 
23.44999999995869, 0.0025260847958710345 
23.459999999958665, 0.002358654862530738 
23.46999999995864, 0.001916305357874382 
23.47999999995862, 0.0012202058247692375 
23.489999999958595, 0.0003218064582533425 
23.499999999958572, -0.0004045986712337907 
23.50999999995855, -0.0010102337099184451 
23.519999999958525, -0.0015465315148758291 
23.529999999958502, -0.0019492327798450004 
23.53999999995848, -0.002187056123652288 
23.549999999958455, -0.002252890422487734 
23.559999999958432, -0.0021501456994133398 
23.56999999995841, -0.0018821744752448976 
23.579999999958385, -0.001447811097681327 
23.589999999958362, -0.0008434713505008834 
23.59999999995834, -0.00007161350787913356 
23.609999999958315, 0.00044877693612575196 
23.619999999958292, 0.0010247288050481192 
23.62999999995827, 0.0016119688864384685 
23.639999999958246, 0.002112616625454959 
23.649999999958222, 0.0024377679740726806 
23.6599999999582, 0.0025248910855807786 
23.669999999958176, 0.002341935996863277 
23.679999999958152, 0.0018845130935964426 
23.68999999995813, 0.0011753873425595337 
23.699999999958106, 0.0002677839384605746 
23.709999999958082, -0.0004364051320804553 
23.71999999995806, -0.0010404258786390163 
23.729999999958036, -0.0015706458202211116 
23.739999999958012, -0.001964670746016843 
23.74999999995799, -0.0021928999858671335 
23.759999999957966, -0.002249171994148212 
23.769999999957943, -0.0021371239896614148 
23.77999999995792, -0.0018599139021359188 
23.789999999957896, -0.0014161258318835198 
23.799999999957873, -0.0008022362860841727 
23.80999999995785, -0.00002140599031319916 
23.819999999957826, 0.0004797552558137836 
23.829999999957803, 0.001058732843363486 
23.83999999995778, 0.001643693605322427 
23.849999999957756, 0.002136622447319587 
23.859999999957733, 0.0024497570513412606 
23.86999999995771, 0.002522277277701695 
23.879999999957686, 0.0023237700843772367 
23.889999999957663, 0.0018513306303346356 
23.89999999995764, 0.0011293317960689444 
23.909999999957616, 0.000212774415855748 
23.919999999957593, -0.00047325424090918875 
23.92999999995757, -0.0010753796740763657 
23.939999999957546, -0.0015993306410497868 
23.949999999957523, -0.0019845922946441193 
23.9599999999575, -0.0022032132686909942 
23.969999999957476, -0.002249937443741344 
23.979999999957453, -0.0021285967723482105 
23.98999999995743, -0.0018421418067181682 
23.999999999957407, -0.001388913934267805 
24.009999999957383, -0.0007654778349969149 
24.01999999995736, 0.000013361246937460502 
24.029999999957337, 0.0005089390457189651 
24.039999999957313, 0.0010906838514294311 
24.04999999995729, 0.0016730634863758472 
24.059999999957267, 0.002158007754891664 
24.069999999957243, 0.0024589492484376066 
24.07999999995722, 0.002516787680022511 
24.089999999957197, 0.002302735242186349 
24.099999999957173, 0.0018153714988657838 
24.10999999995715, 0.0010806908842048875 
24.119999999957127, 0.00015546847789451684 
24.129999999957104, -0.0005077013808035098 
24.13999999995708, -0.0011076268316826785 
24.149999999957057, -0.001625103272767252 
24.159999999957034, -0.0020015057828036897 
24.16999999995701, -0.002210497797207396 
24.179999999956987, -0.0022476830252828183 
24.189999999956964, -0.00211705540755176 
24.19999999995694, -0.001821345670499434 
24.209999999956917, -0.00135866085125883 
24.219999999956894, -0.0007256824913675555 
24.22999999995687, 0.000037289840479161937 
24.239999999956847, 0.0005394681643711215 
24.249999999956824, 0.0011237130708478323 
24.2599999999568, 0.001703203484853939 
24.269999999956777, 0.0021798936310057993 
24.279999999956754, 0.0024684621194234575 
24.28999999995673, 0.0025115348834061717 
24.299999999956707, 0.0022819375086971217 
24.309999999956684, 0.0017797342048875703 
24.31999999995666, 0.0010325542882249606 
24.329999999956637, 0.0000989437375447009 
24.339999999956614, -0.0005410457652395854 
24.34999999995659, -0.0011384860890611397 
24.359999999956568, -0.001649301345303245 
24.369999999956544, -0.002016763768764121 
24.37999999995652, -0.0022161160222742755 
24.389999999956498, -0.0022437770598760514 
24.399999999956474, -0.002103871892243569 
24.40999999995645, -0.001798900832901608 
24.419999999956428, -0.00132674669158807 
24.429999999956404, -0.0006842381249281604 
24.43999999995638, 0.00006133382231646995 
24.449999999956358, 0.000569929526429744 
24.459999999956334, 0.0011563945663360885 
24.46999999995631, 0.001732678925038806 
24.479999999956288, 0.0022008411148713037 
24.489999999956265, 0.0024768547309185324 
24.49999999995624, 0.0025050763778632426 
24.509999999956218, 0.002259933045033098 
24.519999999956195, 0.001742974644745699 
24.52999999995617, 0.0009834786564255906 
24.539999999956148, 0.000041756692282629264 
24.549999999956125, -0.0005776405075755009 
24.5599999999561, -0.0011723159169482599 
24.569999999956078, -0.0016762889873976551 
24.579999999956055, -0.002034733827906248 
24.58999999995603, -0.0022244358648242516 
24.599999999956008, -0.0022425853001197356 
24.609999999955985, -0.002093408311163061 
24.61999999995596, -0.0017791650337562973 
24.62999999995594, -0.0012975247019671762 
24.639999999955915, -0.0006454934773418005 
24.64999999995589, 0.00008696308099276717 
24.65999999995587, 0.0006018000827721843 
24.669999999955845, 0.001190216121806097 
24.67999999995582, 0.0017629935473729534 
24.6899999999558, 0.0022223733508230864 
24.699999999955775, 0.0024856697477428228 
24.709999999955752, 0.0024989725270344303 
24.71999999995573, 0.002238298636312074 
24.729999999955705, 0.0017066862709458762 
24.739999999955682, 0.0009350744994226646 
24.74999999995566, -0.000009380408929484726 
24.759999999955635, -0.00061149100764537 
24.769999999955612, -0.0012031204501540766 
24.77999999995559, -0.001700073866643987 
24.789999999955565, -0.0020494280965988754 
24.799999999955542, -0.002229472739114966 
24.80999999995552, -0.0022381250963941467 
24.819999999955495, -0.0020796835259490978 
24.829999999955472, -0.001756159613315549 
24.83999999995545, -0.0012650214462475657 
24.849999999955426, -0.0006034851062916472 
24.859999999955402, 0.00011140488237252797 
24.86999999995538, 0.0006322871344524603 
24.879999999955356, 0.0012223658781821817 
24.889999999955332, 0.0017913206277414956 
24.89999999995531, 0.002241653550497186 
24.909999999955286, 0.002492063159049098 
24.919999999955262, 0.0024903732141585075 
24.92999999995524, 0.00221417906777524 
24.939999999955216, 0.0016680104401034033 
24.949999999955192, 0.0008844811214222279 
24.95999999995517, -0.000041344320276387885 
24.969999999955146, -0.0006454664223012593 
24.979999999955123, -0.0012337772704517024 
24.9899999999551, -0.0017235420011944742 
24.999999999955076, -0.0020637383821139137 
