t, s[1].omega / s[0].omega 
0, -2.4600042212130813 
0.009999999999999995, -2.459991203497842 
0.019999999999999934, -2.4592093924101626 
0.029999999999999874, -2.457575132632422 
0.04000000000000012, -2.4547654852089136 
0.050000000000000405, -2.4507665849461424 
0.06000000000000069, -2.447616054899923 
0.07000000000000098, -2.44745209295685 
0.08000000000000126, -2.4483056046296356 
0.09000000000000155, -2.4486069440815355 
0.10000000000000184, -2.4483029279783586 
0.11000000000000212, -2.44759617630095 
0.12000000000000241, -2.446947305714814 
0.130000000000002, -2.4470604729505254 
0.1400000000000009, -2.4477854387685802 
0.1499999999999998, -2.448422627991884 
0.1599999999999987, -2.4486930099841464 
0.1699999999999976, -2.448502019584165 
0.1799999999999965, -2.4476497593208975 
0.1899999999999954, -2.445568095575156 
0.1999999999999943, -2.440703137247037 
0.2099999999999932, -2.4297666008575844 
0.2199999999999921, -2.4136998081521632 
0.229999999999991, -2.411738024690047 
0.2399999999999899, -2.421264459289559 
0.2499999999999888, -2.4268261829281212 
0.2599999999999877, -2.4287462681068046 
0.2699999999999866, -2.429104524603373 
0.2799999999999855, -2.4287826435235034 
0.2899999999999844, -2.4281620717370656 
0.2999999999999833, -2.4274931704253273 
0.3099999999999822, -2.426906534439034 
0.3199999999999811, -2.4265041661763966 
0.32999999999998, -2.4263200489360743 
0.3399999999999789, -2.4260978307238106 
0.3499999999999778, -2.425482584178222 
0.35999999999997667, -2.424002828040183 
0.36999999999997557, -2.4207278105176275 
0.37999999999997447, -2.415570725859244 
0.38999999999997337, -2.4161355283458628 
0.39999999999997227, -2.4264770271260736 
0.40999999999997117, -2.435115880834376 
0.41999999999997006, -2.4392318249994087 
0.42999999999996896, -2.4407910529031946 
0.43999999999996786, -2.441063874520853 
0.44999999999996676, -2.4405573577319477 
0.45999999999996566, -2.4393973736486583 
0.46999999999996456, -2.4375266544804868 
0.47999999999996346, -2.4350333660985677 
0.48999999999996235, -2.432968262249688 
0.49999999999996125, -2.4325430204229836 
0.5099999999999602, -2.4328799546706774 
0.519999999999959, -2.43291521044127 
0.529999999999958, -2.4324397767713264 
0.5399999999999568, -2.431504048895923 
0.5499999999999557, -2.4306287265882274 
0.5599999999999546, -2.4310332834031176 
0.5699999999999535, -2.4326069488208324 
0.5799999999999524, -2.433997658516146 
0.5899999999999513, -2.4347203503693735 
0.5999999999999502, -2.4348038548565603 
0.6099999999999491, -2.4342191646129487 
0.619999999999948, -2.432675582522695 
0.6299999999999469, -2.429331660906885 
0.6399999999999458, -2.422356399363965 
0.6499999999999447, -2.410580281268062 
0.6599999999999436, -2.4025857338078547 
0.6699999999999425, -2.4057055251243886 
0.6799999999999414, -2.4098415612024997 
0.6899999999999403, -2.4115497186983377 
0.6999999999999392, -2.411875097691305 
0.7099999999999381, -2.4115571211573874 
0.719999999999937, -2.4109833386265445 
0.7299999999999359, -2.4104876997817515 
0.7399999999999348, -2.410214736903 
0.7499999999999337, -2.410083266687069 
0.7599999999999326, -2.4100086041849043 
0.7699999999999315, -2.4098139832232413 
0.7799999999999304, -2.4092146187520194 
0.7899999999999293, -2.407729112354411 
0.7999999999999282, -2.4041575688690813 
0.8099999999999271, -2.396201718418566 
0.819999999999926, -2.387224170676386 
0.8299999999999249, -2.394859605260778 
0.8399999999999238, -2.409871598862929 
0.8499999999999227, -2.4179267182383395 
0.8599999999999216, -2.4210240562770857 
0.8699999999999205, -2.4219400886023994 
0.8799999999999194, -2.421848740092442 
0.8899999999999183, -2.421178251427061 
0.8999999999999172, -2.4200876041161123 
0.9099999999999161, -2.4186840715903144 
0.919999999999915, -2.4173282652236683 
0.9299999999999139, -2.416673807659632 
0.9399999999999128, -2.416635562196647 
0.9499999999999117, -2.4165300028437176 
0.9599999999999106, -2.415981711641629 
0.9699999999999095, -2.4147857887604847 
0.9799999999999084, -2.4130715043986006 
0.9899999999999073, -2.4127532432570233 
0.9999999999999062, -2.4156866627354527 
1.0099999999999052, -2.4192464042990958 
1.019999999999904, -2.4214435336984543 
1.029999999999903, -2.4223960007460823 
1.039999999999902, -2.422471913378019 
1.0499999999999008, -2.421790956320007 
1.0599999999998997, -2.4201836901393383 
1.0699999999998986, -2.41710819010346 
1.0799999999998975, -2.411774311687147 
1.0899999999998964, -2.405226948400741 
1.0999999999998953, -2.4026696493664725 
1.1099999999998942, -2.4042035266818007 
1.119999999999893, -2.4055705420743165 
1.129999999999892, -2.405927102730798 
1.1399999999998909, -2.405635063859965 
1.1499999999998898, -2.4050167648846132 
1.1599999999998887, -2.404513393544464 
1.1699999999998876, -2.40452098732021 
1.1799999999998865, -2.4048383798332718 
1.1899999999998854, -2.4051014615787443 
1.1999999999998843, -2.405138085137059 
1.2099999999998832, -2.404783528659495 
1.219999999999882, -2.403734545378772 
1.229999999999881, -2.4012216859166986 
1.2399999999998799, -2.3951931353056954 
1.2499999999998788, -2.382055414829504 
1.2599999999998777, -2.3679049483637993 
1.2699999999998766, -2.3740882499279463 
1.2799999999998755, -2.386408678797876 
1.2899999999998744, -2.3923181039937758 
1.2999999999998733, -2.394334657386504 
1.3099999999998722, -2.394744482467308 
1.319999999999871, -2.394439614555803 
1.32999999999987, -2.393783219224265 
1.3399999999998689, -2.3929908268098217 
1.3499999999998678, -2.3922099421432597 
1.3599999999998666, -2.391637709509815 
1.3699999999998655, -2.3914021254504436 
1.3799999999998644, -2.3912358369690905 
1.3899999999998633, -2.3907548186366188 
1.3999999999998622, -2.3895773743613296 
1.4099999999998611, -2.3870668990449277 
1.41999999999986, -2.3832174108034248 
1.429999999999859, -2.3832866669643327 
1.4399999999998578, -2.391224526462084 
1.4499999999998567, -2.3988613317234577 
1.4599999999998556, -2.4028775080907794 
1.4699999999998545, -2.4045344211597355 
1.4799999999998534, -2.404916239556214 
1.4899999999998523, -2.4044947634190876 
1.4999999999998512, -2.4033834353427754 
1.5099999999998501, -2.4014850349596433 
1.519999999999849, -2.3987241309293337 
1.529999999999848, -2.3959128010566806 
1.5399999999998468, -2.3948425258791843 
1.5499999999998457, -2.3952203959373137 
1.5599999999998446, -2.395526317177013 
1.5699999999998435, -2.395313412344895 
1.5799999999998424, -2.3946125952149644 
1.5899999999998413, -2.39367587591749 
1.5999999999998402, -2.393402391858663 
1.6099999999998391, -2.394426358638852 
1.619999999999838, -2.3958093424875555 
1.629999999999837, -2.3967249870309972 
1.6399999999998358, -2.397052854134746 
1.6499999999998347, -2.396788407514072 
1.6599999999998336, -2.3957700045690573 
1.6699999999998325, -2.393468424664499 
1.6799999999998314, -2.388575934894205 
1.6899999999998303, -2.3788993070049185 
1.6999999999998292, -2.366372214944106 
1.709999999999828, -2.3635596709369895 
1.719999999999827, -2.3685564215321016 
1.729999999999826, -2.3718664803474745 
1.7399999999998248, -2.3730007170486145 
1.7499999999998237, -2.3730700027187037 
1.7599999999998226, -2.372641496563282 
1.7699999999998215, -2.372062939210939 
1.7799999999998204, -2.3716342234069585 
1.7899999999998193, -2.371417895554166 
1.7999999999998182, -2.3713212191601487 
1.809999999999817, -2.3712493407119206 
1.819999999999816, -2.3709998302568778 
1.8299999999998149, -2.3702757449506078 
1.8399999999998138, -2.368524172438095 
1.8499999999998127, -2.3643479418793647 
1.8599999999998116, -2.3553570520410534 
1.8699999999998105, -2.3464662741668008 
1.8799999999998094, -2.3554723234470694 
1.8899999999998083, -2.3704942104290088 
1.8999999999998072, -2.3783407742214493 
1.909999999999806, -2.3813537563420004 
1.919999999999805, -2.3822448900001167 
1.9299999999998039, -2.382157962321821 
1.9399999999998028, -2.3815211621902206 
1.9499999999998017, -2.3805111219786763 
1.9599999999998006, -2.379250190926329 
1.9699999999997995, -2.3780413579497495 
1.9799999999997984, -2.3774158298397 
1.9899999999997973, -2.377330979234862 
1.9999999999997962, -2.3772013609344578 
2.0099999999998173, -2.376649165675905 
2.0199999999998384, -2.375414085138953 
2.0299999999998595, -2.373420176431418 
2.0399999999998806, -2.372411567835919 
2.0499999999999017, -2.375438756568701 
2.059999999999923, -2.380138741684571 
2.069999999999944, -2.3833119373129903 
2.079999999999965, -2.384843047100664 
2.089999999999986, -2.3852880427887997 
2.100000000000007, -2.3849455760850082 
2.1100000000000283, -2.383831660552907 
2.1200000000000494, -2.38169014706003 
2.1300000000000705, -2.378029217734471 
2.1400000000000916, -2.372955315437654 
2.1500000000001127, -2.369348827990378 
2.160000000000134, -2.36948300491845 
2.170000000000155, -2.3706367387239995 
2.180000000000176, -2.3711042330672063 
2.190000000000197, -2.370911793115267 
2.2000000000002182, -2.3702958906359877 
2.2100000000002393, -2.369631883399706 
2.2200000000002604, -2.3695425826508125 
2.2300000000002815, -2.370095605672172 
2.2400000000003026, -2.3707114311973836 
2.2500000000003237, -2.3710530502762417 
2.260000000000345, -2.371005216968687 
2.270000000000366, -2.3704133817233126 
2.280000000000387, -2.368895132544883 
2.290000000000408, -2.3654364205653162 
2.3000000000004293, -2.357622165374245 
2.3100000000004504, -2.3427813252743745 
2.3200000000004715, -2.3309164671888896 
2.3300000000004926, -2.3365366088943555 
2.3400000000005137, -2.3446741475213497 
2.3500000000005348, -2.34835004264294 
2.360000000000556, -2.3494998614777183 
2.370000000000577, -2.349562452823716 
2.380000000000598, -2.3491256146355264 
2.390000000000619, -2.3485032033903233 
2.4000000000006403, -2.3479223489796768 
2.4100000000006614, -2.3474708901719397 
2.4200000000006825, -2.347196416099099 
2.4300000000007036, -2.347057688992346 
2.4400000000007247, -2.346801553636997 
2.450000000000746, -2.3461027138535093 
2.460000000000767, -2.344446170366698 
2.470000000000788, -2.340685710446285 
2.480000000000809, -2.333830106858061 
2.49000000000083, -2.331064929819227 
2.5000000000008513, -2.3422541998816726 
2.5100000000008724, -2.354344980453866 
2.5200000000008935, -2.3605001599804543 
2.5300000000009146, -2.3629710973277174 
2.5400000000009357, -2.3636977427000856 
2.550000000000957, -2.3635253911652967 
2.560000000000978, -2.362769954071825 
2.570000000000999, -2.3615315792999305 
2.58000000000102, -2.3598827076366273 
2.5900000000010412, -2.3582239373428022 
2.6000000000010624, -2.3573786155083636 
2.6100000000010835, -2.3573609087489364 
2.6200000000011046, -2.3573761116707277 
2.6300000000011257, -2.356989946849987 
2.6400000000011468, -2.3560403221969968 
2.650000000001168, -2.354557369170602 
2.660000000001189, -2.3537597092018565 
2.67000000000121, -2.355664015340911 
2.680000000001231, -2.3589302115554713 
2.6900000000012523, -2.361314403271612 
2.7000000000012734, -2.3625168159387275 
2.7100000000012945, -2.3628330224566594 
2.7200000000013156, -2.362421870549716 
2.7300000000013367, -2.3612072998926132 
2.740000000001358, -2.358812159630497 
2.750000000001379, -2.3544964050969037 
2.7600000000014, -2.3479706218821366 
2.770000000001421, -2.3426074992652373 
2.780000000001442, -2.3424901263253077 
2.7900000000014633, -2.344267110234721 
2.8000000000014844, -2.3451858233891825 
2.8100000000015055, -2.3452492280171975 
2.8200000000015266, -2.3448004369133337 
2.8300000000015477, -2.344156355461641 
2.840000000001569, -2.343807556654482 
2.85000000000159, -2.3440126493292137 
2.860000000001611, -2.3444287665013834 
2.870000000001632, -2.344719413595542 
2.8800000000016532, -2.3447340266472105 
2.8900000000016743, -2.344313009464792 
2.9000000000016954, -2.3431436030578467 
2.9100000000017165, -2.3404322101714774 
2.9200000000017377, -2.3341650270501133 
2.9300000000017588, -2.320950851817188 
2.94000000000178, -2.305612964817687 
2.950000000001801, -2.3081601146773347 
2.960000000001822, -2.3190757758505627 
2.970000000001843, -2.3249477041092006 
2.9800000000018643, -2.327059319128949 
2.9900000000018854, -2.327542339606607 
3.0000000000019065, -2.327301959519258 
3.0100000000019276, -2.3267228199180496 
3.0200000000019487, -2.326054090209985 
3.03000000000197, -2.3254488419436123 
3.040000000001991, -2.3249976066244034 
3.050000000002012, -2.3247736171283417 
3.060000000002033, -2.3246209420922197 
3.070000000002054, -2.324221889310927 
3.0800000000020753, -2.3232163871988436 
3.0900000000020964, -2.3209217059882183 
3.1000000000021175, -2.3161410836625995 
3.1100000000021386, -2.310457368145264 
3.1200000000021597, -2.314671383870887 
3.130000000002181, -2.3273348061331096 
3.140000000002202, -2.3361213495856803 
3.150000000002223, -2.3401577078785616 
3.160000000002244, -2.3416842513855993 
3.1700000000022652, -2.341965639938757 
3.1800000000022863, -2.3415237679041114 
3.1900000000023074, -2.3405396352783425 
3.2000000000023285, -2.3390588487477464 
3.2100000000023496, -2.337211611709867 
3.2200000000023707, -2.335644740381512 
3.230000000002392, -2.3351261634361444 
3.240000000002413, -2.335231471563734 
3.250000000002434, -2.3351755381641155 
3.260000000002455, -2.3346610702972805 
3.2700000000024763, -2.333571764926403 
3.2800000000024974, -2.3321375246651406 
3.2900000000025185, -2.3319677423950615 
3.3000000000025396, -2.3343953144436522 
3.3100000000025607, -2.337431764997545 
3.3200000000025818, -2.339434369220818 
3.330000000002603, -2.3403722634528488 
3.340000000002624, -2.340505574709165 
3.350000000002645, -2.339928295691952 
3.360000000002666, -2.3385028643399712 
3.3700000000026873, -2.33578080541099 
3.3800000000027084, -2.3309962056849525 
3.3900000000027295, -2.3242559657952047 
3.4000000000027506, -2.3196574036231707 
3.4100000000027717, -2.3201619167576686 
3.420000000002793, -2.321865680626939 
3.430000000002814, -2.3226355271187717 
3.440000000002835, -2.3226126823771915 
3.450000000002856, -2.322118468314515 
3.460000000002877, -2.3214772567721087 
3.4700000000028983, -2.3211930429074643 
3.4800000000029194, -2.321469543673589 
3.4900000000029405, -2.3219242457057625 
3.5000000000029616, -2.3222294648821404 
3.5100000000029827, -2.322241335888085 
3.520000000003004, -2.3218045694341165 
3.530000000003025, -2.3206090116669578 
3.540000000003046, -2.3178730508070173 
3.550000000003067, -2.3116523375756595 
3.5600000000030882, -2.2986832714409973 
3.5700000000031094, -2.283012314414684 
3.5800000000031305, -2.2838099912948624 
3.5900000000031516, -2.2939806283440793 
3.6000000000031727, -2.299829743557976 
3.6100000000031938, -2.3019920755398027 
3.620000000003215, -2.3025112492434845 
3.630000000003236, -2.3022978518110424 
3.640000000003257, -2.3017442207080965 
3.650000000003278, -2.3011122421339705 
3.6600000000032993, -2.3005663461728463 
3.6700000000033204, -2.3001683903432335 
3.6800000000033415, -2.2999626153513093 
3.6900000000033626, -2.299823193413769 
3.7000000000033837, -2.2994624674612036 
3.710000000003405, -2.2985392118904904 
3.720000000003426, -2.296408834576262 
3.730000000003447, -2.291715757636948 
3.740000000003468, -2.2842929679418433 
3.750000000003489, -2.2842019943955605 
3.7600000000035103, -2.297331058522319 
3.7700000000035314, -2.308822315530156 
3.7800000000035525, -2.3144055847590144 
3.7900000000035736, -2.3166211922279993 
3.8000000000035947, -2.3172406563202768 
3.810000000003616, -2.3170268536328904 
3.820000000003637, -2.316275210038529 
3.830000000003658, -2.3150989603713903 
3.840000000003679, -2.313596799843767 
3.8500000000037002, -2.3121392158056713 
3.8600000000037213, -2.311393168112674 
3.8700000000037424, -2.3113389173899286 
3.8800000000037635, -2.311303575021621 
3.8900000000037847, -2.3108829305402336 
3.9000000000038058, -2.3098728163897513 
3.910000000003827, -2.3081847139214764 
3.920000000003848, -2.306929513832661 
3.930000000003869, -2.3088271418212676 
3.94000000000389, -2.313021022429413 
3.9500000000039113, -2.316368044437237 
3.9600000000039324, -2.318188263898656 
3.9700000000039535, -2.318892094643881 
3.9800000000039746, -2.3187976113391056 
3.9900000000039957, -2.3179855327939163 
4.000000000004016, -2.316306514341257 
4.010000000003993, -2.3133685014535503 
4.02000000000397, -2.308820572014521 
4.030000000003946, -2.3039549786268547 
4.040000000003923, -2.302173925784521 
4.0500000000039, -2.3030974620556117 
4.0600000000038765, -2.3039845583276577 
4.070000000003853, -2.3041537223118596 
4.08000000000383, -2.303771557074824 
4.090000000003807, -2.3030616545197633 
4.100000000003783, -2.3024985786318957 
4.11000000000376, -2.3026961377043635 
4.120000000003737, -2.303475105499757 
4.130000000003713, -2.3041952266740617 
4.14000000000369, -2.3045725798933945 
4.150000000003667, -2.304518642814561 
4.1600000000036434, -2.303897615661718 
4.17000000000362, -2.302359444386835 
4.180000000003597, -2.2990203421842437 
4.1900000000035735, -2.291915046219551 
4.20000000000355, -2.27878656723188 
4.210000000003527, -2.2660533240502625 
4.220000000003504, -2.267337517166834 
4.23000000000348, -2.273898722671102 
4.240000000003457, -2.277455211294803 
4.250000000003434, -2.278675663970943 
4.26000000000341, -2.2788054018355974 
4.270000000003387, -2.278421154354171 
4.280000000003364, -2.2778494679048107 
4.2900000000033405, -2.2773724859453486 
4.300000000003317, -2.2770969550686564 
4.310000000003294, -2.276964939554687 
4.320000000003271, -2.2769035740144474 
4.330000000003247, -2.276745314928733 
4.340000000003224, -2.276234963213095 
4.350000000003201, -2.2749819244344827 
4.360000000003177, -2.272073458677458 
4.370000000003154, -2.265426151046503 
4.380000000003131, -2.2538316529364897 
4.390000000003107, -2.249907227585837 
4.400000000003084, -2.2640469323044847 
4.410000000003061, -2.27724455385546 
4.4200000000030375, -2.2834136001837555 
4.430000000003014, -2.2857355816638623 
4.440000000002991, -2.2863615964958215 
4.450000000002968, -2.2861781773690435 
4.460000000002944, -2.2855419906069656 
4.470000000002921, -2.2846362085359417 
4.480000000002898, -2.283602946681184 
4.490000000002874, -2.2826782901390508 
4.500000000002851, -2.2821910423929523 
4.510000000002828, -2.282070305862857 
4.520000000002804, -2.281881388244811 
4.530000000002781, -2.281280806243115 
4.540000000002758, -2.279921128072586 
4.5500000000027345, -2.277346396328475 
4.560000000002711, -2.2745149421629973 
4.570000000002688, -2.2765846733560204 
4.580000000002665, -2.2840978812190063 
4.590000000002641, -2.2904993683212274 
4.600000000002618, -2.2939720508590686 
4.610000000002595, -2.2954883959393424 
4.620000000002571, -2.295866853587759 
4.630000000002548, -2.295490318922396 
4.640000000002525, -2.2944650683270824 
4.6500000000025015, -2.2927274112841505 
4.660000000002478, -2.2901963475256473 
4.670000000002455, -2.2873545023811874 
4.6800000000024315, -2.285722939459468 
4.690000000002408, -2.285757255395091 
4.700000000002385, -2.286138280785062 
4.710000000002362, -2.286114716909778 
4.720000000002338, -2.2855958939435865 
4.730000000002315, -2.284638973985774 
4.740000000002292, -2.2837385034582214 
4.750000000002268, -2.2841122458368512 
4.760000000002245, -2.2858842110269575 
4.770000000002222, -2.287678282849332 
4.7800000000021985, -2.288792094459516 
4.790000000002175, -2.2892189710908513 
4.800000000002152, -2.289018406904061 
4.810000000002129, -2.288109922534757 
4.820000000002105, -2.2861624282751096 
4.830000000002082, -2.2824176699220358 
4.840000000002059, -2.2757099928440674 
4.850000000002035, -2.2666178748856036 
4.860000000002012, -2.2616142217012896 
4.870000000001989, -2.2632593249877235 
4.880000000001965, -2.2656707130164504 
4.890000000001942, -2.2667294487152807 
4.900000000001919, -2.2668464402764137 
4.9100000000018955, -2.2664479470289924 
4.920000000001872, -2.265848016770044 
4.930000000001849, -2.265459492110996 
4.940000000001826, -2.2655224671586116 
4.950000000001802, -2.2658110695949687 
4.960000000001779, -2.2660501347164645 
4.970000000001756, -2.2660868000717356 
4.980000000001732, -2.265760022603495 
4.990000000001709, -2.2648042841334126 
5.000000000001686, -2.2626092588121525 
5.0100000000016625, -2.257650476536362 
5.020000000001639, -2.2468693800188433 
5.030000000001616, -2.2302030852951082 
5.0400000000015925, -2.2245702300708023 
5.050000000001569, -2.2348728020409423 
5.060000000001546, -2.24335957312559 
5.070000000001523, -2.2469839159015867 
5.080000000001499, -2.2481610664310976 
5.090000000001476, -2.2482685234730484 
5.100000000001453, -2.247868468532444 
5.110000000001429, -2.2472551580052973 
5.120000000001406, -2.2466497555689555 
5.130000000001383, -2.246161971618615 
5.1400000000013595, -2.245845619176312 
5.150000000001336, -2.2457001590988392 
5.160000000001313, -2.245529380731429 
5.17000000000129, -2.245044034698132 
5.180000000001266, -2.243869507128897 
5.190000000001243, -2.241204948974517 
5.20000000000122, -2.2354876219262585 
5.210000000001196, -2.2273370460048882 
5.220000000001173, -2.2288128871923183 
5.23000000000115, -2.2432240914024284 
5.240000000001126, -2.254837337870084 
5.250000000001103, -2.2603927917020092 
5.26000000000108, -2.2625979746758587 
5.2700000000010565, -2.263224530437016 
5.280000000001033, -2.263039659840752 
5.29000000000101, -2.2623552339799735 
5.300000000000987, -2.261314299241293 
5.310000000000963, -2.2600342262276913 
5.32000000000094, -2.2587994337089894 
5.330000000000917, -2.258103504265981 
5.340000000000893, -2.2579786067412266 
5.35000000000087, -2.2579021589362176 
5.360000000000847, -2.257480165867887 
5.3700000000008234, -2.2564543737317804 
5.3800000000008, -2.2545393008593613 
5.390000000000777, -2.2523265603030818 
5.4000000000007535, -2.2532793270081894 
5.41000000000073, -2.2587134199540904 
5.420000000000707, -2.264096858029578 
5.430000000000684, -2.267312503526025 
5.44000000000066, -2.2688262465087172 
5.450000000000637, -2.2692662825447547 
5.460000000000614, -2.268954119403376 
5.47000000000059, -2.2679683339189642 
5.480000000000567, -2.26620683494997 
5.490000000000544, -2.263477928218826 
5.5000000000005205, -2.260002764835702 
5.510000000000497, -2.257383722191947 
5.520000000000474, -2.257001720447883 
5.5300000000004506, -2.2575789125990653 
5.540000000000427, -2.257842673150617 
5.550000000000404, -2.257584704133195 
5.560000000000381, -2.2568668617489736 
5.570000000000357, -2.2559356747569046 
5.580000000000334, -2.255641534843087 
5.590000000000311, -2.256698249826619 
5.600000000000287, -2.258310673769588 
5.610000000000264, -2.259531755296988 
5.620000000000241, -2.2601465753678855 
5.6300000000002175, -2.260179350896937 
5.640000000000194, -2.259587945888389 
5.650000000000171, -2.2581431037237527 
5.660000000000148, -2.2552672711551405 
5.670000000000124, -2.2498364853339057 
5.680000000000101, -2.24086654711839 
5.690000000000078, -2.2318946441334173 
5.700000000000054, -2.230448899879187 
5.710000000000031, -2.2334163440663994 
5.720000000000008, -2.235457945110329 
5.729999999999984, -2.236145245664192 
5.739999999999961, -2.236059366044762 
5.749999999999938, -2.2355666258269675 
5.7599999999999145, -2.234995528880902 
5.769999999999891, -2.234739270177402 
5.779999999999868, -2.2348830231694614 
5.789999999999845, -2.2351560844907334 
5.799999999999821, -2.2353419218805173 
5.809999999999798, -2.2352970079009 
5.819999999999775, -2.2348437042570537 
5.829999999999751, -2.2336680542338554 
5.839999999999728, -2.231028246982564 
5.849999999999705, -2.2251321266598603 
5.8599999999996815, -2.212855663991635 
5.869999999999658, -2.196378713526646 
5.879999999999635, -2.193944164743859 
5.8899999999996115, -2.2045683507196543 
5.899999999999588, -2.212129926689403 
5.909999999999565, -2.2152745989819773 
5.919999999999542, -2.216265727848712 
5.929999999999518, -2.216299270535158 
5.939999999999495, -2.215872599004631 
5.949999999999472, -2.2152672833819924 
5.959999999999448, -2.2147018187361587 
5.969999999999425, -2.2142725788905926 
5.979999999999402, -2.2140090307010754 
5.9899999999993785, -2.2138881942493613 
5.999999999999355, -2.2137194504384876 
6.009999999999332, -2.213229171899651 
6.019999999999309, -2.212048538739139 
6.029999999999285, -2.2093737713564314 
6.039999999999262, -2.203509772969327 
6.049999999999239, -2.1939788973750423 
6.059999999999215, -2.191864529512473 
6.069999999999192, -2.20571961069958 
6.079999999999169, -2.219190351322814 
6.089999999999145, -2.2259630287884185 
6.099999999999122, -2.2287142139991616 
6.109999999999099, -2.2295943569894945 
6.1199999999990755, -2.2295624439718007 
6.129999999999052, -2.2290140073743236 
6.139999999999029, -2.2281375839278965 
6.149999999999006, -2.2270655669277537 
6.159999999998982, -2.225990620233937 
6.169999999998959, -2.2252699499114224 
6.179999999998936, -2.2250471757869863 
6.189999999998912, -2.2249579256693846 
6.199999999998889, -2.224601444793038 
6.209999999998866, -2.2236871325804564 
6.2199999999988425, -2.22180523774629 
6.229999999998819, -2.218776142907636 
6.239999999998796, -2.2173089361078153 
6.2499999999987725, -2.222353682136452 
6.259999999998749, -2.2303046707934815 
6.269999999998726, -2.2358131399385313 
6.279999999998703, -2.2386362005991844 
6.289999999998679, -2.2398067073024492 
6.299999999998656, -2.2399927403318203 
6.309999999998633, -2.2394941556490355 
6.319999999998609, -2.238389838114795 
6.329999999998586, -2.236635450025267 
6.339999999998563, -2.234238768365568 
6.3499999999985395, -2.23178836068809 
6.359999999998516, -2.2305496768035318 
6.369999999998493, -2.2306185741721754 
6.37999999999847, -2.2308794743604436 
6.389999999998446, -2.23075653191444 
6.399999999998423, -2.230147112595423 
6.4099999999984, -2.2290595052593205 
6.419999999998376, -2.2280003233356886 
6.429999999998353, -2.2284488923723336 
6.43999999999833, -2.230755381680252 
6.449999999998306, -2.2332058904091374 
6.459999999998283, -2.2348084412372904 
6.46999999999826, -2.2355619687528603 
6.4799999999982365, -2.235620488604488 
6.489999999998213, -2.235019636769727 
6.49999999999819, -2.233615305325157 
6.509999999998167, -2.231013254822956 
6.519999999998143, -2.2265552495029293 
6.52999999999812, -2.2201058368035076 
6.539999999998097, -2.214605968623449 
6.549999999998073, -2.213850516571189 
6.55999999999805, -2.2154289146158654 
6.569999999998027, -2.2164719414503598 
6.5799999999980034, -2.2166854582964226 
6.58999999999798, -2.216344832483196 
6.599999999997957, -2.2156924988008067 
6.6099999999979335, -2.215144071363059 
6.61999999999791, -2.215227668634159 
6.629999999997887, -2.2158677377284137 
6.639999999997864, -2.2165378470143398 
6.64999999999784, -2.2169446506451833 
6.659999999997817, -2.2169797454263493 
6.669999999997794, -2.216522959010562 
6.67999999999777, -2.2153138694816277 
6.689999999997747, -2.2127319570363517 
6.699999999997724, -2.2073926942734694 
6.7099999999977005, -2.1970326312335375 
6.719999999997677, -2.1825648257605237 
6.729999999997654, -2.1760619029444483 
6.7399999999976306, -2.1808728306786955 
6.749999999997607, -2.1858638967954342 
6.759999999997584, -2.188128524785386 
6.769999999997561, -2.1887964165353346 
6.779999999997537, -2.1886951016302167 
6.789999999997514, -2.188220653054289 
6.799999999997491, -2.187675358204484 
6.809999999997467, -2.1873346684617005 
6.819999999997444, -2.1872418111439607 
6.829999999997421, -2.1872682906518586 
6.8399999999973975, -2.1872947758835766 
6.849999999997374, -2.1871619714825874 
6.859999999997351, -2.186651745682985 
6.869999999997328, -2.1854103440374724 
6.879999999997304, -2.182619795707151 
6.889999999997281, -2.1763384089266893 
6.899999999997258, -2.1636563060846807 
6.909999999997234, -2.149398405899905 
6.919999999997211, -2.1526149306045017 
6.929999999997188, -2.1665026487661723 
6.939999999997164, -2.175248476035404 
6.949999999997141, -2.17890600461165 
6.959999999997118, -2.180145274868123 
6.9699999999970945, -2.1803054080769386 
6.979999999997071, -2.1799359924273363 
6.989999999997048, -2.1793135282811607 
6.999999999997025, -2.1786413731350325 
7.009999999997001, -2.1780480635640815 
7.019999999996978, -2.177626287110264 
7.029999999996955, -2.177428239985873 
7.039999999996931, -2.1772974023485987 
7.049999999996908, -2.176950119706329 
7.059999999996885, -2.1760753436263576 
7.0699999999968615, -2.1741106047819203 
7.079999999996838, -2.1698499175503914 
7.089999999996815, -2.1623133724013126 
7.0999999999967915, -2.1579969034172297 
7.109999999996768, -2.1682899292021736 
7.119999999996745, -2.1826994766591366 
7.129999999996722, -2.191194650267488 
7.139999999996698, -2.1949878367762405 
7.149999999996675, -2.1964187595639895 
7.159999999996652, -2.1966925571563602 
7.169999999996628, -2.1963276792329056 
7.179999999996605, -2.195551874707746 
7.189999999996582, -2.1944953467019674 
7.1999999999965585, -2.193299101175614 
7.209999999996535, -2.192270665343311 
7.219999999996512, -2.1917760711637064 
7.229999999996489, -2.1916879287642423 
7.239999999996465, -2.1915418389944756 
7.249999999996442, -2.1910113039402686 
7.259999999996419, -2.189802891636212 
7.269999999996395, -2.187514386057573 
7.279999999996372, -2.184644281432346 
7.289999999996349, -2.185329928557277 
7.299999999996325, -2.1920859288411294 
7.309999999996302, -2.1993242220288045 
7.319999999996279, -2.203788231900337 
7.3299999999962555, -2.2059869520074256 
7.339999999996232, -2.2068212534623437 
7.349999999996209, -2.2068051609787003 
7.359999999996186, -2.2061565564879655 
7.369999999996162, -2.204916893945471 
7.379999999996139, -2.2030413626309784 
7.389999999996116, -2.200616747855534 
7.399999999996092, -2.198386158575085 
7.409999999996069, -2.197470738565159 
7.419999999996046, -2.197626113735419 
7.4299999999960225, -2.1978184890685286 
7.439999999995999, -2.1976090735303138 
7.449999999995976, -2.196907957231584 
7.4599999999959525, -2.195722283912446 
7.469999999995929, -2.194658257525012 
7.479999999995906, -2.1953509676353806 
7.489999999995883, -2.1980246642235683 
7.499999999995859, -2.2007620112903337 
7.509999999995836, -2.2025455193894112 
7.519999999995813, -2.2034105420251784 
7.529999999995789, -2.2035492955496743 
7.539999999995766, -2.2030355199696765 
7.549999999995743, -2.2017802697907767 
7.5599999999957195, -2.1994928752401313 
7.569999999995696, -2.1956858336166203 
7.579999999995673, -2.1902328355387044 
7.58999999999565, -2.185229295098468 
7.599999999995626, -2.1839446728415446 
7.609999999995603, -2.18506809822867 
7.61999999999558, -2.1859946492332374 
7.629999999995556, -2.1862028718789275 
7.639999999995533, -2.185867078930273 
7.64999999999551, -2.185180432372687 
7.659999999995486, -2.18453152202557 
7.669999999995463, -2.184579223729131 
7.67999999999544, -2.185417213322789 
7.6899999999954165, -2.186397215732639 
7.699999999995393, -2.187072950289469 
7.70999999999537, -2.1873267390376077 
7.719999999995347, -2.187095603426188 
7.729999999995323, -2.1862286009001144 
7.7399999999953, -2.184351684904897 
7.749999999995277, -2.180637709855969 
7.759999999995253, -2.17358762586713 
7.76999999999523, -2.1622929042566033 
7.779999999995207, -2.152246523901161 
7.789999999995183, -2.151824471606488 
7.79999999999516, -2.1557785103144456 
7.809999999995137, -2.1583056848186475 
7.8199999999951135, -2.1592289826120763 
7.82999999999509, -2.159277124483732 
7.839999999995067, -2.158867428045495 
7.849999999995044, -2.1582979691705217 
7.85999999999502, -2.1579259549823933 
7.869999999994997, -2.157939412977164 
7.879999999994974, -2.158166186482421 
7.88999999999495, -2.158383322870761 
7.899999999994927, -2.1584445174680145 
7.909999999994904, -2.1581947769486947 
7.9199999999948805, -2.157410620010567 
7.929999999994857, -2.155636820393533 
7.939999999994834, -2.1518013130174047 
7.9499999999948106, -2.143617325933096 
7.959999999994787, -2.1286838522919735 
7.969999999994764, -2.114370224445115 
7.979999999994741, -2.116536907850643 
7.989999999994717, -2.1261456289541725 
7.999999999994694, -2.1319771021916143 
8.00999999999467, -2.1343489368446305 
8.019999999994647, -2.135049298089234 
8.029999999994624, -2.13497174681378 
8.0399999999946, -2.1345141524212976 
8.049999999994577, -2.1339454759837824 
8.059999999994554, -2.133490720393552 
8.06999999999453, -2.1332203417838866 
8.079999999994508, -2.1330961881988046 
8.089999999994484, -2.1330503893318826 
8.099999999994461, -2.1329204256575145 
8.109999999994438, -2.1324777456469333 
8.119999999994414, -2.1314014666964534 
8.129999999994391, -2.12900331433222 
8.139999999994368, -2.123668158068445 
8.149999999994344, -2.1128286874705995 
8.159999999994321, -2.0995687704064916 
8.169999999994298, -2.101415671267863 
8.179999999994275, -2.116525066793234 
8.189999999994251, -2.127489623919936 
8.199999999994228, -2.1324703875362165 
8.209999999994205, -2.1343545992656567 
8.219999999994181, -2.134837907995785 
8.229999999994158, -2.134641174398392 
8.239999999994135, -2.134088824909291 
8.249999999994111, -2.13339079584169 
8.259999999994088, -2.132704026907191 
8.269999999994065, -2.132139467403648 
8.279999999994041, -2.131807209382864 
8.289999999994018, -2.131672458383882 
8.299999999993995, -2.1314874185634682 
8.309999999993972, -2.130967522555788 
8.319999999993948, -2.129755192419574 
8.329999999993925, -2.1271032582828484 
8.339999999993902, -2.121643499230311 
8.349999999993878, -2.1138390684896566 
8.359999999993855, -2.113851999244485 
8.369999999993832, -2.127414548655332 
8.379999999993808, -2.1405871782772956 
8.389999999993785, -2.1476590849349266 
8.399999999993762, -2.15075067751559 
8.409999999993738, -2.1518708125782386 
8.419999999993715, -2.1519997892218994 
8.429999999993692, -2.151565413140122 
8.439999999993669, -2.1507699020965916 
8.449999999993645, -2.1497456156950054 
8.459999999993622, -2.148642643145167 
8.469999999993599, -2.147748641272166 
8.479999999993575, -2.1473411108158333 
8.489999999993552, -2.147252026734807 
8.499999999993529, -2.1470673659130655 
8.509999999993505, -2.146484004419565 
8.519999999993482, -2.145177726101221 
8.529999999993459, -2.142633628700346 
8.539999999993436, -2.1390560704131474 
8.549999999993412, -2.138778936641061 
8.559999999993389, -2.146188491572158 
8.569999999993366, -2.1553096639862868 
8.579999999993342, -2.1611959474508 
8.589999999993319, -2.1641689449698456 
8.599999999993296, -2.165415539965169 
8.609999999993272, -2.1656611635796286 
8.619999999993249, -2.165248981561993 
8.629999999993226, -2.1643119625049687 
8.639999999993202, -2.1628851027260594 
8.64999999999318, -2.1610350688871955 
8.659999999993156, -2.1591612741567965 
8.669999999993133, -2.1580695629972495 
8.67999999999311, -2.15793755205054 
8.689999999993086, -2.158049841243943 
8.699999999993063, -2.1578802609554257 
8.70999999999304, -2.157238386908337 
8.719999999993016, -2.1559809964354426 
8.729999999992993, -2.154281087030925 
8.73999999999297, -2.153822192274832 
8.749999999992946, -2.1567097355892146 
8.759999999992923, -2.1611731383023365 
8.7699999999929, -2.164602130932253 
8.779999999992876, -2.1665600615597405 
8.789999999992853, -2.1674232452105313 
8.79999999999283, -2.1675042976133314 
8.809999999992806, -2.1669358865445996 
8.819999999992783, -2.1656939171075194 
8.82999999999276, -2.1636187336361425 
8.839999999992736, -2.16052366465043 
8.849999999992713, -2.156766836415239 
8.85999999999269, -2.1540697765669856 
8.869999999992666, -2.1536780219515097 
8.879999999992643, -2.154281475424006 
8.88999999999262, -2.1546128278430827 
8.899999999992596, -2.1544366267020374 
8.909999999992573, -2.153796200255161 
8.91999999999255, -2.152836157940421 
8.929999999992527, -2.1522100007549 
8.939999999992503, -2.1529444259505004 
8.94999999999248, -2.1547918345014496 
8.959999999992457, -2.1565522834032214 
8.969999999992433, -2.1576834508198406 
8.97999999999241, -2.1581730179930623 
8.989999999992387, -2.1580726889239226 
8.999999999992363, -2.1573415064347947 
9.00999999999234, -2.155777840473605 
9.019999999992317, -2.1529340323602155 
9.029999999992294, -2.1480991809187246 
9.03999999999227, -2.1410615920867615 
9.049999999992247, -2.134663404622261 
9.059999999992224, -2.1332301214561413 
9.0699999999922, -2.1348655271761916 
9.079999999992177, -2.1361941512591165 
9.089999999992154, -2.1366303569821885 
9.09999999999213, -2.1364456493142443 
9.109999999992107, -2.135874150383227 
9.119999999992084, -2.1352200881415664 
9.12999999999206, -2.1350202708828343 
9.139999999992037, -2.1355366003032072 
9.149999999992014, -2.136348075714205 
9.15999999999199, -2.1370016825556903 
9.169999999991967, -2.1373233779330234 
9.179999999991944, -2.1372301632555026 
9.18999999999192, -2.1365936356108906 
9.199999999991897, -2.135126750206114 
9.209999999991874, -2.1321946044694595 
9.21999999999185, -2.1265436483424596 
9.229999999991827, -2.1165760600873282 
9.239999999991804, -2.104102838640254 
9.24999999999178, -2.098546886886573 
9.259999999991757, -2.101619258242704 
9.269999999991734, -2.105297098412954 
9.27999999999171, -2.1070795629767076 
9.289999999991688, -2.1075943948875406 
9.299999999991664, -2.1074404865953262 
9.309999999991641, -2.1069410759079132 
9.319999999991618, -2.106400069218698 
9.329999999991594, -2.1061630064143038 
9.339999999991571, -2.1063077805492973 
9.349999999991548, -2.1066042529390403 
9.359999999991524, -2.1068436879511383 
9.369999999991501, -2.1068866010850513 
9.379999999991478, -2.106583025667018 
9.389999999991455, -2.1057084190216795 
9.399999999991431, -2.1037995664435067 
9.409999999991408, -2.099812528391925 
9.419999999991385, -2.0916565486846803 
9.429999999991361, -2.077260854227379 
9.439999999991338, -2.0626361516990204 
9.449999999991315, -2.0619343934339014 
9.459999999991291, -2.0696092584201873 
9.469999999991268, -2.0749789777967296 
9.479999999991245, -2.0773059353844654 
9.489999999991221, -2.078031288801701 
9.499999999991198, -2.0779849622851385 
9.509999999991175, -2.077552455163649 
9.519999999991152, -2.0770071447924483 
9.529999999991128, -2.0766149554009314 
9.539999999991105, -2.0764772294717035 
9.549999999991082, -2.076500414570713 
9.559999999991058, -2.076567462981231 
9.569999999991035, -2.076544176163774 
9.579999999991012, -2.0762512838042024 
9.589999999990988, -2.075448482261081 
9.599999999990965, -2.0736747096011157 
9.609999999990942, -2.0698701059180795 
9.619999999990918, -2.0618134634052523 
9.629999999990895, -2.0471309590743685 
9.639999999990872, -2.032366750087582 
9.649999999990849, -2.0339532984060775 
9.659999999990825, -2.045155178538079 
9.669999999990802, -2.052774205674376 
9.679999999990779, -2.056156589113757 
9.689999999990755, -2.0573599671435394 
9.699999999990732, -2.0575489141493355 
9.709999999990709, -2.0572336583059068 
9.719999999990685, -2.056691515707103 
9.729999999990662, -2.056161258115858 
9.739999999990639, -2.055799275239573 
9.749999999990616, -2.055612192467891 
9.759999999990592, -2.0555514982787075 
9.769999999990569, -2.055517787179787 
9.779999999990546, -2.055328442856851 
9.789999999990522, -2.054757546642253 
9.799999999990499, -2.0534511212209856 
9.809999999990476, -2.050624817603849 
9.819999999990452, -2.0445251104277755 
9.829999999990429, -2.0325450690775684 
9.839999999990406, -2.017527913596154 
9.849999999990382, -2.0160797636283467 
9.85999999999036, -2.0290976385158923 
9.869999999990336, -2.0399890122826827 
9.879999999990313, -2.0452732208867035 
9.88999999999029, -2.0473688744024336 
9.899999999990266, -2.0479836906842634 
9.909999999990243, -2.0478844010567423 
9.91999999999022, -2.0474202219482422 
9.929999999990196, -2.046823736130847 
9.939999999990173, -2.0462863787937384 
9.94999999999015, -2.045897507715805 
9.959999999990126, -2.04567396965998 
9.969999999990103, -2.0455858063977272 
9.97999999999008, -2.0454831256478423 
9.989999999990056, -2.0451429452355816 
9.999999999990033, -2.0442953140949327 
10.00999999999001, -2.0424358774769695 
10.019999999989986, -2.0384060403970223 
10.029999999989963, -2.029991977733479 
10.03999999998994, -2.0165610531642004 
10.049999999989916, -2.009588190110351 
10.059999999989893, -2.0206219047443006 
10.06999999998987, -2.0350248807445017 
10.079999999989846, -2.0431878938857246 
10.089999999989823, -2.0467296430762714 
10.0999999999898, -2.0480245297003363 
10.109999999989776, -2.048263964337605 
10.119999999989753, -2.0479655625553357 
10.12999999998973, -2.047393830385626 
10.139999999989707, -2.046749389380402 
10.149999999989683, -2.046177555632032 
10.15999999998966, -2.0457543215715335 
10.169999999989637, -2.045527435194006 
10.179999999989613, -2.045429869917683 
10.18999999998959, -2.0452479702300765 
10.199999999989567, -2.0447327874650263 
10.209999999989543, -2.0435482089189656 
10.21999999998952, -2.04097943403832 
10.229999999989497, -2.0354836006705397 
10.239999999989474, -2.0253103521042566 
10.24999999998945, -2.015593033695885 
10.259999999989427, -2.021441765267409 
10.269999999989404, -2.0375358888325423 
10.27999999998938, -2.048925195736732 
10.289999999989357, -2.0543605362267043 
10.299999999989334, -2.0565712334265043 
10.30999999998931, -2.057258296062437 
10.319999999989287, -2.057189087901308 
10.329999999989264, -2.0567102830032726 
10.33999999998924, -2.056029861317927 
10.349999999989217, -2.0553125210267216 
10.359999999989194, -2.0546785595467734 
10.36999999998917, -2.0542421621387374 
10.379999999989147, -2.054049259285704 
10.389999999989124, -2.0539343538406416 
10.3999999999891, -2.053629394308157 
10.409999999989077, -2.0528592618139743 
10.419999999989054, -2.0511646470806553 
10.42999999998903, -2.0475406095808872 
10.439999999989007, -2.040453330325194 
10.449999999988984, -2.0317747481628765 
10.45999999998896, -2.033816898330591 
10.469999999988937, -2.048947437226753 
10.479999999988914, -2.062237963434789 
10.48999999998889, -2.069236546241706 
10.499999999988868, -2.072296946683983 
10.509999999988844, -2.073416870954384 
10.519999999988821, -2.0735708362926193 
10.529999999988798, -2.0731937469287334 
10.539999999988774, -2.0725068436718783 
10.549999999988751, -2.071667893944668 
10.559999999988728, -2.070814869178751 
10.569999999988704, -2.0701199423407126 
10.579999999988681, -2.0697526803314763 
10.589999999988658, -2.069629292382679 
10.599999999988635, -2.0694466607123925 
10.609999999988611, -2.0689195976488444 
10.619999999988588, -2.0677142860942626 
10.629999999988565, -2.06516790549017 
10.639999999988541, -2.0602635216177916 
10.649999999988518, -2.054202982959911 
10.659999999988495, -2.0559515985163177 
10.669999999988471, -2.0688543653264406 
10.679999999988448, -2.081226448837442 
10.689999999988425, -2.088220595467331 
10.699999999988401, -2.0914696621990716 
10.709999999988378, -2.0927485573345157 
10.719999999988355, -2.092996199385402 
10.729999999988332, -2.0926463536941506 
10.739999999988308, -2.0919058347428257 
10.749999999988285, -2.0909036073312874 
10.759999999988262, -2.0897711424853602 
10.769999999988238, -2.0887491877423057 
10.779999999988215, -2.088162759776192 
10.789999999988192, -2.0880098845463513 
10.799999999988168, -2.087913085848453 
10.809999999988145, -2.087534130938736 
10.819999999988122, -2.0866022534458972 
10.829999999988098, -2.0846813674714992 
10.839999999988075, -2.0812772515902136 
10.849999999988052, -2.0779384117022155 
10.859999999988029, -2.0809163666959667 
10.869999999988005, -2.0908385308895356 
10.879999999987982, -2.099849012890832 
10.889999999987959, -2.1051159257985743 
10.899999999987935, -2.107681935477726 
10.909999999987912, -2.1087026985157165 
10.919999999987889, -2.108824548546716 
10.929999999987865, -2.1083546068789905 
10.939999999987842, -2.107426645088396 
10.949999999987819, -2.10610764552628 
10.959999999987796, -2.104512668521301 
10.969999999987772, -2.1030188438629964 
10.979999999987749, -2.1022037856034492 
10.989999999987726, -2.1020870813197385 
10.999999999987702, -2.1021027539608146 
11.009999999987679, -2.101836778879181 
11.019999999987656, -2.1010769426332283 
11.029999999987632, -2.0995780924878367 
11.039999999987609, -2.0973182437987363 
11.049999999987586, -2.096093107862541 
11.059999999987562, -2.0994148500027014 
11.06999999998754, -2.1058826061554496 
11.079999999987516, -2.1112475680290297 
11.089999999987493, -2.1144286747451475 
11.09999999998747, -2.1159974019535754 
11.109999999987446, -2.116530350293754 
11.119999999987423, -2.116349371678953 
11.1299999999874, -2.1155859002330946 
11.139999999987376, -2.1142500097912444 
11.149999999987353, -2.112302270269198 
11.15999999998733, -2.10986120665402 
11.169999999987306, -2.1076441416225355 
11.179999999987283, -2.1066683846366407 
11.18999999998726, -2.1067573542910796 
11.199999999987236, -2.1069606580561016 
11.209999999987213, -2.106811131306864 
11.21999999998719, -2.106190405825362 
11.229999999987166, -2.1050320305564876 
11.239999999987143, -2.1036261797507114 
11.24999999998712, -2.103483357735772 
11.259999999987096, -2.1060445151269542 
11.269999999987073, -2.1097709444649406 
11.27999999998705, -2.112685998210371 
11.289999999987026, -2.1144075656196044 
11.299999999987003, -2.115184565042753 
11.30999999998698, -2.1152444546636646 
11.319999999986956, -2.114680175678795 
11.329999999986933, -2.113452475848551 
11.33999999998691, -2.111397072307586 
11.349999999986887, -2.108301105255661 
11.359999999986863, -2.1043662936274448 
11.36999999998684, -2.101108269814863 
11.379999999986817, -2.1001969066762194 
11.389999999986793, -2.1007464888495537 
11.39999999998677, -2.1012322851331864 
11.409999999986747, -2.101224052302833 
11.419999999986723, -2.100739859785246 
11.4299999999867, -2.0998553798204447 
11.439999999986677, -2.098953735208176 
11.449999999986654, -2.0990545135391843 
11.45999999998663, -2.100664272247618 
11.469999999986607, -2.102755471481623 
11.479999999986584, -2.1043607566836773 
11.48999999998656, -2.105276440943804 
11.499999999986537, -2.105567388097433 
11.509999999986514, -2.1052737526513523 
11.51999999998649, -2.1043312379692782 
11.529999999986467, -2.1025238114994163 
11.539999999986444, -2.09943516967103 
11.54999999998642, -2.0945650586236395 
11.559999999986397, -2.0883167836338665 
11.569999999986374, -2.0837019129198806 
11.57999999998635, -2.0831836532389216 
11.589999999986327, -2.084474353018743 
11.599999999986304, -2.0853616627545346 
11.60999999998628, -2.085547248594381 
11.619999999986257, -2.0852123301884147 
11.629999999986234, -2.0845271549267483 
11.63999999998621, -2.0838341892298176 
11.649999999986187, -2.0837987907358477 
11.659999999986164, -2.084692641651447 
11.66999999998614, -2.0859163785938843 
11.679999999986117, -2.0868869008143056 
11.689999999986094, -2.0874211026995115 
11.69999999998607, -2.0874826127450956 
11.709999999986048, -2.087010396726242 
11.719999999986024, -2.085833838191038 
11.729999999986001, -2.0835752914744043 
11.739999999985978, -2.0795283456026405 
11.749999999985954, -2.072766087582408 
11.759999999985931, -2.063703933635254 
11.769999999985908, -2.0571364273317294 
11.779999999985884, -2.0569422119822938 
11.789999999985861, -2.0592258696516366 
11.799999999985838, -2.0607315559253014 
11.809999999985815, -2.0612325196754493 
11.819999999985791, -2.0610948336815587 
11.829999999985768, -2.060571256780995 
11.839999999985745, -2.0599372967137355 
11.849999999985721, -2.0596617758443605 
11.859999999985698, -2.0600482066054093 
11.869999999985675, -2.0608029414582267 
11.879999999985651, -2.0614888500375503 
11.889999999985628, -2.0618980132028217 
11.899999999985605, -2.061938329240717 
11.909999999985581, -2.0615071415438355 
11.919999999985558, -2.06040457878517 
11.929999999985535, -2.0582088730052854 
11.939999999985512, -2.0540901330047023 
11.949999999985488, -2.0467418915876343 
11.959999999985465, -2.035702541599018 
11.969999999985442, -2.0257847658370456 
11.979999999985418, -2.024133225165578 
11.989999999985395, -2.0273364324814684 
11.999999999985372, -2.0298895607363834 
12.009999999985348, -2.0309927080664716 
12.019999999985325, -2.031190731090119 
12.029999999985302, -2.030876852097179 
12.039999999985278, -2.0303032453939664 
12.049999999985255, -2.0298050619244203 
12.059999999985232, -2.0297632107065606 
12.069999999985209, -2.0301899504745125 
12.079999999985185, -2.030750656615408 
12.089999999985162, -2.0311820813708388 
12.099999999985139, -2.031350936854196 
12.109999999985115, -2.031147766629295 
12.119999999985092, -2.030413824078305 
12.129999999985069, -2.0288382741321103 
12.139999999985045, -2.0257846990008157 
12.149999999985022, -2.0200683580320815 
12.159999999984999, -2.0102025896655777 
12.169999999984976, -1.997341508179014 
12.179999999984952, -1.9895837161819867 
12.189999999984929, -1.9910957180928714 
12.199999999984906, -1.9949820522563033 
12.209999999984882, -1.9973010683207142 
12.219999999984859, -1.9981874009825087 
12.229999999984836, -1.998264891495197 
12.239999999984812, -1.997890988218631 
12.249999999984789, -1.9973159645396656 
12.259999999984766, -1.996882236204799 
12.269999999984742, -1.9969103054262631 
12.27999999998472, -1.997339854370479 
12.289999999984696, -1.9978577724963436 
12.299999999984673, -1.9982408768427 
12.30999999998465, -1.9983640913833394 
12.319999999984626, -1.9981136798661765 
12.329999999984603, -1.9973231473449082 
12.33999999998458, -1.9956721292136486 
12.349999999984556, -1.9925218477553286 
12.359999999984533, -1.9867216869320312 
12.36999999998451, -1.9769024617480393 
12.379999999984486, -1.9642585612696415 
12.389999999984463, -1.9563789708317056 
12.39999999998444, -1.9574151315442965 
12.409999999984416, -1.9610947171011812 
12.419999999984393, -1.96341448205247 
12.42999999998437, -1.9643421730908028 
12.439999999984346, -1.9644562534672185 
12.449999999984323, -1.96410574287187 
12.4599999999843, -1.9635266957341375 
12.469999999984276, -1.9630506099255474 
12.479999999984253, -1.9630490839876273 
12.48999999998423, -1.9635356522401117 
12.499999999984206, -1.9641770480128238 
12.509999999984183, -1.9646961521525654 
12.51999999998416, -1.9649552118052909 
12.529999999984136, -1.9648581739107684 
12.539999999984113, -1.964282557476053 
12.54999999998409, -1.9630065018424658 
12.559999999984067, -1.9606017548651824 
12.569999999984043, -1.9563006421580138 
12.57999999998402, -1.949033989511383 
12.589999999983997, -1.938627322565208 
12.599999999983973, -1.9290591905407168 
12.60999999998395, -1.9263386761660843 
12.619999999983927, -1.9286116470258907 
12.629999999983903, -1.9309907555593544 
12.63999999998388, -1.9321783165163329 
12.649999999983857, -1.9324834589478848 
12.659999999983834, -1.932249451336029 
12.66999999998381, -1.9316875620680924 
12.679999999983787, -1.9310675738609013 
12.689999999983764, -1.9308518609813485 
12.69999999998374, -1.9313473031060835 
12.709999999983717, -1.932284586418818 
12.719999999983694, -1.9331979540533542 
12.72999999998367, -1.9338369114892235 
12.739999999983647, -1.934110236805352 
12.749999999983624, -1.9339586314361887 
12.7599999999836, -1.9332866760235667 
12.769999999983577, -1.9319070847265132 
12.779999999983554, -1.9294779632952583 
12.78999999998353, -1.9254574937206073 
12.799999999983507, -1.919281265633058 
12.809999999983484, -1.9114236437772985 
12.81999999998346, -1.9050936433638956 
12.829999999983437, -1.9034995296317063 
12.839999999983414, -1.9048364360271557 
12.84999999998339, -1.906203413908883 
12.859999999983367, -1.9068218659563994 
12.869999999983344, -1.9068241082694293 
12.87999999998332, -1.9063845432178568 
12.889999999983297, -1.9056489666619694 
12.899999999983274, -1.9049649757405007 
12.90999999998325, -1.9050099697844587 
12.919999999983228, -1.9061403877448637 
12.929999999983204, -1.9078096640598052 
12.939999999983181, -1.9093075457856443 
12.949999999983158, -1.9103376312469158 
12.959999999983134, -1.9108606190896644 
12.969999999983111, -1.9108885319921072 
12.979999999983088, -1.9104034305510873 
12.989999999983064, -1.90932459230882 
12.999999999983041, -1.9074869678228734 
13.009999999983018, -1.9046402792195671 
13.019999999982995, -1.9005705983086063 
13.029999999982971, -1.8956242358053508 
13.039999999982948, -1.891469964889025 
13.049999999982925, -1.8899230229234771 
13.059999999982901, -1.8903506788348863 
13.069999999982878, -1.891061483896658 
13.079999999982855, -1.8913524396845733 
13.089999999982831, -1.89117029468294 
13.099999999982808, -1.8905536804748955 
13.109999999982785, -1.8895594151891786 
13.119999999982761, -1.88857418554106 
13.129999999982738, -1.8886817498258694 
13.139999999982715, -1.8907109184316524 
13.149999999982692, -1.8937929418747235 
13.159999999982668, -1.896564730821305 
13.169999999982645, -1.8984956883937851 
13.179999999982622, -1.8996140416924405 
13.189999999982598, -1.9000627984544063 
13.199999999982575, -1.8999468847917655 
13.209999999982552, -1.8993073667615186 
13.219999999982528, -1.898124559373613 
13.229999999982505, -1.8963337971774081 
13.239999999982482, -1.8938877410698975 
13.249999999982458, -1.8909692618887195 
13.259999999982435, -1.888333812964995 
13.269999999982412, -1.8869798530470543 
13.279999999982389, -1.8868903808042792 
13.289999999982365, -1.8871755886934267 
13.299999999982342, -1.8872431514467274 
13.309999999982319, -1.8869181316592816 
13.319999999982295, -1.886111721006116 
13.329999999982272, -1.8847196116063922 
13.339999999982249, -1.8829891667787972 
13.349999999982225, -1.8824947926944884 
13.359999999982202, -1.8854815948503376 
13.369999999982179, -1.8911120710922795 
13.379999999982156, -1.89643863297233 
13.389999999982132, -1.9001347511808457 
13.399999999982109, -1.9023163469189446 
13.409999999982086, -1.903401953164775 
13.419999999982062, -1.9037173410197952 
13.429999999982039, -1.9034591576132793 
13.439999999982016, -1.9027294446903529 
13.449999999981992, -1.9015760486473094 
13.459999999981969, -1.9000410581852467 
13.469999999981946, -1.8982542794863615 
13.479999999981922, -1.8965894948867548 
13.4899999999819, -1.8955808765587743 
13.499999999981876, -1.8953316859287994 
13.509999999981853, -1.8953797374042676 
13.51999999998183, -1.8952841994971468 
13.529999999981806, -1.8948221677061958 
13.539999999981783, -1.8937912989353247 
13.54999999998176, -1.89186376463613 
13.559999999981736, -1.8888923341231068 
13.569999999981713, -1.8866114370285583 
13.57999999998169, -1.8897137916904196 
13.589999999981666, -1.8988337376622468 
13.599999999981643, -1.908195627950566 
13.60999999998162, -1.9145289124720293 
13.619999999981596, -1.9180842935842772 
13.629999999981573, -1.9198348432002668 
13.63999999998155, -1.9204897127878375 
13.649999999981526, -1.9204563560518988 
13.659999999981503, -1.919953410220706 
13.66999999998148, -1.919106859676516 
13.679999999981456, -1.9180170907307108 
13.689999999981433, -1.9168129571715862 
13.69999999998141, -1.9157268413268345 
13.709999999981386, -1.9150557021485777 
13.719999999981363, -1.914842415784247 
13.72999999998134, -1.9147834704822835 
13.739999999981316, -1.9145529353004238 
13.749999999981293, -1.913915668416592 
13.75999999998127, -1.9125553978316057 
13.769999999981247, -1.9098677460799056 
13.779999999981223, -1.9051754247468278 
13.7899999999812, -1.9001792156641784 
13.799999999981177, -1.9024562098086577 
13.809999999981153, -1.914845539269359 
13.81999999998113, -1.9279483649707303 
13.829999999981107, -1.9362792834954934 
13.839999999981083, -1.9405798263393716 
13.84999999998106, -1.942535805736369 
13.859999999981037, -1.943221001710246 
13.869999999981014, -1.94318970351266 
13.87999999998099, -1.9427207576999912 
13.889999999980967, -1.941980116201485 
13.899999999980944, -1.9411032806242379 
13.90999999998092, -1.9402238542391874 
13.919999999980897, -1.9395105752887445 
13.929999999980874, -1.939119747268451 
13.93999999998085, -1.938990404096963 
13.949999999980827, -1.9388573770200228 
13.959999999980804, -1.9384583463913625 
13.96999999998078, -1.9375251779468539 
13.979999999980757, -1.935564034359792 
13.989999999980734, -1.9315714411565328 
13.99999999998071, -1.9244072676687303 
14.009999999980687, -1.9169293452646279 
14.019999999980664, -1.9202989534463022 
14.02999999998064, -1.9354866477149222 
14.039999999980617, -1.949292709801941 
14.049999999980594, -1.957080524366982 
14.05999999998057, -1.9607289057522643 
14.069999999980547, -1.9622163084070454 
14.079999999980524, -1.9626065777828106 
14.0899999999805, -1.9624017824248967 
14.099999999980477, -1.9618554577061098 
14.109999999980454, -1.9611422961986424 
14.11999999998043, -1.9604090315467542 
14.129999999980408, -1.9597732632785294 
14.139999999980384, -1.9593485021179666 
14.149999999980361, -1.9591663422762575 
14.159999999980338, -1.9590645749577411 
14.169999999980314, -1.9587944713894434 
14.179999999980291, -1.9581074103470804 
14.189999999980268, -1.9566148424238954 
14.199999999980244, -1.953473419307277 
14.209999999980221, -1.947084224266873 
14.219999999980198, -1.9366328160998454 
14.229999999980175, -1.9296242129074437 
14.239999999980151, -1.9385031102095518 
14.249999999980128, -1.9546750554316752 
14.259999999980105, -1.9657085510836947 
14.269999999980081, -1.971109039469848 
14.279999999980058, -1.9733938593131466 
14.289999999980035, -1.97416076688528 
14.299999999980011, -1.974161080584933 
14.309999999979988, -1.9737442428387317 
14.319999999979965, -1.9731209306735824 
14.329999999979941, -1.9724652025559586 
14.339999999979918, -1.9718992795794725 
14.349999999979895, -1.9714991947260394 
14.359999999979872, -1.9713036613872699 
14.369999999979848, -1.9712166054117621 
14.379999999979825, -1.9710216561538432 
14.389999999979802, -1.970483072665378 
14.399999999979778, -1.9692748332760757 
14.409999999979755, -1.966709588714534 
14.419999999979732, -1.9613110339242048 
14.429999999979708, -1.951057672381936 
14.439999999979685, -1.9386851037935962 
14.449999999979662, -1.9386185549946426 
14.459999999979638, -1.953074574004497 
14.469999999979615, -1.9662839312900195 
14.479999999979592, -1.9732893576674932 
14.489999999979569, -1.976336269083777 
14.499999999979545, -1.9774504795274694 
14.509999999979522, -1.9776270727699057 
14.519999999979499, -1.9773130498919165 
14.529999999979475, -1.9767521782388164 
14.539999999979452, -1.976141206265926 
14.549999999979429, -1.9756249709127196 
14.559999999979405, -1.975264787002167 
14.569999999979382, -1.9750806850340001 
14.579999999979359, -1.9750097582297648 
14.589999999979335, -1.9748704843480138 
14.599999999979312, -1.9744418323174386 
14.609999999979289, -1.9734411543994934 
14.619999999979266, -1.9713075701170173 
14.629999999979242, -1.966789299747333 
14.639999999979219, -1.9576452030859444 
14.649999999979196, -1.943416095028469 
14.659999999979172, -1.9350506868778308 
14.669999999979149, -1.9442050638815733 
14.679999999979126, -1.958232137043079 
14.689999999979102, -1.9667924234021839 
14.69999999997908, -1.9706832609618654 
14.709999999979056, -1.9721875026567406 
14.719999999979033, -1.9725561380595447 
14.72999999997901, -1.9723494148471565 
14.739999999978986, -1.9718486152608121 
14.749999999978963, -1.9712696499843516 
14.75999999997894, -1.970789280872324 
14.769999999978916, -1.9704760471483211 
14.779999999978893, -1.9703236146312773 
14.78999999997887, -1.970279611553775 
14.799999999978846, -1.970198658940771 
14.809999999978823, -1.9698806649229077 
14.8199999999788, -1.9690829824000389 
14.829999999978776, -1.967367830916923 
14.839999999978753, -1.9637631641358992 
14.84999999997873, -1.9562880196337786 
14.859999999978706, -1.942722225295397 
14.869999999978683, -1.9278151409969244 
14.87999999997866, -1.9272245366268703 
14.889999999978636, -1.9392795529057199 
14.899999999978613, -1.9493672423803599 
14.90999999997859, -1.9544381527286312 
14.919999999978566, -1.9565275037142498 
14.929999999978543, -1.9571817250506989 
14.93999999997852, -1.9571293809944539 
14.949999999978496, -1.9567111790582161 
14.959999999978473, -1.95616133471746 
14.96999999997845, -1.955697944701488 
14.979999999978427, -1.955434706488741 
14.989999999978403, -1.955345684779921 
14.99999999997838, -1.9553592710576546 
15.009999999978357, -1.95536219020726 
15.019999999978333, -1.9551874422537263 
15.02999999997831, -1.9546365332250635 
15.039999999978287, -1.9534030859939555 
15.049999999978263, -1.9508500772161912 
15.05999999997824, -1.945617074946038 
15.069999999978217, -1.935353990160667 
15.079999999978194, -1.91911726132553 
15.08999999997817, -1.9059323624904791 
15.099999999978147, -1.9082137820915075 
15.109999999978124, -1.9178060542777071 
15.1199999999781, -1.924484931544909 
15.129999999978077, -1.927623217797923 
15.139999999978054, -1.9288106644332543 
15.14999999997803, -1.9290391424672824 
15.159999999978007, -1.928771213500216 
15.169999999977984, -1.928266035933505 
15.17999999997796, -1.9277741990459323 
15.189999999977937, -1.9275185207110415 
15.199999999977914, -1.9275303557293113 
15.20999999997789, -1.927684289469537 
15.219999999977867, -1.927847474392284 
15.229999999977844, -1.9278887814373455 
15.23999999997782, -1.9276602985711488 
15.249999999977797, -1.926977012224024 
15.259999999977774, -1.9255209766634944 
15.26999999997775, -1.9226515898358951 
15.279999999977727, -1.9171255131606735 
15.289999999977704, -1.9070607378119278 
15.29999999997768, -1.8920585271022898 
15.309999999977657, -1.87915556206817 
15.319999999977634, -1.8778048153142515 
15.32999999997761, -1.8832097901020286 
15.339999999977588, -1.8876377390009313 
15.349999999977564, -1.8898263077288824 
15.359999999977541, -1.8906181496517747 
15.369999999977518, -1.8906639224339699 
15.379999999977494, -1.890294621349073 
15.389999999977471, -1.8897417827542466 
15.399999999977448, -1.8893094180060728 
15.409999999977424, -1.8892931097663013 
15.419999999977401, -1.8896863324453494 
15.429999999977378, -1.8902263974867328 
15.439999999977355, -1.8906852103756555 
15.449999999977331, -1.8909285328327248 
15.459999999977308, -1.8908535301552543 
15.469999999977285, -1.8903410998976635 
15.479999999977261, -1.8891971438313724 
15.489999999977238, -1.887068764859491 
15.499999999977215, -1.8833445727335625 
15.509999999977191, -1.8771442734162012 
15.519999999977168, -1.8679434376965591 
15.529999999977145, -1.8578061107802555 
15.539999999977121, -1.8521723700071324 
15.549999999977098, -1.852598752142058 
15.559999999977075, -1.8548969335162133 
15.569999999977052, -1.8564637612293893 
15.579999999977028, -1.8570914319266976 
15.589999999977005, -1.8570837197096655 
15.599999999976982, -1.856654540848816 
15.609999999976958, -1.8559743373130702 
15.619999999976935, -1.8553861982884445 
15.629999999976912, -1.855454858385001 
15.639999999976888, -1.8564198467181536 
15.649999999976865, -1.857829032533712 
15.659999999976842, -1.8591183817327788 
15.669999999976818, -1.8600284326375018 
15.679999999976795, -1.8604981351370289 
15.689999999976772, -1.8605141847670066 
15.699999999976749, -1.8600438929672414 
15.709999999976725, -1.8590033025715094 
15.719999999976702, -1.8572358755317981 
15.729999999976679, -1.854508318714047 
15.739999999976655, -1.8505961083071152 
15.749999999976632, -1.8456778721926472 
15.759999999976609, -1.8410681820105221 
15.769999999976585, -1.8387234596691424 
15.779999999976562, -1.8387189606139631 
15.789999999976539, -1.8394383907400553 
15.799999999976515, -1.8398807419295848 
15.809999999976492, -1.839861158259053 
15.819999999976469, -1.839404053904666 
15.829999999976446, -1.8385222097614318 
15.839999999976422, -1.837363469446038 
15.849999999976399, -1.8366820652216618 
15.859999999976376, -1.8378113649199768 
15.869999999976352, -1.8409412843413668 
15.879999999976329, -1.8445854137039899 
15.889999999976306, -1.8475221760806853 
15.899999999976282, -1.8494726003351722 
15.90999999997626, -1.8505682306814446 
15.919999999976236, -1.850985631992683 
15.929999999976213, -1.850848120015495 
15.93999999997619, -1.8502179393318172 
15.949999999976166, -1.8491086473828173 
15.959999999976143, -1.8475095294071289 
15.96999999997612, -1.845446908211379 
15.979999999976096, -1.8431413191113104 
15.989999999976073, -1.8411838798405973 
15.99999999997605, -1.840202872436512 
16.009999999976028, -1.8400967972986328 
16.019999999976005, -1.8402326107274374 
16.02999999997598, -1.840171332973658 
16.039999999975958, -1.8397326012361361 
16.049999999975935, -1.8387581902489771 
16.05999999997591, -1.8370051700902281 
16.069999999975888, -1.8344730516293395 
16.079999999975865, -1.8327857552599187 
16.08999999997584, -1.8357284053116678 
16.099999999975818, -1.8437945704905014 
16.109999999975795, -1.8523900994847882 
16.11999999997577, -1.8585440658328949 
16.129999999975748, -1.8622005797617482 
16.139999999975725, -1.8641172228446379 
16.1499999999757, -1.8649258968533513 
16.15999999997568, -1.8650198635898625 
16.169999999975655, -1.8646228218200676 
16.17999999997563, -1.863865678593736 
16.18999999997561, -1.8628471198329837 
16.199999999975585, -1.8616787552525509 
16.20999999997556, -1.8605407304742534 
16.21999999997554, -1.859705082742698 
16.229999999975515, -1.8593333983674605 
16.239999999975492, -1.859250530826997 
16.24999999997547, -1.8591294423626556 
16.259999999975445, -1.8587189958175827 
16.269999999975422, -1.8577765301310074 
16.2799999999754, -1.8558593281265512 
16.289999999975375, -1.8521468116547655 
16.299999999975352, -1.846011682522692 
16.30999999997533, -1.840588133359791 
16.319999999975305, -1.8450096175267956 
16.329999999975282, -1.8596095832890178 
16.33999999997526, -1.8733980765242833 
16.349999999975235, -1.8817457860197682 
16.359999999975212, -1.8859405068837893 
16.36999999997519, -1.8878063944834556 
16.379999999975166, -1.8884405021957704 
16.389999999975142, -1.888397170827226 
16.39999999997512, -1.88795756605164 
16.409999999975096, -1.887300422849315 
16.419999999975072, -1.8865780089202069 
16.42999999997505, -1.885914890080869 
16.439999999975026, -1.8854125895970733 
16.449999999975002, -1.8851424706912638 
16.45999999997498, -1.8850423889483103 
16.469999999974956, -1.884910284468429 
16.479999999974932, -1.8845222617702777 
16.48999999997491, -1.8836239356164488 
16.499999999974886, -1.8817458038619228 
16.509999999974863, -1.8778715554878525 
16.51999999997484, -1.8701451000243847 
16.529999999974816, -1.857468866851453 
16.539999999974793, -1.846901704766124 
16.54999999997477, -1.85186770470401 
16.559999999974746, -1.866649784378799 
16.569999999974723, -1.8779680664343334 
16.5799999999747, -1.8837880135831884 
16.589999999974676, -1.8863256000106936 
16.599999999974653, -1.887239173995917 
16.60999999997463, -1.8873421231264937 
16.619999999974606, -1.887013695367275 
16.629999999974583, -1.8864815087721714 
16.63999999997456, -1.8859515368548094 
16.649999999974536, -1.8855785831673508 
16.659999999974513, -1.8853943622799854 
16.66999999997449, -1.8853554465772049 
16.679999999974466, -1.8853800770657962 
16.689999999974443, -1.885327039963683 
16.69999999997442, -1.885022553849041 
16.709999999974396, -1.8842537454619568 
16.719999999974373, -1.88264971393374 
16.72999999997435, -1.8794432256622877 
16.739999999974327, -1.8731218168698536 
16.749999999974303, -1.8614886327265932 
16.75999999997428, -1.8447785257245672 
16.769999999974257, -1.8325750113938732 
16.779999999974233, -1.8343446148877096 
16.78999999997421, -1.842258439580749 
16.799999999974187, -1.8479642720400435 
16.809999999974163, -1.8507484470394153 
16.81999999997414, -1.851828967323413 
16.829999999974117, -1.8520324656417013 
16.839999999974093, -1.8517627336709008 
16.84999999997407, -1.8512558843052194 
16.859999999974047, -1.850767205387804 
16.869999999974024, -1.850573621302108 
16.879999999974, -1.850757559261567 
16.889999999973977, -1.8511512145793598 
16.899999999973954, -1.8515495572032328 
16.90999999997393, -1.8518091470084173 
16.919999999973907, -1.8518153397036716 
16.929999999973884, -1.8514494875974052 
16.93999999997386, -1.8505430733255068 
16.949999999973837, -1.8488022264989 
16.959999999973814, -1.8457099114936377 
16.96999999997379, -1.8404522886812884 
16.979999999973767, -1.8321665145788433 
16.989999999973744, -1.821414792042459 
16.99999999997372, -1.812541414614555 
17.009999999973697, -1.810155243009055 
17.019999999973674, -1.8120886411920751 
17.02999999997365, -1.8142487978477182 
17.039999999973627, -1.8154156657965708 
17.049999999973604, -1.8157687649470264 
17.05999999997358, -1.8155898880594041 
17.069999999973557, -1.8150489598905317 
17.079999999973534, -1.8143368232240422 
17.08999999997351, -1.8138785751243307 
17.099999999973488, -1.8142404826532803 
17.109999999973464, -1.8154891003840046 
17.11999999997344, -1.817059963479959 
17.129999999973418, -1.8184223209465955 
17.139999999973394, -1.819364229093241 
17.14999999997337, -1.8198473612215604 
17.159999999973348, -1.8198715923060078 
17.169999999973324, -1.8194187931110815 
17.1799999999733, -1.8184291760172713 
17.189999999973278, -1.8167896627068274 
17.199999999973254, -1.8143399799376538 
17.20999999997323, -1.8109505124441063 
17.219999999973208, -1.806815703983337 
17.229999999973185, -1.8029462716847764 
17.23999999997316, -1.8008127147099284 
17.249999999973138, -1.8005863812342788 
17.259999999973115, -1.8010805708647752 
17.26999999997309, -1.8014158255869543 
17.279999999973068, -1.8013556773532429 
17.289999999973045, -1.8008695362424085 
17.29999999997302, -1.7999113658866766 
17.309999999972998, -1.7985134503945044 
17.319999999972975, -1.7973138600778227 
17.32999999997295, -1.798033542238399 
17.339999999972928, -1.8017682321198891 
17.349999999972905, -1.8069441359184821 
17.35999999997288, -1.8114589006649542 
17.36999999997286, -1.8145934900512248 
17.379999999972835, -1.816487634028616 
17.38999999997281, -1.817447987771916 
17.39999999997279, -1.8177203233093482 
17.409999999972765, -1.8174634228492326 
17.41999999997274, -1.8167692122360184 
17.42999999997272, -1.8156920349130015 
17.439999999972695, -1.8142859151255615 
17.449999999972672, -1.8126671316643104 
17.45999999997265, -1.811115948721606 
17.469999999972625, -1.8100537784152184 
17.479999999972602, -1.809660667029839 
17.48999999997258, -1.809640740861255 
17.499999999972555, -1.8095854532160214 
17.509999999972532, -1.8092436315925835 
17.51999999997251, -1.808418707010953 
17.529999999972485, -1.8067793138169492 
17.539999999972462, -1.80377876098964 
17.54999999997244, -1.7992773014040473 
17.559999999972415, -1.7962014387803589 
17.569999999972392, -1.8012029958438838 
17.57999999997237, -1.8140527702540676 
17.589999999972346, -1.8265091082650007 
17.599999999972322, -1.8345948664010248 
17.6099999999723, -1.8389746668659779 
17.619999999972276, -1.8410860993449205 
17.629999999972252, -1.84191417756103 
17.63999999997223, -1.8420038710427302 
17.649999999972206, -1.8416441193364161 
17.659999999972182, -1.8410092733196113 
17.66999999997216, -1.8402413476746182 
17.679999999972136, -1.8394701967276734 
17.689999999972112, -1.838815548592353 
17.69999999997209, -1.8383912465269774 
17.709999999972066, -1.8382146939441515 
17.719999999972043, -1.8381286706076687 
17.72999999997202, -1.8379054990612116 
17.739999999971996, -1.8373266759384244 
17.749999999971973, -1.8360851993246647 
17.75999999997195, -1.833550485405345 
17.769999999971926, -1.8284243588142524 
17.779999999971903, -1.8188015031144715 
17.78999999997188, -1.8054300892932027 
17.799999999971856, -1.7988633924647837 
17.809999999971833, -1.8082286010357342 
17.81999999997181, -1.8227621523739486 
17.829999999971786, -1.83250558835353 
17.839999999971763, -1.8373539023359182 
17.84999999997174, -1.8394433963215668 
17.859999999971716, -1.8401591115921172 
17.869999999971693, -1.8401721649305152 
17.87999999997167, -1.839806239290925 
17.889999999971646, -1.8392757263908242 
17.899999999971623, -1.8387886589287679 
17.9099999999716, -1.8384953435739626 
17.919999999971576, -1.838407865603725 
17.929999999971553, -1.8384551487778455 
17.93999999997153, -1.8385398194211124 
17.949999999971507, -1.8385287290228258 
17.959999999971483, -1.8382669604688757 
17.96999999997146, -1.8375682655950143 
17.979999999971437, -1.8361252666644776 
17.989999999971413, -1.8333417034651602 
17.99999999997139, -1.8280974915257726 
18.009999999971367, -1.8186896031932487 
18.019999999971343, -1.8042668254011942 
18.02999999997132, -1.7895578209845842 
18.039999999971297, -1.7842351223467876 
18.049999999971273, -1.7880154659777123 
18.05999999997125, -1.7929468454885842 
18.069999999971227, -1.7958872783313822 
18.079999999971204, -1.7971831889475696 
18.08999999997118, -1.797537987499433 
18.099999999971157, -1.797359834953521 
18.109999999971134, -1.796870906174045 
18.11999999997111, -1.7962989939610228 
18.129999999971087, -1.7959938963274855 
18.139999999971064, -1.796247639988446 
18.14999999997104, -1.796972393620753 
18.159999999971017, -1.7978247699578636 
18.169999999970994, -1.7985374330377624 
18.17999999997097, -1.7989783294745312 
18.189999999970947, -1.7990752214258054 
18.199999999970924, -1.7987608210050208 
18.2099999999709, -1.7979351450305014 
18.219999999970877, -1.7964324357728505 
18.229999999970854, -1.7939949764341123 
18.23999999997083, -1.790282115925352 
18.249999999970807, -1.7850444188966925 
18.259999999970784, -1.7787504980571582 
18.26999999997076, -1.773384575197078 
18.279999999970737, -1.7711284736732424 
18.289999999970714, -1.7714627422220421 
18.29999999997069, -1.7724037684369076 
18.309999999970668, -1.772967418108669 
18.319999999970644, -1.7730304482994104 
18.32999999997062, -1.7726557117253905 
18.339999999970598, -1.7718774698761899 
18.349999999970574, -1.7708044537595533 
18.35999999997055, -1.769991648477426 
18.369999999970528, -1.7706075007247146 
18.379999999970504, -1.773243175126017 
18.38999999997048, -1.776860262273512 
18.399999999970458, -1.7801170182072774 
18.409999999970434, -1.782477767560391 
18.41999999997041, -1.7839562974015781 
18.429999999970388, -1.7847086232307976 
18.439999999970365, -1.7848746881705477 
18.44999999997034, -1.7845465458334655 
18.459999999970318, -1.7837723688414904 
18.469999999970295, -1.782571950904878 
18.47999999997027, -1.780966403090425 
18.489999999970248, -1.7790445585704273 
18.499999999970225, -1.777090125315524 
18.5099999999702, -1.7756183517774045 
18.519999999970178, -1.7749786462360273 
18.529999999970155, -1.7749310928772626 
18.53999999997013, -1.7749786061553134 
18.549999999970108, -1.7748037023200336 
18.559999999970085, -1.774234873377024 
18.56999999997006, -1.7730536494518616 
18.57999999997004, -1.7708774689910018 
18.589999999970015, -1.7674049008716834 
18.59999999996999, -1.7639639142923838 
18.60999999996997, -1.7655356211007096 
18.619999999969945, -1.7752875037354936 
18.62999999996992, -1.7877824689748116 
18.6399999999699, -1.7973108103935835 
18.649999999969875, -1.8030222964273335 
18.659999999969852, -1.806038947110022 
18.66999999996983, -1.8074344660478037 
18.679999999969805, -1.8078807042654854 
18.689999999969782, -1.8077514717742602 
18.69999999996976, -1.807257527922846 
18.709999999969735, -1.8065452978359187 
18.719999999969712, -1.8057471942790049 
18.72999999996969, -1.8049868891629017 
18.739999999969665, -1.8043859211508106 
18.749999999969642, -1.8040415182822573 
18.75999999996962, -1.803915952068844 
18.769999999969595, -1.8038185601121104 
18.779999999969572, -1.8035299920688164 
18.78999999996955, -1.8028325169742438 
18.799999999969526, -1.8013807296504631 
18.809999999969502, -1.798453648308558 
18.81999999996948, -1.7926208941141906 
18.829999999969456, -1.7819770201949552 
18.839999999969432, -1.7678402377324154 
18.84999999996941, -1.761185253656644 
18.859999999969386, -1.7700305473442928 
18.869999999969362, -1.7837002767309162 
18.87999999996934, -1.7929361495913791 
18.889999999969316, -1.7975824693870597 
18.899999999969292, -1.7996031253252542 
18.90999999996927, -1.8003003662941413 
18.919999999969246, -1.8003141832710035 
18.929999999969223, -1.799956442252563 
18.9399999999692, -1.7994388409712125 
18.949999999969176, -1.7989798933530874 
18.959999999969153, -1.7987517024731123 
18.96999999996913, -1.7987676848699095 
18.979999999969106, -1.7989260794981046 
18.989999999969083, -1.7991086192145875 
18.99999999996906, -1.7991908391416715 
19.009999999969036, -1.7990392565676239 
19.019999999969013, -1.7985035267937668 
19.02999999996899, -1.7973602412605179 
19.039999999968966, -1.795211434629476 
19.049999999968943, -1.7913520657679984 
19.05999999996892, -1.784691992460732 
19.069999999968896, -1.7742120955533227 
19.079999999968873, -1.7611328152546561 
19.08999999996885, -1.7513884186915678 
19.099999999968826, -1.7497287392952934 
19.109999999968803, -1.752584288372793 
19.11999999996878, -1.7553192995351519 
19.129999999968756, -1.7568000293172203 
19.139999999968733, -1.7573329422194146 
19.14999999996871, -1.7572768034835593 
19.159999999968687, -1.756835370233027 
19.169999999968663, -1.7561744243487738 
19.17999999996864, -1.7556147783228222 
19.189999999968617, -1.755671265790476 
19.199999999968593, -1.7566089393185578 
19.20999999996857, -1.7580769471632984 
19.219999999968547, -1.7595282976694961 
19.229999999968523, -1.760653208535754 
19.2399999999685, -1.761356854168674 
19.249999999968477, -1.7616247290159066 
19.259999999968453, -1.7614502776423049 
19.26999999996843, -1.7608051304037033 
19.279999999968407, -1.759626262586518 
19.289999999968384, -1.7578141519791448 
19.29999999996836, -1.7552564370296526 
19.309999999968337, -1.751935700713315 
19.319999999968314, -1.7482150966083796 
19.32999999996829, -1.7451024511854674 
19.339999999968267, -1.7436099278063018 
19.349999999968244, -1.7435394842614127 
19.35999999996822, -1.7439102773743058 
19.369999999968197, -1.744098346177496 
19.379999999968174, -1.7439230570884903 
19.38999999996815, -1.7433205735726705 
19.399999999968127, -1.7421837372232656 
19.409999999968104, -1.74045518192125 
19.41999999996808, -1.7387233267351003 
19.429999999968057, -1.739099601744563 
19.439999999968034, -1.743652422817733 
19.44999999996801, -1.750877619168089 
19.459999999967987, -1.7575848050520264 
19.469999999967964, -1.7623636588148668 
19.47999999996794, -1.7653175959637628 
19.489999999967917, -1.7669339650406566 
19.499999999967894, -1.7676333508775026 
19.50999999996787, -1.767700468040911 
19.519999999967848, -1.7673131348410025 
19.529999999967824, -1.7665863308794099 
19.5399999999678, -1.7656142058955542 
19.549999999967778, -1.7645027820185208 
19.559999999967754, -1.7634027328043316 
19.56999999996773, -1.7625309232167996 
19.579999999967708, -1.7620599593753792 
19.589999999967684, -1.7619185278827967 
19.59999999996766, -1.7618409977639082 
19.609999999967638, -1.7615772382398927 
19.619999999967614, -1.7609191592921332 
19.62999999996759, -1.7595562250491799 
19.639999999967568, -1.7568546928012783 
19.649999999967545, -1.7516545906471641 
19.65999999996752, -1.7429105166185592 
19.669999999967498, -1.7336598318718426 
19.679999999967475, -1.7344008022972228 
19.68999999996745, -1.7482765642319549 
19.699999999967428, -1.7637018117522925 
19.709999999967405, -1.7736217684554574 
19.71999999996738, -1.7786953230591567 
19.729999999967358, -1.7809931331874573 
19.739999999967335, -1.7818584222747849 
19.74999999996731, -1.7819717424877415 
19.759999999967288, -1.7816686118744087 
19.769999999967265, -1.7811555631989648 
19.77999999996724, -1.7806218516091348 
19.78999999996722, -1.7802295612710506 
19.799999999967195, -1.780037655449537 
19.80999999996717, -1.7800115333170343 
19.81999999996715, -1.7800764651298 
19.829999999967125, -1.7801162040783811 
19.8399999999671, -1.7799841911790968 
19.84999999996708, -1.7795201444614999 
19.859999999967055, -1.7785029833500645 
19.869999999967032, -1.7765372617400579 
19.87999999996701, -1.7728842785382457 
19.889999999966985, -1.7662966111630642 
19.899999999966962, -1.7553060060140482 
19.90999999996694, -1.740404675546183 
19.919999999966915, -1.7278438738754516 
19.929999999966892, -1.7248343332110454 
19.93999999996687, -1.7284731204994497 
19.949999999966845, -1.732419137772044 
19.959999999966822, -1.7347112402720473 
19.9699999999668, -1.7356979427589987 
19.979999999966775, -1.7359093854010887 
19.989999999966752, -1.735652925116088 
19.99999999996673, -1.7351072985651481 
20.009999999966706, -1.7344964767449234 
20.019999999966682, -1.7342158853692513 
20.02999999996666, -1.7346404814644203 
20.039999999966636, -1.7357034133459597 
20.049999999966612, -1.7369705781875784 
20.05999999996659, -1.738075017755619 
20.069999999966566, -1.7388509581620144 
20.079999999966542, -1.7392431188190447 
20.08999999996652, -1.7392267762358014 
20.099999999966496, -1.7387688502891319 
20.109999999966472, -1.7378082480921766 
20.11999999996645, -1.7362467093656857 
20.129999999966426, -1.7339544472181576 
20.139999999966403, -1.7308233269072002 
20.14999999996638, -1.7269564723424125 
20.159999999966356, -1.7230327177062243 
20.169999999966333, -1.7203028344747782 
20.17999999996631, -1.7194170923923653 
20.189999999966286, -1.7196579662984584 
20.199999999966263, -1.720045920705985 
20.20999999996624, -1.7201464897708227 
20.219999999966216, -1.719861227081545 
20.229999999966193, -1.7191302556768775 
20.23999999996617, -1.7178459344507335 
20.249999999966146, -1.7160452753540816 
20.259999999966123, -1.7146357788436621 
20.2699999999661, -1.7159555492011005 
20.279999999966076, -1.7213967779494332 
20.289999999966053, -1.7287663062220258 
20.29999999996603, -1.735175695924785 
20.309999999966006, -1.7396299242197535 
20.319999999965983, -1.7423529123237695 
20.32999999996596, -1.7438218474743685 
20.339999999965936, -1.7444290392505608 
20.349999999965913, -1.7444391447818428 
20.35999999996589, -1.7440196299318593 
20.369999999965867, -1.743283122416989 
20.379999999965843, -1.742326979334877 
20.38999999996582, -1.7412614209194792 
20.399999999965797, -1.7402348476593157 
20.409999999965773, -1.739444325374598 
20.41999999996575, -1.7390283422917385 
20.429999999965727, -1.738901580002239 
20.439999999965703, -1.738814698356959 
20.44999999996568, -1.7385339368804253 
20.459999999965657, -1.7378537705891257 
20.469999999965633, -1.7364575790338086 
20.47999999996561, -1.7336972093310998 
20.489999999965587, -1.728348471082088 
20.499999999965564, -1.7190050300529294 
20.50999999996554, -1.7075079932043233 
20.519999999965517, -1.7038193566113378 
20.529999999965494, -1.714555230282663 
20.53999999996547, -1.7298494247282261 
20.549999999965447, -1.7405832942530135 
20.559999999965424, -1.7462608580837913 
20.5699999999654, -1.7488834407235654 
20.579999999965377, -1.749918959420722 
20.589999999965354, -1.750130768648121 
20.59999999996533, -1.7498905218346554 
20.609999999965307, -1.7494149260190057 
20.619999999965284, -1.7489023373468195 
20.62999999996526, -1.748546930472519 
20.639999999965237, -1.7484388192045899 
20.649999999965214, -1.7485278410085066 
20.65999999996519, -1.748708345308587 
20.669999999965167, -1.7488647986138441 
20.679999999965144, -1.7488707280788922 
20.68999999996512, -1.7485944214409013 
20.699999999965097, -1.7478770737968392 
20.709999999965074, -1.7464687979010733 
20.71999999996505, -1.7439383178118342 
20.729999999965028, -1.7395798899203387 
20.739999999965004, -1.7324419625036716 
20.74999999996498, -1.7219699153809522 
20.759999999964958, -1.7100059853661331 
20.769999999964934, -1.7018733550929674 
20.77999999996491, -1.700604370136869 
20.789999999964888, -1.7028563033803823 
20.799999999964864, -1.7050320978858235 
20.80999999996484, -1.7062218843552508 
20.819999999964818, -1.706622577984137 
20.829999999964794, -1.7064978357575284 
20.83999999996477, -1.7059990764817314 
20.849999999964748, -1.7052610186990762 
20.859999999964725, -1.7046064320999263 
20.8699999999647, -1.704654056884769 
20.879999999964678, -1.705856768013086 
20.889999999964655, -1.7078874845959462 
20.89999999996463, -1.7100075945876725 
20.909999999964608, -1.7117385615517748 
20.919999999964585, -1.712937380756404 
20.92999999996456, -1.7136122576520947 
20.939999999964538, -1.7138042997467249 
20.949999999964515, -1.7135441098904902 
20.95999999996449, -1.7128398289969458 
20.969999999964468, -1.7116778796439167 
20.979999999964445, -1.7100355122451911 
20.98999999996442, -1.7079198919560814 
20.9999999999644, -1.7054685346366143 
21.009999999964375, -1.703103122986726 
21.01999999996435, -1.7014662096371342 
21.02999999996433, -1.700853415781885 
21.039999999964305, -1.700879426751337 
21.04999999996428, -1.700987905947241 
21.05999999996426, -1.7008691819721455 
21.069999999964235, -1.700377881664521 
21.079999999964212, -1.699341271848415 
21.08999999996419, -1.6974494583735218 
21.099999999964165, -1.6943905583165062 
21.109999999964142, -1.6908809465141563 
21.11999999996412, -1.6906624971057798 
21.129999999964095, -1.6981301590008542 
21.139999999964072, -1.7106831758910033 
21.14999999996405, -1.7219844752873037 
21.159999999964025, -1.72950227027339 
21.169999999964002, -1.7337938291126822 
21.17999999996398, -1.7359919855412609 
21.189999999963955, -1.736938887732072 
21.199999999963932, -1.737139894545523 
21.20999999996391, -1.7368805454804157 
21.219999999963886, -1.736336648409456 
21.229999999963862, -1.7356504116035623 
21.23999999996384, -1.7349555542254769 
21.249999999963816, -1.7343609743826711 
21.259999999963792, -1.7339460102476045 
21.26999999996377, -1.7337435101749512 
21.279999999963746, -1.7336794464255874 
21.289999999963722, -1.7335849062133644 
21.2999999999637, -1.733275342775774 
21.309999999963676, -1.7325507634612436 
21.319999999963652, -1.7310876981262784 
21.32999999996363, -1.728244702339652 
21.339999999963606, -1.722785808295202 
21.349999999963583, -1.7127970905707504 
21.35999999996356, -1.6972628064846043 
21.369999999963536, -1.6812388437810744 
21.379999999963513, -1.6757634331781108 
21.38999999996349, -1.6817028067243858 
21.399999999963466, -1.689584077287991 
21.409999999963443, -1.6946662783644648 
21.41999999996342, -1.6971884466888407 
21.429999999963396, -1.6982193304967776 
21.439999999963373, -1.6984457420540988 
21.44999999996335, -1.6982136424277332 
21.459999999963326, -1.697721956126231 
21.469999999963303, -1.6971881295140847 
21.47999999996328, -1.696921231688309 
21.489999999963256, -1.6971620663969567 
21.499999999963233, -1.6978442605363362 
21.50999999996321, -1.6986845270934237 
21.519999999963186, -1.699436280235481 
21.529999999963163, -1.6999601676362843 
21.53999999996314, -1.7001785727337964 
21.549999999963116, -1.700033217776305 
21.559999999963093, -1.6994565410396263 
21.56999999996307, -1.6983505804307293 
21.579999999963047, -1.6965743234827069 
21.589999999963023, -1.6939469365147974 
21.599999999963, -1.6903027509813142 
21.609999999962977, -1.6856979833174024 
21.619999999962953, -1.6808404594427544 
21.62999999996293, -1.6772113297875937 
21.639999999962907, -1.6758180482558018 
21.649999999962883, -1.6760034427903339 
21.65999999996286, -1.6765456234024032 
21.669999999962837, -1.6768316198895405 
21.679999999962813, -1.6767303337937212 
21.68999999996279, -1.6762183568061038 
21.699999999962767, -1.6752302108437642 
21.709999999962744, -1.6737227560539794 
21.71999999996272, -1.6720991916715697 
21.729999999962697, -1.6719479504427877 
21.739999999962674, -1.6753388508866098 
21.74999999996265, -1.6818591104209635 
21.759999999962627, -1.688774670057401 
21.769999999962604, -1.6942074885100333 
21.77999999996258, -1.6978409850589258 
21.789999999962557, -1.7000141641630484 
21.799999999962534, -1.7011372297151546 
21.80999999996251, -1.7015272299537738 
21.819999999962487, -1.7013988086316747 
21.829999999962464, -1.7008931384494541 
21.83999999996244, -1.7001148218224027 
21.849999999962417, -1.699164501763813 
21.859999999962394, -1.6981581174848828 
21.86999999996237, -1.6972419329568589 
21.879999999962347, -1.6965837385811013 
21.889999999962324, -1.6962642165715434 
21.8999999999623, -1.6961667683593764 
21.909999999962277, -1.6960616694801043 
21.919999999962254, -1.6957403486017129 
21.92999999996223, -1.6950006180028605 
21.939999999962208, -1.6935124754709072 
21.949999999962184, -1.6906049786009187 
21.95999999996216, -1.6849981595979386 
21.969999999962138, -1.6749577350629803 
21.979999999962114, -1.660864715523641 
21.98999999996209, -1.650697087752643 
21.999999999962068, -1.6543745374938645 
22.009999999962044, -1.66694545380679 
22.01999999996202, -1.6778134719692273 
22.029999999961998, -1.6840970522130139 
22.039999999961974, -1.6871420322742696 
22.04999999996195, -1.6884232528387795 
22.059999999961928, -1.6887831128978334 
22.069999999961905, -1.6886364448699733 
22.07999999996188, -1.6882078031686778 
22.089999999961858, -1.6876946331326306 
22.099999999961835, -1.687337248300416 
22.10999999996181, -1.6873247793951076 
22.119999999961788, -1.6876438188200695 
22.129999999961765, -1.68812420217272 
22.13999999996174, -1.6885917047737375 
22.149999999961718, -1.6889175678786579 
22.159999999961695, -1.6890020321511456 
22.16999999996167, -1.688754757297706 
22.179999999961648, -1.6880691105180046 
22.189999999961625, -1.6867919167753573 
22.1999999999616, -1.6846984753962755 
22.20999999996158, -1.6814862479714794 
22.219999999961555, -1.6768379364494301 
22.22999999996153, -1.6707056556531927 
22.23999999996151, -1.6639722842450269 
22.249999999961485, -1.6587846851527732 
22.25999999996146, -1.6567846762002005 
22.26999999996144, -1.657118496214758 
22.279999999961415, -1.6580035215577236 
22.289999999961392, -1.658568924364109 
22.29999999996137, -1.658675349757497 
22.309999999961345, -1.6583619943320222 
22.319999999961322, -1.657636319868874 
22.3299999999613, -1.6564999896287653 
22.339999999961275, -1.6552152309429258 
22.349999999961252, -1.6547983736002707 
22.35999999996123, -1.656778038099907 
22.369999999961205, -1.6613268001579435 
22.379999999961182, -1.666724157464482 
22.38999999996116, -1.6713552898168906 
22.399999999961135, -1.6746882931470395 
22.409999999961112, -1.6768238106749909 
22.41999999996109, -1.6780203703085366 
22.429999999961066, -1.678513218658809 
22.439999999961042, -1.6784771965357783 
22.44999999996102, -1.6780336715197819 
22.459999999960996, -1.677271211996342 
22.469999999960972, -1.676271540878033 
22.47999999996095, -1.675133795507742 
22.489999999960926, -1.6739987527923117 
22.499999999960902, -1.6730634641923352 
22.50999999996088, -1.672502855154752 
22.519999999960856, -1.6723000269658317 
22.529999999960832, -1.6722369971897675 
22.53999999996081, -1.6720698468419855 
22.549999999960786, -1.6716056952807405 
22.559999999960763, -1.6706175779822758 
22.56999999996074, -1.6686785912145108 
22.579999999960716, -1.6649310119141334 
22.589999999960693, -1.6579243720255512 
22.59999999996067, -1.6465229863493558 
22.609999999960646, -1.6340657506359264 
22.619999999960623, -1.6310146508145498 
22.6299999999606, -1.6413366188804375 
22.639999999960576, -1.65505064571582 
22.649999999960553, -1.6646001443788723 
22.65999999996053, -1.6697070496573414 
22.669999999960506, -1.672095841795694 
22.679999999960483, -1.6730449353671895 
22.68999999996046, -1.673231429394366 
22.699999999960436, -1.6729898451695455 
22.709999999960413, -1.6725207934774673 
22.71999999996039, -1.6720262853646641 
22.729999999960366, -1.6717384297944513 
22.739999999960343, -1.6717968879820255 
22.74999999996032, -1.6721420913687552 
22.759999999960296, -1.6726043694979829 
22.769999999960273, -1.6730279962365298 
22.77999999996025, -1.6732941138710575 
22.789999999960227, -1.6733057479564024 
22.799999999960203, -1.6729704677846986 
22.80999999996018, -1.672174211445863 
22.819999999960157, -1.6707526370365269 
22.829999999960133, -1.6684702205364872 
22.83999999996011, -1.6650231802241895 
22.849999999960087, -1.660126679614038 
22.859999999960063, -1.653844912545538 
22.86999999996004, -1.6472488868345287 
22.879999999960017, -1.6425039611194374 
22.889999999959993, -1.6409001555543135 
22.89999999995997, -1.6413487132638234 
22.909999999959947, -1.642188980097932 
22.919999999959924, -1.6426869150534948 
22.9299999999599, -1.6427396845101867 
22.939999999959877, -1.6423804527100052 
22.949999999959854, -1.641603756808792 
22.95999999995983, -1.6404039605578227 
22.969999999959807, -1.639060092342784 
22.979999999959784, -1.6386588296583657 
22.98999999995976, -1.6408311344311 
22.999999999959737, -1.645761256216161 
23.009999999959714, -1.6516056190188295 
23.01999999995969, -1.6566223951743673 
23.029999999959667, -1.6602341055493297 
23.039999999959644, -1.6625528635351483 
23.04999999995962, -1.6638658838251217 
23.059999999959597, -1.6644356390740564 
23.069999999959574, -1.6644578703856587 
23.07999999995955, -1.6640687892203094 
23.089999999959527, -1.6633674569484014 
23.099999999959504, -1.6624430443208982 
23.10999999995948, -1.661397179153577 
23.119999999959457, -1.6603600335730815 
23.129999999959434, -1.6595002402116592 
23.13999999995941, -1.6589692375933691 
23.149999999959388, -1.658762781464953 
23.159999999959364, -1.6586942809773089 
23.16999999995934, -1.6585360225857126 
23.179999999959318, -1.6580986150463333 
23.189999999959294, -1.6571637512870303 
23.19999999995927, -1.6553329668659156 
23.209999999959248, -1.6518049256580838 
23.219999999959224, -1.6451448896194538 
23.2299999999592, -1.6337215463853938 
23.239999999959178, -1.6188598640300405 
23.249999999959154, -1.6094147760616895 
23.25999999995913, -1.6135642886472925 
23.269999999959108, -1.6251975713617157 
23.279999999959085, -1.6349649356112992 
23.28999999995906, -1.6406138175986542 
23.299999999959038, -1.643370235820657 
23.309999999959015, -1.6445301585451482 
23.31999999995899, -1.6448398978845618 
23.329999999958968, -1.6446712593572328 
23.339999999958945, -1.644229804555668 
23.34999999995892, -1.6437083762415772 
23.359999999958898, -1.6433644586453475 
23.369999999958875, -1.6434279905971896 
23.37999999995885, -1.6439085718109119 
23.389999999958828, -1.6446053860231118 
23.399999999958805, -1.6452962472587753 
23.40999999995878, -1.6458308999822537 
23.41999999995876, -1.6461153667776305 
23.429999999958735, -1.6460817905124188 
23.43999999995871, -1.6456644315066105 
23.44999999995869, -1.6447798009185342 
23.459999999958665, -1.6433139786983624 
23.46999999995864, -1.6411209741494097 
23.47999999995862, -1.6380469782047846 
23.489999999958595, -1.6340310373105331 
23.499999999958572, -1.6293671647957422 
23.50999999995855, -1.6250259521864603 
23.519999999958525, -1.6223120688726642 
23.529999999958502, -1.621568167289721 
23.53999999995848, -1.6218840946814939 
23.549999999958455, -1.6223113466361618 
23.559999999958432, -1.6224555349031884 
23.56999999995841, -1.6222301404312354 
23.579999999958385, -1.6215849398676547 
23.589999999958362, -1.6204063784332696 
23.59999999995834, -1.6185947474347901 
23.609999999958315, -1.616538809335502 
23.619999999958292, -1.6160604092315993 
23.62999999995827, -1.619915151542638 
23.639999999958246, -1.6281206394611396 
23.649999999958222, -1.637277587653039 
23.6599999999582, -1.6446292571050587 
23.669999999958176, -1.6495676778441388 
23.679999999958152, -1.652533189175409 
23.68999999995813, -1.6541209295992079 
23.699999999958106, -1.654796940869693 
23.709999999958082, -1.6548724648183923 
23.71999999995806, -1.6545455259474355 
23.729999999958036, -1.6539534829184546 
23.739999999958012, -1.6532171830124391 
23.74999999995799, -1.6524575439851603 
23.759999999957966, -1.6517854155193503 
23.769999999957943, -1.6512936209943434 
23.77999999995792, -1.651031849224331 
23.789999999957896, -1.6509465740231686 
23.799999999957873, -1.6508838296324142 
23.80999999995785, -1.6506672276133614 
23.819999999957826, -1.6501236738288756 
23.829999999957803, -1.6490152141609211 
23.83999999995778, -1.6469067734815703 
23.849999999957756, -1.6429759698178177 
23.859999999957733, -1.6358317420525244 
23.86999999995771, -1.6238314079562233 
23.879999999957686, -1.6072948236560833 
23.889999999957663, -1.5923757987791323 
23.89999999995764, -1.5874744846180389 
23.909999999957616, -1.5915013400052536 
23.919999999957593, -1.5972078400631295 
23.92999999995757, -1.6010822252973749 
23.939999999957546, -1.603091243457372 
23.949999999957523, -1.603924587393874 
23.9599999999575, -1.6040751652292577 
23.969999999957476, -1.6038027550482217 
23.979999999957453, -1.6032588389507167 
23.98999999995743, -1.6026341085304234 
23.999999999957407, -1.6022853353597486 
24.009999999957383, -1.6026413681861538 
24.01999999995736, -1.6038111671901223 
24.029999999957337, -1.6054387316108927 
24.039999999957313, -1.6070604936401374 
24.04999999995729, -1.6083948416568656 
24.059999999957267, -1.6093359293781186 
24.069999999957243, -1.6098628972015945 
24.07999999995722, -1.6099818175287026 
24.089999999957197, -1.6096999763672053 
24.099999999957173, -1.6090166373575354 
24.10999999995715, -1.6079228880169283 
24.119999999957127, -1.6064104648690407 
24.129999999957104, -1.6044967948334126 
24.13999999995708, -1.6022821577875355 
24.149999999957057, -1.6000415008039344 
24.159999999957034, -1.5982399917919667 
24.16999999995701, -1.5972551512589879 
24.179999999956987, -1.597003271693289 
24.189999999956964, -1.5970574588745459 
24.19999999995694, -1.5970484229735091 
24.209999999956917, -1.5967786024484383 
24.219999999956894, -1.596101001128305 
24.22999999995687, -1.594772014854646 
24.239999999956847, -1.5923250394080048 
24.249999999956824, -1.588073502396833 
24.2599999999568, -1.5818719725972739 
24.269999999956777, -1.576674680829032 
24.279999999956754, -1.5795860372734885 
24.28999999995673, -1.593041416555995 
24.299999999956707, -1.6093504240743468 
24.309999999956684, -1.6215713651811594 
24.31999999995666, -1.6287768317265516 
24.329999999956637, -1.632521145205887 
24.339999999956614, -1.634273261428873 
24.34999999995659, -1.6349309135453236 
24.359999999956568, -1.6349739405648755 
24.369999999956544, -1.634660012861195 
24.37999999995652, -1.634164992130032 
24.389999999956498, -1.6336644190703205 
24.399999999956474, -1.6333263984066064 
24.40999999995645, -1.6332301062160817 
24.419999999956428, -1.6333371024002852 
24.429999999956404, -1.6335516111670945 
24.43999999995638, -1.6337631105563553 
24.449999999956358, -1.6338550391203608 
24.459999999956334, -1.6337135291409202 
24.46999999995631, -1.6332194726251719 
24.479999999956288, -1.6322161718613664 
24.489999999956265, -1.6304693077578443 
24.49999999995624, -1.6276356309320268 
24.509999999956218, -1.6232687836718511 
24.519999999956195, -1.6169572040726876 
24.52999999995617, -1.608815617629809 
24.539999999956148, -1.6003770549153509 
24.549999999956125, -1.594524541552651 
24.5599999999561, -1.5927399506922009 
24.569999999956078, -1.5934653249388036 
24.579999999956055, -1.5946209941401461 
24.58999999995603, -1.5953504455013756 
24.599999999956008, -1.5955684868382218 
24.609999999955985, -1.595354660183838 
24.61999999995596, -1.5947468834691492 
24.62999999995594, -1.5937508406054055 
24.639999999955915, -1.5925219808659457 
24.64999999995589, -1.5917657894767232 
24.65999999995587, -1.592854757197732 
24.669999999955845, -1.5965888234920904 
24.67999999995582, -1.6019303594584593 
24.6899999999558, -1.607135285078554 
24.699999999955775, -1.6112396372542315 
24.709999999955752, -1.614090241467941 
24.71999999995573, -1.6158704730192774 
24.729999999955705, -1.616821156276148 
24.739999999955682, -1.6171483622489884 
24.74999999995566, -1.6170070274566264 
24.759999999955635, -1.6165101507391282 
24.769999999955612, -1.6157490904587715 
24.77999999995559, -1.6148162895992297 
24.789999999955565, -1.6138197803169039 
24.799999999955542, -1.6128900779546478 
24.80999999995552, -1.612174816074291 
24.819999999955495, -1.6117722884664591 
24.829999999955472, -1.6116299355949935 
24.83999999995545, -1.6115627813181426 
24.849999999955426, -1.6113711875152092 
24.859999999955402, -1.610880702285493 
24.86999999995538, -1.6098702696321863 
24.879999999955356, -1.6079357978194015 
24.889999999955332, -1.604292113007093 
24.89999999995531, -1.5975609250541414 
24.909999999955286, -1.5860156998162742 
24.919999999955262, -1.5697574929847238 
24.92999999995524, -1.5549299262139122 
24.939999999955216, -1.5507350720232642 
24.949999999955192, -1.5566296291097497 
24.95999999995517, -1.5644520710808965 
24.969999999955146, -1.5698455949585084 
24.979999999955123, -1.5727369653370364 
24.9899999999551, -1.574053549642825 
24.999999999955076, -1.5744828514894036 
