t, s[1].omega / s[0].omega 
0, -1.5099966483731602 
0.009999999999999995, -1.5093950398251224 
0.019999999999999934, -1.5085931633513048 
0.029999999999999874, -1.5081919317833068 
0.04000000000000012, -1.4992383522703605 
0.050000000000000405, -1.5090624373781114 
0.06000000000000069, -1.5100258321988276 
0.07000000000000098, -1.5097890912951928 
0.08000000000000126, -1.5099202631193966 
0.09000000000000155, -1.5095794010354906 
0.10000000000000184, -1.5086866373035839 
0.11000000000000212, -1.5081738888810456 
0.12000000000000241, -1.5070046266540351 
0.130000000000002, -1.5034325634941588 
0.1400000000000009, -1.5151634376697733 
0.1499999999999998, -1.5149719792126548 
0.1599999999999987, -1.5149605588941546 
0.1699999999999976, -1.5148493257035203 
0.1799999999999965, -1.5141991159725374 
0.1899999999999954, -1.5131785353226268 
0.1999999999999943, -1.5128314358901112 
0.2099999999999932, -1.507391189653925 
0.2199999999999921, -1.524856267814854 
0.229999999999991, -1.5262544628710202 
0.2399999999999899, -1.5259623470703982 
0.2499999999999888, -1.525938820706905 
0.2599999999999877, -1.5255060077465648 
0.2699999999999866, -1.5242775855484256 
0.2799999999999855, -1.5236283757782199 
0.2899999999999844, -1.522665491900495 
0.2999999999999833, -1.530969220439638 
0.3099999999999822, -1.5390248350552085 
0.3199999999999811, -1.5388231604886207 
0.32999999999998, -1.5386378456312082 
0.3399999999999789, -1.538345818754433 
0.3499999999999778, -1.5371911593656906 
0.35999999999997667, -1.5353894075073033 
0.36999999999997557, -1.5351074612562357 
0.37999999999997447, -1.535003346840567 
0.38999999999997337, -1.5443682149689686 
0.39999999999997227, -1.5447425727363346 
0.40999999999997117, -1.5443885809049713 
0.41999999999997006, -1.544131851946315 
0.42999999999996896, -1.5431778933461724 
0.43999999999996786, -1.5392350488423656 
0.44999999999996676, -1.5388242774851664 
0.45999999999996566, -1.5381339625810246 
0.46999999999996456, -1.5419677642557088 
0.47999999999996346, -1.5429796744109014 
0.48999999999996235, -1.5426185696318446 
0.49999999999996125, -1.5422696329994003 
0.5099999999999602, -1.5416844560544813 
0.519999999999959, -1.5363534746951415 
0.529999999999958, -1.5324381187658416 
0.5399999999999568, -1.5322311878312789 
0.5499999999999557, -1.532969010916305 
0.5599999999999546, -1.5342065932453361 
0.5699999999999535, -1.5339986872557096 
0.5799999999999524, -1.5335003995321221 
0.5899999999999513, -1.533141738284174 
0.5999999999999502, -1.5302131391630374 
0.6099999999999491, -1.5167192802559895 
0.619999999999948, -1.5177994847045662 
0.6299999999999469, -1.517466777475282 
0.6399999999999458, -1.5185235014834744 
0.6499999999999447, -1.5185859460580085 
0.6599999999999436, -1.5180817095921881 
0.6699999999999425, -1.5176392372497205 
0.6799999999999414, -1.5168702173335984 
0.6899999999999403, -1.5015490037344723 
0.6999999999999392, -1.4992403105468597 
0.7099999999999381, -1.4991341075745832 
0.719999999999937, -1.4994245371754396 
0.7299999999999359, -1.4999587405792634 
0.7399999999999348, -1.4996811004730701 
0.7499999999999337, -1.4990965551713675 
0.7599999999999326, -1.498748426912028 
0.7699999999999315, -1.4961654615628752 
0.7799999999999304, -1.4781743021864386 
0.7899999999999293, -1.480286427936412 
0.7999999999999282, -1.4799186228609047 
0.8099999999999271, -1.4808542341408115 
0.819999999999926, -1.481122649067004 
0.8299999999999249, -1.4807211138477332 
0.8399999999999238, -1.480248336285335 
0.8499999999999227, -1.4798117992937119 
0.8599999999999216, -1.4743811939540676 
0.8699999999999205, -1.464142433532545 
0.8799999999999194, -1.4645542386879096 
0.8899999999999183, -1.4643838761836607 
0.8999999999999172, -1.466193108316825 
0.9099999999999161, -1.466403536657579 
0.919999999999915, -1.4659946272116215 
0.9299999999999139, -1.4656618456288641 
0.9399999999999128, -1.4650361355956423 
0.9499999999999117, -1.4600861174542712 
0.9599999999999106, -1.4563907655009816 
0.9699999999999095, -1.4562175681469616 
0.9799999999999084, -1.4570221468533697 
0.9899999999999073, -1.460606088037089 
0.9999999999999062, -1.4607905838475839 
1.0099999999999052, -1.4604339089634477 
1.019999999999904, -1.4601948391093769 
1.029999999999903, -1.459476185633085 
1.039999999999902, -1.4564952222165157 
1.0499999999999008, -1.4553208491103038 
1.0599999999998997, -1.4547976465477748 
1.0699999999998986, -1.4589702295661398 
1.0799999999998975, -1.4655655219138468 
1.0899999999998964, -1.465598626040056 
1.0999999999998953, -1.4653393610352472 
1.1099999999998942, -1.4651591737310188 
1.119999999999893, -1.4644539633557163 
1.129999999999892, -1.4626598400292288 
1.1399999999998909, -1.4622076408810567 
1.1499999999998898, -1.4609545254914946 
1.1599999999998887, -1.4722225005269045 
1.1699999999998876, -1.479175151537726 
1.1799999999998865, -1.4789755561567515 
1.1899999999998854, -1.4788777752351137 
1.1999999999998843, -1.4787023809112327 
1.2099999999998832, -1.4779782519135665 
1.219999999999882, -1.4767771942385313 
1.229999999999881, -1.4764673978013407 
1.2399999999998799, -1.4724709687873054 
1.2499999999998788, -1.4883999516464557 
1.2599999999998777, -1.4910029366587838 
1.2699999999998766, -1.4907020697226745 
1.2799999999998755, -1.490765203312093 
1.2899999999998744, -1.490502877589627 
1.2999999999998733, -1.4896682640762264 
1.3099999999998722, -1.4888986987866004 
1.319999999999871, -1.4883624535708662 
1.32999999999987, -1.4788210402340374 
1.3399999999998689, -1.49731629255251 
1.3499999999998678, -1.497630768358369 
1.3599999999998666, -1.4974668009634562 
1.3699999999998655, -1.497518886417291 
1.3799999999998644, -1.4970949540062803 
1.3899999999998633, -1.4961326891494584 
1.3999999999998622, -1.4957077437115351 
1.4099999999998611, -1.4939905625211465 
1.41999999999986, -1.4934696667752703 
1.429999999999859, -1.501785397319763 
1.4399999999998578, -1.5015295589274877 
1.4499999999998567, -1.5015983640814665 
1.4599999999998556, -1.5014876069767773 
1.4699999999998545, -1.5008523888520748 
1.4799999999998534, -1.4999691793437169 
1.4899999999998523, -1.499596459561952 
1.4999999999998512, -1.4920918982517255 
1.5099999999998501, -1.5043491426110522 
1.519999999999849, -1.5055974381050987 
1.529999999999848, -1.5053353571222086 
1.5399999999998468, -1.505450059616767 
1.5499999999998457, -1.5051241383403722 
1.5599999999998446, -1.504231852559909 
1.5699999999998435, -1.5036659903262224 
1.5799999999998424, -1.5027088774199833 
1.5899999999998413, -1.497531571216421 
1.5999999999998402, -1.511554957374941 
1.6099999999998391, -1.5114325714121124 
1.619999999999838, -1.511386324432337 
1.629999999999837, -1.5113089530360464 
1.6399999999998358, -1.5107083227452582 
1.6499999999998347, -1.509663908671094 
1.6599999999998336, -1.5093263626628186 
1.6699999999998325, -1.5049141502183092 
1.6799999999998314, -1.5198934978585852 
1.6899999999998303, -1.5220528445597001 
1.6999999999998292, -1.5217471948587402 
1.709999999999828, -1.5217517404221361 
1.719999999999827, -1.5213865309380363 
1.729999999999826, -1.5202985314892559 
1.7399999999998248, -1.5195502524716207 
1.7499999999998237, -1.5188041885882921 
1.7599999999998226, -1.5230708877259986 
1.7699999999998215, -1.5352299977934363 
1.7799999999998204, -1.5351349575208533 
1.7899999999998193, -1.5349432069254614 
1.7999999999998182, -1.5347168737454628 
1.809999999999817, -1.5337958325632794 
1.819999999999816, -1.532039641734445 
1.8299999999998149, -1.5317672568514584 
1.8399999999998138, -1.5303303206777694 
1.8499999999998127, -1.5422853057455879 
1.8599999999998116, -1.5431348898168742 
1.8699999999998105, -1.542786939569054 
1.8799999999998094, -1.5425632166608247 
1.8899999999998083, -1.5418442437811832 
1.8999999999998072, -1.5387960004091048 
1.909999999999806, -1.537960130797308 
1.919999999999805, -1.5372865262439133 
1.9299999999998039, -1.541373513185656 
1.9399999999998028, -1.543205378526763 
1.9499999999998017, -1.542908801781199 
1.9599999999998006, -1.5425640085305536 
1.9699999999997995, -1.5421031049053067 
1.9799999999997984, -1.5386865499224944 
1.9899999999997973, -1.5341517900818988 
1.9999999999997962, -1.5340563035742107 
2.0099999999998173, -1.5345158138318575 
2.0199999999998384, -1.5364054089214578 
2.0299999999998595, -1.5363260132152021 
2.0399999999998806, -1.5358501498570991 
2.0499999999999017, -1.5355077454135202 
2.059999999999923, -1.5335915755335137 
2.069999999999944, -1.5208501891220711 
2.079999999999965, -1.5217994325266033 
2.089999999999986, -1.5213953118667918 
2.100000000000007, -1.5225877737788593 
2.1100000000000283, -1.5228058169093186 
2.1200000000000494, -1.5223505000449666 
2.1300000000000705, -1.521890425042366 
2.1400000000000916, -1.5212774366664203 
2.1500000000001127, -1.5097453272281585 
2.160000000000134, -1.5039637290785444 
2.170000000000155, -1.503989047686263 
2.180000000000176, -1.504161744732559 
2.190000000000197, -1.5048271098028017 
2.2000000000002182, -1.504601560149899 
2.2100000000002393, -1.5040229111480803 
2.2200000000002604, -1.5036686675703523 
2.2300000000002815, -1.5016294916984871 
2.2400000000003026, -1.4829511823491193 
2.2500000000003237, -1.4852804061740177 
2.260000000000345, -1.4849217288363243 
2.270000000000366, -1.4857516212081379 
2.280000000000387, -1.486055704910253 
2.290000000000408, -1.4856669750199727 
2.3000000000004293, -1.4851679604132848 
2.3100000000004504, -1.4847585927214466 
2.3200000000004715, -1.479637783705482 
2.3300000000004926, -1.467932991426227 
2.3400000000005137, -1.468529271946554 
2.3500000000005348, -1.4682943645289772 
2.360000000000556, -1.4698743765825208 
2.370000000000577, -1.4700714077327353 
2.380000000000598, -1.4696532729544443 
2.390000000000619, -1.4692971815481306 
2.4000000000006403, -1.4686875090067282 
2.4100000000006614, -1.4631172087010482 
2.4200000000006825, -1.4586119427798654 
2.4300000000007036, -1.4584999351064227 
2.4400000000007247, -1.4590678669004964 
2.450000000000746, -1.4620249812394956 
2.460000000000767, -1.4621848420363042 
2.470000000000788, -1.4618110043639594 
2.480000000000809, -1.4615530888236083 
2.49000000000083, -1.460804445672242 
2.5000000000008513, -1.4572646159953138 
2.5100000000008724, -1.4558743542875585 
2.5200000000008935, -1.4554100609916074 
2.5300000000009146, -1.4587660939722658 
2.5400000000009357, -1.464167074957496 
2.550000000000957, -1.4642026222028002 
2.560000000000978, -1.463918793399834 
2.570000000000999, -1.4637189903496926 
2.58000000000102, -1.462968117270672 
2.5900000000010412, -1.4608982741116556 
2.6000000000010624, -1.4604043580652102 
2.6100000000010835, -1.4593253820170777 
2.6200000000011046, -1.469593662146491 
2.6300000000011257, -1.4761069822508188 
2.6400000000011468, -1.475928551638304 
2.650000000001168, -1.4757923119692427 
2.660000000001189, -1.4756044956047296 
2.67000000000121, -1.4748517704459327 
2.680000000001231, -1.4735191666285279 
2.6900000000012523, -1.4732177892146778 
2.7000000000012734, -1.469957112607664 
2.7100000000012945, -1.4864814864277693 
2.7200000000013156, -1.4894848445402835 
2.7300000000013367, -1.4891841208155487 
2.740000000001358, -1.4892108343057706 
2.750000000001379, -1.488949944402005 
2.7600000000014, -1.4881000913923716 
2.770000000001421, -1.4872488203649739 
2.780000000001442, -1.4867736402989893 
2.7900000000014633, -1.4786312703338291 
2.8000000000014844, -1.4981679147421072 
2.8100000000015055, -1.498630480901158 
2.8200000000015266, -1.4984297746144501 
2.8300000000015477, -1.4984664975304518 
2.840000000001569, -1.498044577400387 
2.85000000000159, -1.4970399096855078 
2.860000000001611, -1.4965767963911976 
2.870000000001632, -1.4951278249773152 
2.8800000000016532, -1.4966341406054473 
2.8900000000016743, -1.5061771166403324 
2.9000000000016954, -1.5059475429913756 
2.9100000000017165, -1.5059575008339068 
2.9200000000017377, -1.5058281313431787 
2.9300000000017588, -1.5051621823520454 
2.94000000000178, -1.5041818255960782 
2.950000000001801, -1.5038272884330066 
2.960000000001822, -1.4976355716950722 
2.970000000001843, -1.5141967533284995 
2.9800000000018643, -1.5155265307459334 
2.9900000000018854, -1.5152465027810464 
3.0000000000019065, -1.5152726744100453 
3.0100000000019276, -1.5148852729346483 
3.0200000000019487, -1.5138186260838666 
3.03000000000197, -1.513201183109237 
3.040000000001991, -1.5122447749219206 
3.050000000002012, -1.5171349832927947 
3.060000000002033, -1.528459982564928 
3.070000000002054, -1.528297846669988 
3.0800000000020753, -1.5281652363732179 
3.0900000000020964, -1.5279545935149625 
3.1000000000021175, -1.5270985303798439 
3.1100000000021386, -1.5256675372353574 
3.1200000000021597, -1.5253606881607396 
3.130000000002181, -1.5231016493863165 
3.140000000002202, -1.5387328618107559 
3.150000000002223, -1.5396033936965343 
3.160000000002244, -1.539277263171455 
3.1700000000022652, -1.5390958395143706 
3.1800000000022863, -1.5384379540148911 
3.1900000000023074, -1.536119838257893 
3.2000000000023285, -1.5354291899853307 
3.2100000000023496, -1.5345969966610853 
3.2200000000023707, -1.5406434766637915 
3.230000000002392, -1.543144452361256 
3.240000000002413, -1.5428567589084592 
3.250000000002434, -1.5425587659121873 
3.260000000002455, -1.542112779476557 
3.2700000000024763, -1.5394912621079908 
3.2800000000024974, -1.5362474590371946 
3.2900000000025185, -1.5360506612166869 
3.3000000000025396, -1.5368478603828026 
3.3100000000025607, -1.5395638216275336 
3.3200000000025818, -1.53952513371196 
3.330000000002603, -1.5390898556686408 
3.340000000002624, -1.5387586845662642 
3.350000000002645, -1.5369694068800264 
3.360000000002666, -1.5274977946654782 
3.3700000000026873, -1.5279679690034274 
3.3800000000027084, -1.5275386717137729 
3.3900000000027295, -1.529184484706285 
3.4000000000027506, -1.5294636215388369 
3.4100000000027717, -1.5290190272091027 
3.420000000002793, -1.5286009400814633 
3.430000000002814, -1.5279081817402684 
3.440000000002835, -1.5166883697947011 
3.450000000002856, -1.5124210669473281 
3.460000000002877, -1.5123001918731669 
3.4700000000028983, -1.5126707047479335 
3.4800000000029194, -1.5133422477554477 
3.4900000000029405, -1.513080047991746 
3.5000000000029616, -1.5125143674279466 
3.5100000000029827, -1.512161721868536 
3.520000000003004, -1.509337428671199 
3.530000000003025, -1.4922506555695014 
3.540000000003046, -1.4941445034084524 
3.550000000003067, -1.4937838423926824 
3.5600000000030882, -1.4946800540348861 
3.5700000000031094, -1.4948341387384965 
3.5800000000031305, -1.4943813811407172 
3.5900000000031516, -1.493902930565663 
3.6000000000031727, -1.493380744075234 
3.6100000000031938, -1.4846270324365205 
3.620000000003215, -1.4758074899739446 
3.630000000003236, -1.4760416378092154 
3.640000000003257, -1.476064600060208 
3.650000000003278, -1.477212464854458 
3.6600000000032993, -1.4771806165213193 
3.6700000000033204, -1.4767008818215461 
3.6800000000033415, -1.4763545872053403 
3.6900000000033626, -1.4753967561865085 
3.7000000000033837, -1.4652862977748051 
3.710000000003405, -1.4631154827797286 
3.720000000003426, -1.4628351180739865 
3.730000000003447, -1.463944771101641 
3.740000000003468, -1.4655106968016345 
3.750000000003489, -1.465396552419491 
3.7600000000035103, -1.464993924330578 
3.7700000000035314, -1.4647040896537575 
3.7800000000035525, -1.4634455433759415 
3.7900000000035736, -1.4576768677659606 
3.8000000000035947, -1.4572484030223385 
3.810000000003616, -1.4566368346392446 
3.820000000003637, -1.4606570476568441 
3.830000000003658, -1.46295178090213 
3.840000000003679, -1.4627571791788718 
3.8500000000037002, -1.4624736048996938 
3.8600000000037213, -1.4621892262714686 
3.8700000000037424, -1.4610003692528117 
3.8800000000037635, -1.4582605791125232 
3.8900000000037847, -1.458048982896163 
3.9000000000038058, -1.4567074747283952 
3.910000000003827, -1.46790091681934 
3.920000000003848, -1.4704449795029086 
3.930000000003869, -1.470164494148213 
3.94000000000389, -1.4700242780423745 
3.9500000000039113, -1.4697215437370372 
3.9600000000039324, -1.468666026195706 
3.9700000000039535, -1.4672736726092537 
3.9800000000039746, -1.4669694506520283 
3.9900000000039957, -1.463496493804017 
4.000000000004016, -1.4830592395573226 
4.010000000003993, -1.4843125020045334 
4.02000000000397, -1.4840233398165104 
4.030000000003946, -1.484004224104759 
4.040000000003923, -1.4836333058830609 
4.0500000000039, -1.482582169651643 
4.0600000000038765, -1.4818461802920073 
4.070000000003853, -1.4811782474069337 
4.08000000000383, -1.4781142444807194 
4.090000000003807, -1.4959510756039958 
4.100000000003783, -1.4960348153712697 
4.11000000000376, -1.4958929457252332 
4.120000000003737, -1.4958534246092805 
4.130000000003713, -1.4953316291409893 
4.14000000000369, -1.4942366979618724 
4.150000000003667, -1.4938606655538347 
4.1600000000036434, -1.4915582279299868 
4.17000000000362, -1.5001561937844727 
4.180000000003597, -1.505672622436201 
4.1900000000035735, -1.5053829279579998 
4.20000000000355, -1.5054185230759205 
4.210000000003527, -1.5052119074356127 
4.220000000003504, -1.5044335917455829 
4.23000000000348, -1.503517470185468 
4.240000000003457, -1.503094800931103 
4.250000000003434, -1.4959715503102162 
4.26000000000341, -1.5157703641078817 
4.270000000003387, -1.5163677257665593 
4.280000000003364, -1.5161306042555087 
4.2900000000033405, -1.516107459874386 
4.300000000003317, -1.5156276400553415 
4.310000000003294, -1.5144276330966198 
4.320000000003271, -1.5139406925942651 
4.330000000003247, -1.512503767332277 
4.340000000003224, -1.5231364482915262 
4.350000000003201, -1.5297610307822211 
4.360000000003177, -1.5294997677327684 
4.370000000003154, -1.5293888699549198 
4.380000000003131, -1.529101692099122 
4.390000000003107, -1.5280481908177797 
4.400000000003084, -1.5267037805375685 
4.410000000003061, -1.5263404650910177 
4.4200000000030375, -1.5261083408508853 
4.430000000003014, -1.5393496712307058 
4.440000000002991, -1.5396843665705404 
4.450000000002968, -1.539372477083732 
4.460000000002944, -1.5391548473130516 
4.470000000002921, -1.5383082690229066 
4.480000000002898, -1.5356079312531103 
4.490000000002874, -1.5352288280280986 
4.500000000002851, -1.534276369703087 
4.510000000002828, -1.5407292909308647 
4.520000000002804, -1.5421590042982911 
4.530000000002781, -1.541813837680124 
4.540000000002758, -1.5415229718697478 
4.5500000000027345, -1.5409552672728786 
4.560000000002711, -1.537335355963668 
4.570000000002688, -1.534788994905743 
4.580000000002665, -1.534464825024844 
4.590000000002641, -1.5358836736871266 
4.600000000002618, -1.5378196975207619 
4.610000000002595, -1.537642946391915 
4.620000000002571, -1.5372083990454408 
4.630000000002548, -1.536850231599737 
4.640000000002525, -1.5342463460831974 
4.6500000000025015, -1.5250018150927078 
4.660000000002478, -1.525489509114128 
4.670000000002455, -1.5251946001657057 
4.6800000000024315, -1.5267771709725488 
4.690000000002408, -1.5268889651186217 
4.700000000002385, -1.5264081182788671 
4.710000000002362, -1.5260173992594241 
4.720000000002338, -1.5250905644341712 
4.730000000002315, -1.5110168627978473 
4.740000000002292, -1.5097163618506302 
4.750000000002268, -1.5094634937753024 
4.760000000002245, -1.5100443976854303 
4.770000000002222, -1.5105739140908423 
4.7800000000021985, -1.5102526815240003 
4.790000000002175, -1.5097001720217555 
4.800000000002152, -1.5093343054556163 
4.810000000002129, -1.5053710743725246 
4.820000000002105, -1.4902042613493203 
4.830000000002082, -1.4914905367293543 
4.840000000002059, -1.4911738902885674 
4.850000000002035, -1.4921662266528861 
4.860000000002012, -1.4922536272778308 
4.870000000001989, -1.4917786492248493 
4.880000000001965, -1.4913409322409772 
4.890000000001942, -1.4907101889930803 
4.900000000001919, -1.480372338341014 
4.9100000000018955, -1.4741256099771098 
4.920000000001872, -1.4741484021564746 
4.930000000001849, -1.4743889154256535 
4.940000000001826, -1.475557010268638 
4.950000000001802, -1.4754794145482777 
4.960000000001779, -1.4750059691827113 
4.970000000001756, -1.4746805629777606 
4.980000000001732, -1.4735396689449707 
4.990000000001709, -1.4637308505667406 
5.000000000001686, -1.462621232219536 
5.0100000000016625, -1.4622486215593444 
5.020000000001639, -1.4638463885260646 
5.030000000001616, -1.4653870651307368 
5.0400000000015925, -1.4652261036535181 
5.050000000001569, -1.4648457856154158 
5.060000000001546, -1.4645508934999731 
5.070000000001523, -1.4631579507831114 
5.080000000001499, -1.458002714256295 
5.090000000001476, -1.4577991170389124 
5.100000000001453, -1.4570762843482348 
5.110000000001429, -1.462204871499389 
5.120000000001406, -1.464286871148346 
5.130000000001383, -1.4640468018240445 
5.1400000000013595, -1.463792646110781 
5.150000000001336, -1.4634853061554591 
5.160000000001313, -1.4622200452334275 
5.17000000000129, -1.4598181063840279 
5.180000000001266, -1.4596216805804776 
5.190000000001243, -1.4580458804774956 
5.20000000000122, -1.471014015423339 
5.210000000001196, -1.4729507652730787 
5.220000000001173, -1.4726497726668253 
5.23000000000115, -1.4725347225022878 
5.240000000001126, -1.4721934956941756 
5.250000000001103, -1.47106660200298 
5.26000000000108, -1.4698678628385744 
5.2700000000010565, -1.4694944255145448 
5.280000000001033, -1.4662272144542312 
5.29000000000101, -1.4861377003870204 
5.300000000000987, -1.486855370211764 
5.310000000000963, -1.4865934941152095 
5.32000000000094, -1.4865647021723563 
5.330000000000917, -1.4861354689485677 
5.340000000000893, -1.4850081392742032 
5.35000000000087, -1.484407057650307 
5.360000000000847, -1.4834758061589566 
5.3700000000008234, -1.4852005728850501 
5.3800000000008, -1.498816907540095 
5.390000000000777, -1.4987172651504896 
5.4000000000007535, -1.498628811330369 
5.41000000000073, -1.4985330703803836 
5.420000000000707, -1.4979244629953352 
5.430000000000684, -1.4968108245607545 
5.44000000000066, -1.4964789609447922 
5.450000000000637, -1.492898359860539 
5.460000000000614, -1.5067235584813539 
5.47000000000059, -1.5097178519287329 
5.480000000000567, -1.5094105782568759 
5.490000000000544, -1.5094397735616627 
5.5000000000005205, -1.5091446303701312 
5.510000000000497, -1.5082124783571564 
5.520000000000474, -1.5073923088592154 
5.5300000000004506, -1.5068206317210822 
5.540000000000427, -1.5038698228256666 
5.550000000000404, -1.5221316735270802 
5.560000000000381, -1.5222600705500497 
5.570000000000357, -1.5220663423349752 
5.580000000000334, -1.5219502624296621 
5.590000000000311, -1.521307981928036 
5.600000000000287, -1.5198837948610682 
5.610000000000264, -1.5195300687031716 
5.620000000000241, -1.517347620597719 
5.6300000000002175, -1.5322448236779629 
5.640000000000194, -1.5349295424466274 
5.650000000000171, -1.5346095231570462 
5.660000000000148, -1.5344679906958854 
5.670000000000124, -1.5340303346321362 
5.680000000000101, -1.5324378891896033 
5.690000000000078, -1.5312331253750804 
5.700000000000054, -1.5307096954406518 
5.710000000000031, -1.5346365940074587 
5.720000000000008, -1.5409216548033153 
5.729999999999984, -1.5408407590310453 
5.739999999999961, -1.5405314343760306 
5.749999999999938, -1.54022478230092 
5.7599999999999145, -1.5388107812260046 
5.769999999999891, -1.5353127093372037 
5.779999999999868, -1.5352122609469634 
5.789999999999845, -1.5347994043036721 
5.799999999999821, -1.5394802932984353 
5.809999999999798, -1.5399167104325877 
5.819999999999775, -1.5395144908692904 
5.829999999999751, -1.5392058410231066 
5.839999999999728, -1.5382986505538185 
5.849999999999705, -1.5316243177447213 
5.8599999999996815, -1.5304717078095045 
5.869999999999658, -1.5300249331028681 
5.879999999999635, -1.5316866730055094 
5.8899999999996115, -1.5325711174451493 
5.899999999999588, -1.5322446898637958 
5.909999999999565, -1.531801729981658 
5.919999999999542, -1.531359401880656 
5.929999999999518, -1.5262779080892281 
5.939999999999495, -1.517413652088086 
5.949999999999472, -1.5176723429679257 
5.959999999999448, -1.5176596295930922 
5.969999999999425, -1.5188121073877985 
5.979999999999402, -1.5187292401617403 
5.9899999999993785, -1.5182009662617497 
5.999999999999355, -1.5178337800937118 
6.009999999999332, -1.5164316864008995 
6.019999999999309, -1.4992867990197876 
6.029999999999285, -1.5006311652538495 
6.039999999999262, -1.5002928611435602 
6.049999999999239, -1.5010480640636412 
6.059999999999215, -1.5014235507159779 
6.069999999999192, -1.5010502243008934 
6.079999999999169, -1.500523791577572 
6.089999999999145, -1.5001266993175972 
6.099999999999122, -1.494927621141356 
6.109999999999099, -1.4819098237403754 
6.1199999999990755, -1.4826983528382085 
6.129999999999052, -1.4824565865645223 
6.139999999999029, -1.483624415297512 
6.149999999999006, -1.483703285294425 
6.159999999998982, -1.483237694008589 
6.169999999998959, -1.482844583689292 
6.179999999998936, -1.4821466691098892 
6.189999999998912, -1.4729431315178152 
6.199999999998889, -1.4680904280722225 
6.209999999998866, -1.4679923638699377 
6.2199999999988425, -1.4684893033365816 
6.229999999998819, -1.4700422338041532 
6.239999999998796, -1.4700005422366704 
6.2499999999987725, -1.4695683678626164 
6.259999999998749, -1.4692677072907134 
6.269999999998726, -1.4681910038753956 
6.279999999998703, -1.4612843642944933 
6.289999999998679, -1.460223680842824 
6.299999999998656, -1.4597729080056707 
6.309999999998633, -1.462235891057558 
6.319999999998609, -1.4644706538649463 
6.329999999998586, -1.464337458882169 
6.339999999998563, -1.4640032772820561 
6.3499999999985395, -1.463728227887132 
6.359999999998516, -1.4625568320629572 
6.369999999998493, -1.4589702584480075 
6.37999999999847, -1.4586861305875602 
6.389999999998446, -1.4577497809906226 
6.399999999998423, -1.465398015286958 
6.4099999999984, -1.468216589965907 
6.419999999998376, -1.4679765900731245 
6.429999999998353, -1.4677735749473557 
6.43999999999833, -1.4674882099831854 
6.449999999998306, -1.466409075264245 
6.459999999998283, -1.4645782107377634 
6.46999999999826, -1.4643336943896026 
6.4799999999982365, -1.4620076599197354 
6.489999999998213, -1.478492051443378 
6.49999999999819, -1.48044579970143 
6.509999999998167, -1.480142733044612 
6.519999999998143, -1.4800773429489695 
6.52999999999812, -1.4797395577375603 
6.539999999998097, -1.478683217610231 
6.549999999998073, -1.4776989852792155 
6.55999999999805, -1.4772408097661585 
6.569999999998027, -1.473363829966432 
6.5799999999980034, -1.4935147189959241 
6.58999999999798, -1.4939474167633848 
6.599999999997957, -1.4937225436910653 
6.6099999999979335, -1.4936939241689509 
6.61999999999791, -1.4932244573817797 
6.629999999997887, -1.4920809182299055 
6.639999999997864, -1.4915916257265172 
6.64999999999784, -1.4902675708239526 
6.659999999997817, -1.496321687677014 
6.669999999997794, -1.5057910429724124 
6.67999999999777, -1.505577722292209 
6.689999999997747, -1.505531837776556 
6.699999999997724, -1.5053704702362152 
6.7099999999977005, -1.5046519313165716 
6.719999999997677, -1.5035515009296914 
6.729999999997654, -1.5032150565247977 
6.7399999999976306, -1.4982224665872572 
6.749999999997607, -1.516931484289293 
6.759999999997584, -1.5183083655952938 
6.769999999997561, -1.5180150015276388 
6.779999999997537, -1.5179855639406452 
6.789999999997514, -1.5175603324394122 
6.799999999997491, -1.5163470443566502 
6.809999999997467, -1.5156698306133138 
6.819999999997444, -1.514782210187055 
6.829999999997421, -1.5218783274470866 
6.8399999999973975, -1.5314075597447656 
6.849999999997374, -1.5312449506463037 
6.859999999997351, -1.5310661858937102 
6.869999999997328, -1.5308134604286845 
6.879999999997304, -1.5298152779389347 
6.889999999997281, -1.5280979895812767 
6.899999999997258, -1.5278216577630903 
6.909999999997234, -1.526663627417872 
6.919999999997211, -1.5386302995094916 
6.929999999997188, -1.539310409885559 
6.939999999997164, -1.5389675484272691 
6.949999999997141, -1.5387461154878288 
6.959999999997118, -1.5379957194487242 
6.9699999999970945, -1.5349973474980751 
6.979999999997071, -1.5342931188333142 
6.989999999997048, -1.5335623875507538 
6.999999999997025, -1.5381806845344503 
7.009999999997001, -1.540010542404373 
7.019999999996978, -1.5397071187616493 
7.029999999996955, -1.539378600757502 
7.039999999996931, -1.5389103192808622 
7.049999999996908, -1.5356649603247803 
7.059999999996885, -1.531678119635991 
7.0699999999968615, -1.531535348880628 
7.079999999996838, -1.5321404519475317 
7.089999999996815, -1.5342832844247853 
7.0999999999967915, -1.5342175501662032 
7.109999999996768, -1.5337604797222093 
7.119999999996745, -1.5334246351153658 
7.129999999996722, -1.5315867014651228 
7.139999999996698, -1.5204813298055178 
7.149999999996675, -1.5211482058338357 
7.159999999996652, -1.5207256288748625 
7.169999999996628, -1.5221551423019068 
7.179999999996605, -1.522437591637374 
7.189999999996582, -1.5219995683158811 
7.1999999999965585, -1.521563086222715 
7.209999999996535, -1.520945326453408 
7.219999999996512, -1.5107544696444264 
7.229999999996489, -1.5049197057456156 
7.239999999996465, -1.5048994759072305 
7.249999999996442, -1.5051514248261024 
7.259999999996419, -1.5059441537806204 
7.269999999996395, -1.5057385809022497 
7.279999999996372, -1.505187484732126 
7.289999999996349, -1.50483892839939 
7.299999999996325, -1.502810902975227 
7.309999999996302, -1.48563011763829 
7.319999999996279, -1.4874099727450467 
7.3299999999962555, -1.4870334395143698 
7.339999999996232, -1.4880100076748581 
7.349999999996209, -1.4883560526660509 
7.359999999996186, -1.487972758057287 
7.369999999996162, -1.4874959808790733 
7.379999999996139, -1.487073305002796 
7.389999999996116, -1.4819620799275925 
7.399999999996092, -1.4713827188439765 
7.409999999996069, -1.471844500286909 
7.419999999996046, -1.4716549323419168 
7.4299999999960225, -1.4733439506423014 
7.439999999995999, -1.47352578120068 
7.449999999995976, -1.4731044231595065 
7.4599999999959525, -1.472759238552878 
7.469999999995929, -1.4721014232912233 
7.479999999995906, -1.4662392762717347 
7.489999999995883, -1.4623463364693732 
7.499999999995859, -1.4621758042003346 
7.509999999995836, -1.4629784062790714 
7.519999999995813, -1.4657501735023681 
7.529999999995789, -1.4658384687951058 
7.539999999995766, -1.4654618655070875 
7.549999999995743, -1.4652001878131617 
7.5599999999957195, -1.4643568489083831 
7.569999999995696, -1.4604394859594925 
7.579999999995673, -1.4593326271143898 
7.58999999999565, -1.4588012662321044 
7.599999999995626, -1.4627297706521858 
7.609999999995603, -1.467029334332903 
7.61999999999558, -1.4669704436887068 
7.629999999995556, -1.4666905048727328 
7.639999999995533, -1.4664638889065822 
7.64999999999551, -1.4655908103662607 
7.659999999995486, -1.4632983091674279 
7.669999999995463, -1.4629239534637521 
7.67999999999544, -1.4616738304665815 
7.6899999999954165, -1.4729316357108788 
7.699999999995393, -1.4773731422080025 
7.70999999999537, -1.4771388984187943 
7.719999999995347, -1.4770018176913158 
7.729999999995323, -1.4767604103740948 
7.7399999999953, -1.4758734223593968 
7.749999999995277, -1.4744761987776394 
7.759999999995253, -1.4741862183128753 
7.76999999999523, -1.4706340459708929 
7.779999999995207, -1.4894258098295932 
7.789999999995183, -1.491303495282649 
7.79999999999516, -1.4910028301321543 
7.809999999995137, -1.4909890081957222 
7.8199999999951135, -1.490651230188253 
7.82999999999509, -1.489640970737468 
7.839999999995067, -1.4888235210699554 
7.849999999995044, -1.4882461443176564 
7.85999999999502, -1.4848228301262023 
7.869999999994997, -1.5036209918468098 
7.879999999994974, -1.5037921411090476 
7.88999999999495, -1.5036127123879053 
7.899999999994927, -1.503553088585528 
7.909999999994904, -1.5030108972920773 
7.9199999999948805, -1.5018086638735084 
7.929999999994857, -1.501415278735857 
7.939999999994834, -1.4993750374770292 
7.9499999999948106, -1.5115251695667171 
7.959999999994787, -1.5167086082364685 
7.969999999994764, -1.5164195362022541 
7.979999999994741, -1.5163758355404393 
7.989999999994717, -1.5161037472894379 
7.999999999994694, -1.5151555282320321 
8.00999999999467, -1.5140791203562887 
8.019999999994647, -1.5136583692809638 
8.029999999994624, -1.5115852664895046 
8.0399999999946, -1.5294134049329562 
8.049999999994577, -1.5297741767244253 
8.059999999994554, -1.5295067893357657 
8.06999999999453, -1.5293546370817193 
8.079999999994508, -1.5286735787107857 
8.089999999994484, -1.526842770140034 
8.099999999994461, -1.5264246866572064 
8.109999999994438, -1.5250563385934734 
8.119999999994414, -1.5356416550600556 
8.129999999994391, -1.5382071269451267 
8.139999999994368, -1.53789143131691 
8.149999999994344, -1.5376726116282657 
8.159999999994321, -1.5372092102461994 
8.169999999994298, -1.5351336065334535 
8.179999999994275, -1.5333117564730916 
8.189999999994251, -1.5329291633293074 
8.199999999994228, -1.5351136126685094 
8.209999999994205, -1.539272444173117 
8.219999999994181, -1.5392091965573707 
8.229999999994158, -1.5388401768855138 
8.239999999994135, -1.5385188732470434 
8.249999999994111, -1.5368547626881446 
8.259999999994088, -1.5313594649929914 
8.269999999994065, -1.531439239378612 
8.279999999994041, -1.5310164119107732 
8.289999999994018, -1.5339410751958806 
8.299999999993995, -1.5343037408687916 
8.309999999993972, -1.5338799394715728 
8.319999999993948, -1.5335309365481844 
8.329999999993925, -1.5326913776313213 
8.339999999993902, -1.5238592338149208 
8.349999999993878, -1.5217580661267314 
8.359999999993855, -1.5214364700241447 
8.369999999993832, -1.522399753104087 
8.379999999993808, -1.5231962406340234 
8.389999999993785, -1.5228986901891397 
8.399999999993762, -1.522401663221724 
8.409999999993738, -1.5220182700154783 
8.419999999993715, -1.5179119040647855 
8.429999999993692, -1.5055114812637542 
8.439999999993669, -1.506276432322697 
8.449999999993645, -1.506027411547063 
8.459999999993622, -1.5071490903361533 
8.469999999993599, -1.5071764559391625 
8.479999999993575, -1.5066746749028215 
8.489999999993552, -1.5062684898652359 
8.499999999993529, -1.5054124399033502 
8.509999999993505, -1.49121645593347 
8.519999999993482, -1.4889287531559268 
8.529999999993459, -1.4887509925604991 
8.539999999993436, -1.489240495302464 
8.549999999993412, -1.4899708355189552 
8.559999999993389, -1.4897341663545272 
8.569999999993366, -1.4892140873576907 
8.579999999993342, -1.4888781677883272 
8.589999999993319, -1.4866781436967273 
8.599999999993296, -1.4724856862604985 
8.609999999993272, -1.4735265934464818 
8.619999999993249, -1.473108211770905 
8.629999999993226, -1.4745959171350094 
8.639999999993202, -1.475146621617101 
8.64999999999318, -1.4748073888903326 
8.659999999993156, -1.4743987741328306 
8.669999999993133, -1.4739942733888292 
8.67999999999311, -1.4706334635877012 
8.689999999993086, -1.4633947459965955 
8.699999999993063, -1.4636070689844416 
8.70999999999304, -1.463319542065045 
8.719999999993016, -1.4665173799722189 
8.729999999992993, -1.4670209115044934 
8.73999999999297, -1.4666598314095731 
8.749999999992946, -1.4663738657042582 
8.759999999992923, -1.4658427947386856 
8.7699999999929, -1.4628771080095677 
8.779999999992876, -1.460140120699021 
8.789999999992853, -1.4599142919882104 
8.79999999999283, -1.460734876804345 
8.809999999992806, -1.4670361169547608 
8.819999999992783, -1.4673955708124895 
8.82999999999276, -1.467067914816264 
8.839999999992736, -1.4668712921727816 
8.849999999992713, -1.4662579190718146 
8.85999999999269, -1.4641230972769907 
8.869999999992666, -1.4631386601366534 
8.879999999992643, -1.4625412943513902 
8.88999999999262, -1.4675477715985592 
8.899999999992596, -1.4766545498367922 
8.909999999992573, -1.476683775040664 
8.91999999999255, -1.4764564060334413 
8.929999999992527, -1.476297851372486 
8.939999999992503, -1.475624367945111 
8.94999999999248, -1.4740468809280027 
8.959999999992457, -1.473650420875227 
8.969999999992433, -1.4720568296409193 
8.97999999999241, -1.4848523834016303 
8.989999999992387, -1.4906825425853156 
8.999999999992363, -1.4904332654285437 
9.00999999999234, -1.4903638619669637 
9.019999999992317, -1.4901491607278223 
9.029999999992294, -1.4893409470833368 
9.03999999999227, -1.4881862715040306 
9.049999999992247, -1.4878554833574584 
9.059999999992224, -1.4829479518473427 
9.0699999999922, -1.5023987605432563 
9.079999999992177, -1.5037314482025403 
9.089999999992154, -1.5034438499054266 
9.09999999999213, -1.5034389054480748 
9.109999999992107, -1.5030505443162874 
9.119999999992084, -1.5019596044341874 
9.12999999999206, -1.5012802479637808 
9.139999999992037, -1.500470271179769 
9.149999999992014, -1.5031258241372323 
9.15999999999199, -1.5167911610437645 
9.169999999991967, -1.5167096487332339 
9.179999999991944, -1.5165661922028661 
9.18999999999192, -1.516408494849791 
9.199999999991897, -1.5156822631749378 
9.209999999991874, -1.5143091963545632 
9.21999999999185, -1.5139971891050212 
9.229999999991827, -1.5110887712440406 
9.239999999991804, -1.5280489564335236 
9.24999999999178, -1.529830352071699 
9.259999999991757, -1.5295092182008538 
9.269999999991734, -1.5293881215442802 
9.27999999999171, -1.5289101670576428 
9.289999999991688, -1.5273069748212544 
9.299999999991664, -1.526373654610974 
9.309999999991641, -1.5257003466796895 
9.319999999991618, -1.5315276982917865 
9.329999999991594, -1.5375876653938132 
9.339999999991571, -1.537435389563324 
9.349999999991548, -1.537162853972395 
9.359999999991524, -1.5368463919897946 
9.369999999991501, -1.5354333659911363 
9.379999999991478, -1.5326157981546404 
9.389999999991455, -1.5324533831721507 
9.399999999991431, -1.5322270196559378 
9.409999999991408, -1.5380104045706584 
9.419999999991385, -1.5384036591774206 
9.429999999991361, -1.5380149839185104 
9.439999999991338, -1.5377271507045163 
9.449999999991315, -1.5367758773355757 
9.459999999991291, -1.531197728822 
9.469999999991268, -1.5304478155948538 
9.479999999991245, -1.52991785825928 
9.489999999991221, -1.5322518640671943 
9.499999999991198, -1.5332307380978791 
9.509999999991175, -1.5328962672434077 
9.519999999991152, -1.5324942561370944 
9.529999999991128, -1.532015854072433 
9.539999999991105, -1.5270741761249538 
9.549999999991082, -1.5203813582001386 
9.559999999991058, -1.5204347752955358 
9.569999999991035, -1.5206269059805864 
9.579999999991012, -1.5219710655854544 
9.589999999990988, -1.5218738410169028 
9.599999999990965, -1.521365914962379 
9.609999999990942, -1.5210168143446037 
9.619999999990918, -1.5193489260514967 
9.629999999990895, -1.5041268505858643 
9.639999999990872, -1.5053185375235814 
9.649999999990849, -1.5049312462523308 
9.659999999990825, -1.5059320395717966 
9.669999999990802, -1.5062725704595725 
9.679999999990779, -1.5058724096162421 
9.689999999990755, -1.5053839008258187 
9.699999999990732, -1.5049280626808859 
9.709999999990709, -1.498228970324878 
9.719999999990685, -1.487825425756486 
9.729999999990662, -1.4882194776743816 
9.739999999990639, -1.4881352503276122 
9.749999999990616, -1.4892737826583018 
9.759999999990592, -1.4892561558665194 
9.769999999990569, -1.4887640391550725 
9.779999999990546, -1.48839780014572 
9.789999999990522, -1.487450877501739 
9.799999999990499, -1.4755355667663652 
9.809999999990476, -1.473391870517666 
9.819999999990452, -1.4731417819546113 
9.829999999990429, -1.4739846604832436 
9.839999999990406, -1.4751234895289815 
9.849999999990382, -1.4749528952776556 
9.85999999999036, -1.4745084715994772 
9.869999999990336, -1.4741964113269388 
9.879999999990313, -1.4725909552812677 
9.88999999999029, -1.4641149986145217 
9.899999999990266, -1.4641124207879241 
9.909999999990243, -1.4635833157685245 
9.91999999999022, -1.4663468011966985 
9.929999999990196, -1.4676388279722419 
9.939999999990173, -1.4673817258368687 
9.94999999999015, -1.467051086816068 
9.959999999990126, -1.4667108436694583 
9.969999999990103, -1.4649483657079558 
9.97999999999008, -1.4609154277944532 
9.989999999990056, -1.4608573833489056 
9.999999999990033, -1.4600517182885215 
10.00999999999001, -1.4671522738562437 
10.019999999989986, -1.4684765055350786 
10.029999999989963, -1.4681666479039774 
10.03999999998994, -1.467960198917413 
10.049999999989916, -1.4675638068789556 
10.059999999989893, -1.466019935227254 
10.06999999998987, -1.4642270320898192 
10.079999999989846, -1.463946005205251 
10.089999999989823, -1.463157558368858 
10.0999999999898, -1.47717365263868 
10.109999999989776, -1.477945019032095 
10.119999999989753, -1.4776467740919883 
10.12999999998973, -1.4775385234472542 
10.139999999989707, -1.477069700697023 
10.149999999989683, -1.475689987704065 
10.15999999998966, -1.4748800912029698 
10.169999999989637, -1.4742108077998815 
10.179999999989613, -1.4773999008531038 
10.18999999998959, -1.491613132453967 
10.199999999989567, -1.49165196237749 
10.209999999989543, -1.4914738428374452 
10.21999999998952, -1.4913636507770862 
10.229999999989497, -1.4907566828237957 
10.239999999989474, -1.4894527043784926 
10.24999999998945, -1.489085798942101 
10.259999999989427, -1.4869471944677985 
10.269999999989404, -1.5002759931491496 
10.27999999998938, -1.5051237553462355 
10.289999999989357, -1.504836662262895 
10.299999999989334, -1.5048051426753304 
10.30999999998931, -1.5045509428480868 
10.319999999989287, -1.503662024679116 
10.329999999989264, -1.5026214891958256 
10.33999999998924, -1.502217050065755 
10.349999999989217, -1.4979036697445305 
10.359999999989194, -1.517903425998435 
10.36999999998917, -1.5184511034378334 
10.379999999989147, -1.5181927863759976 
10.389999999989124, -1.5181068367346888 
10.3999999999891, -1.5175588697419031 
10.409999999989077, -1.516123135775722 
10.419999999989054, -1.5156241283221306 
10.42999999998903, -1.5142879179636504 
10.439999999989007, -1.5257975487883435 
10.449999999988984, -1.5308677048747559 
10.45999999998896, -1.5305986967089855 
10.469999999988937, -1.5304356907155066 
10.479999999988914, -1.5300981646458922 
10.48999999998889, -1.5288095359776026 
10.499999999988868, -1.527211396982449 
10.509999999988844, -1.5268719914534983 
10.519999999988821, -1.5277330248084198 
10.529999999988798, -1.5370907362667754 
10.539999999988774, -1.5373179052513444 
10.549999999988751, -1.5369840785640156 
10.559999999988728, -1.5367329038814765 
10.569999999988704, -1.53574805695018 
10.579999999988681, -1.5322967005710575 
10.589999999988658, -1.531985410572712 
10.599999999988635, -1.5311970089398943 
10.609999999988611, -1.5361657208299915 
10.619999999988588, -1.537265977191065 
10.629999999988565, -1.5369093143613368 
10.639999999988541, -1.5365944214864962 
10.649999999988518, -1.5360057011751247 
10.659999999988495, -1.531669621390838 
10.669999999988471, -1.5286677440793022 
10.679999999988448, -1.5283882941809461 
10.689999999988425, -1.5295155819463404 
10.699999999988401, -1.5312000485047417 
10.709999999988378, -1.5310244394623105 
10.719999999988355, -1.5305733895721811 
10.729999999988332, -1.5302220443382724 
10.739999999988308, -1.527712520689359 
10.749999999988285, -1.5174013050372424 
10.759999999988262, -1.518024973546053 
10.769999999988238, -1.5176768961687312 
10.779999999988215, -1.5192149170285711 
10.789999999988192, -1.5193837639326717 
10.799999999988168, -1.5189203703853302 
10.809999999988145, -1.5185186100963433 
10.819999999988122, -1.5177442694633707 
10.829999999988098, -1.505838008997104 
10.839999999988075, -1.5025577624181192 
10.849999999988052, -1.5023828960123053 
10.859999999988029, -1.5028781036574927 
10.869999999988005, -1.5036218000341655 
10.879999999987982, -1.5033735569154019 
10.889999999987959, -1.5028416939450757 
10.899999999987935, -1.5024965245433008 
10.909999999987912, -1.4999207762358844 
10.919999999987889, -1.4846708767893864 
10.929999999987865, -1.4860318883249137 
10.939999999987842, -1.4856431134936703 
10.949999999987819, -1.4868656774497473 
10.959999999987796, -1.4871754361643026 
10.969999999987772, -1.4867743288283417 
10.979999999987749, -1.4863384402809685 
10.989999999987726, -1.4858577574376888 
10.999999999987702, -1.4801107128090552 
11.009999999987679, -1.4718538778194656 
11.019999999987656, -1.472053964514181 
11.029999999987632, -1.472051057610916 
11.039999999987609, -1.473929434930436 
11.049999999987586, -1.4740605611984978 
11.059999999987562, -1.4736385156444844 
11.06999999998754, -1.4733196255917969 
11.079999999987516, -1.4725547344030212 
11.089999999987493, -1.4666058355252767 
11.09999999998747, -1.4639738248937215 
11.109999999987446, -1.4636864046831994 
11.119999999987423, -1.465097735954111 
11.1299999999874, -1.4678574589279931 
11.139999999987376, -1.4678601651646852 
11.149999999987353, -1.467497677774409 
11.15999999998733, -1.4672379313431334 
11.169999999987306, -1.4662767792673266 
11.179999999987283, -1.4624346617487685 
11.18999999998726, -1.461767947512641 
11.199999999987236, -1.461087128768536 
11.209999999987213, -1.4664357551782161 
11.21999999998719, -1.470062057030656 
11.229999999987166, -1.4699079915994688 
11.239999999987143, -1.4696554477783899 
11.24999999998712, -1.4694029474180936 
11.259999999987096, -1.4684108408030345 
11.269999999987073, -1.4662057115556775 
11.27999999998705, -1.4659425537011506 
11.289999999987026, -1.464313897172405 
11.299999999987003, -1.4775170753564395 
11.30999999998698, -1.480461109474037 
11.319999999986956, -1.4801767022550014 
11.329999999986933, -1.4800623262145287 
11.33999999998691, -1.4797634409001446 
11.349999999986887, -1.4787373348430355 
11.359999999986863, -1.477463403771433 
11.36999999998684, -1.4771277894112778 
11.379999999986817, -1.4735611822449677 
11.389999999986793, -1.4932973145244535 
11.39999999998677, -1.4942385635160607 
11.409999999986747, -1.4939579864065942 
11.419999999986723, -1.493915813926426 
11.4299999999867, -1.493486667150626 
11.439999999986677, -1.4923051642775136 
11.449999999986654, -1.491640660680372 
11.45999999998663, -1.4907976015709623 
11.469999999986607, -1.4945718516272097 
11.479999999986584, -1.5076422664977687 
11.48999999998656, -1.5075559312012072 
11.499999999986537, -1.5074206059540278 
11.509999999986514, -1.507275728409219 
11.51999999998649, -1.506582853884351 
11.529999999986467, -1.5052729320805607 
11.539999999986444, -1.5049549966029971 
11.54999999998642, -1.5018659678214363 
11.559999999986397, -1.518968248979405 
11.569999999986374, -1.5212338609531324 
11.57999999998635, -1.5209192603939268 
11.589999999986327, -1.5208423744981272 
11.599999999986304, -1.5204386761594886 
11.60999999998628, -1.5191456526258398 
11.619999999986257, -1.5182121086038722 
11.629999999986234, -1.5175972633478734 
11.63999999998621, -1.522163089209083 
11.649999999986187, -1.5322605208697289 
11.659999999986164, -1.532211846153603 
11.66999999998614, -1.5319650923431867 
11.679999999986117, -1.5317167591334233 
11.689999999986094, -1.530702619303777 
11.69999999998607, -1.528460880640794 
11.709999999986048, -1.528228196219824 
11.719999999986024, -1.5271522151912398 
11.729999999986001, -1.536241417802701 
11.739999999985978, -1.5371500580014903 
11.749999999985954, -1.5367916456852024 
11.759999999985931, -1.5365446240424154 
11.769999999985908, -1.5358533274838846 
11.779999999985884, -1.5324225155272713 
11.789999999985861, -1.5311938475698263 
11.799999999985838, -1.530653486025091 
11.809999999985815, -1.5336586749908143 
11.819999999985791, -1.5356210169784223 
11.829999999985768, -1.5353690373557847 
11.839999999985745, -1.5349978800202242 
11.849999999985721, -1.5345949238156054 
11.859999999985698, -1.5316854121673364 
11.869999999985675, -1.5259421105872326 
11.879999999985651, -1.5260107077496403 
11.889999999985628, -1.5260560729472818 
11.899999999985605, -1.5282045362695595 
11.909999999985581, -1.528257929850762 
11.919999999985558, -1.5277946293126277 
11.929999999985535, -1.5274540004204242 
11.939999999985512, -1.5261788566350465 
11.949999999985488, -1.5143515335000632 
11.959999999985465, -1.5143838179042854 
11.969999999985442, -1.5139816719471888 
11.979999999985418, -1.5151493879791342 
11.989999999985395, -1.5156561534498187 
11.999999999985372, -1.515287736664854 
12.009999999985348, -1.5148110981509164 
12.019999999985325, -1.5143689123308188 
12.029999999985302, -1.5084706754350081 
12.039999999985278, -1.498199100727557 
12.049999999985255, -1.498588675413788 
12.059999999985232, -1.4985015081149402 
12.069999999985209, -1.4996416841078837 
12.079999999985185, -1.4996089629366947 
12.089999999985162, -1.4991043084054865 
12.099999999985139, -1.4987339017860573 
12.109999999985115, -1.4976908444032773 
12.119999999985092, -1.48381795818684 
12.129999999985069, -1.482710108312872 
12.139999999985045, -1.482435014553178 
12.149999999985022, -1.4832293846783975 
12.159999999984999, -1.4840485846211349 
12.169999999984976, -1.4838072153694477 
12.179999999984952, -1.483330481663061 
12.189999999984929, -1.4829974744704548 
12.199999999984906, -1.4807535935481755 
12.209999999984882, -1.4697331697309959 
12.219999999984859, -1.4703193354194488 
12.229999999984836, -1.4698553028639185 
12.239999999984812, -1.4719808071895115 
12.249999999984789, -1.4726749003126418 
12.259999999984766, -1.4723463451753782 
12.269999999984742, -1.4719858928710907 
12.27999999998472, -1.4715720361165805 
12.289999999984696, -1.4687191404712359 
12.299999999984673, -1.4635422329852878 
12.30999999998465, -1.4635802062873438 
12.319999999984626, -1.4633211091001697 
12.329999999984603, -1.4678499811239698 
12.33999999998458, -1.4684537456845697 
12.349999999984556, -1.4681055035074675 
12.359999999984533, -1.4678576502841496 
12.36999999998451, -1.4673296112470262 
12.379999999984486, -1.4648849883270445 
12.389999999984463, -1.4628894498849003 
12.39999999998444, -1.4625751432520255 
12.409999999984416, -1.4639494026185933 
12.419999999984393, -1.4721078671759067 
12.42999999998437, -1.4724299509246652 
12.439999999984346, -1.4721245589853982 
12.449999999984323, -1.4719517311257821 
12.4599999999843, -1.4713382029082647 
12.469999999984276, -1.4694488870117552 
12.479999999984253, -1.4687041732572654 
12.48999999998423, -1.4679344956104212 
12.499999999984206, -1.4749903038886227 
12.509999999984183, -1.483905692808716 
12.51999999998416, -1.483832257895304 
12.529999999984136, -1.4836462338506409 
12.539999999984113, -1.483476665350702 
12.54999999998409, -1.4827583526902872 
12.559999999984067, -1.481272062639368 
12.569999999984043, -1.480946424644794 
12.57999999998402, -1.4786695370179348 
12.589999999983997, -1.4940544272508562 
12.599999999983973, -1.4978399872798076 
12.60999999998395, -1.497546564180987 
12.619999999983927, -1.4974993943749713 
12.629999999983903, -1.4972201401445338 
12.63999999998388, -1.4962788943786316 
12.649999999983857, -1.4952289305786015 
12.659999999983834, -1.494819343181538 
12.66999999998381, -1.490787628146363 
12.679999999983787, -1.510780784346847 
12.689999999983764, -1.5113157542323905 
12.69999999998374, -1.511062157177391 
12.709999999983717, -1.5109883613138466 
12.719999999983694, -1.5104626881872956 
12.72999999998367, -1.509103420628803 
12.739999999983647, -1.5085952942817762 
12.749999999983624, -1.5072897112761912 
12.7599999999836, -1.5183483391550432 
12.769999999983577, -1.5245664720998502 
12.779999999983554, -1.5243163265849042 
12.78999999998353, -1.524177298370855 
12.799999999983507, -1.523885133025722 
12.809999999983484, -1.5227963254189234 
12.81999999998346, -1.5213163870971658 
12.829999999983437, -1.5209871775271198 
12.839999999983414, -1.5204791079480247 
12.84999999998339, -1.5333415578419534 
12.859999999983367, -1.5337760371558269 
12.869999999983344, -1.533455745199066 
12.87999999998332, -1.5332456049129328 
12.889999999983297, -1.5324586758526269 
12.899999999983274, -1.52979859125328 
12.90999999998325, -1.529308838224748 
12.919999999983228, -1.5283992247813403 
12.929999999983204, -1.5347108491380257 
12.939999999983181, -1.5365768846984862 
12.949999999983158, -1.5362589592024407 
12.959999999983134, -1.5359699164458953 
12.969999999983111, -1.53548066666422 
12.979999999983088, -1.5325850700619543 
12.989999999983064, -1.5297007455685445 
12.999999999983041, -1.5294474578851927 
13.009999999983018, -1.5305661644872377 
13.019999999982995, -1.5332582843716314 
13.029999999982971, -1.5331900174887563 
13.039999999982948, -1.5327689443863362 
13.049999999982925, -1.532440619602107 
13.059999999982901, -1.530632189147716 
13.069999999982878, -1.522294696351291 
13.079999999982855, -1.5226366355202758 
13.089999999982831, -1.5221953293722936 
13.099999999982808, -1.5241822049390434 
13.109999999982785, -1.524527166671717 
13.119999999982761, -1.5241008085778958 
13.129999999982738, -1.5237087690590003 
13.139999999982715, -1.523023793052669 
13.149999999982692, -1.513875073708564 
13.159999999982668, -1.5095881361513193 
13.169999999982645, -1.5094310845912646 
13.179999999982622, -1.5099468368150517 
13.189999999982598, -1.5108570823854353 
13.199999999982575, -1.510637436212725 
13.209999999982552, -1.510118222102348 
13.219999999982528, -1.5097728156451649 
13.229999999982505, -1.5073276728407476 
13.239999999982482, -1.4925659360588608 
13.249999999982458, -1.4938530428599501 
13.259999999982435, -1.4934627651634511 
13.269999999982412, -1.4946719345507515 
13.279999999982389, -1.4949528745472869 
13.289999999982365, -1.4945378698822365 
13.299999999982342, -1.4940962377566662 
13.309999999982319, -1.49358697403291 
13.319999999982295, -1.4867806821639493 
13.329999999982272, -1.4786319384316664 
13.339999999982249, -1.4787956618496583 
13.349999999982225, -1.4788655527663694 
13.359999999982202, -1.480380370120287 
13.369999999982179, -1.4804083779480983 
13.379999999982156, -1.4799566785079947 
13.389999999982132, -1.4796268109755077 
13.399999999982109, -1.4787022612527194 
13.409999999982086, -1.4704423690309274 
13.419999999982062, -1.4683906178208046 
13.429999999982039, -1.4680695227752112 
13.439999999982016, -1.4694612694294698 
13.449999999981992, -1.471265012765629 
13.459999999981969, -1.4711514720041543 
13.469999999981946, -1.4707640752094542 
13.479999999981922, -1.470474982912672 
13.4899999999819, -1.4691908942085035 
13.499999999981876, -1.4638842773429739 
13.509999999981853, -1.4635694078150556 
13.51999999998183, -1.4628990949234124 
13.529999999981806, -1.4674160194278958 
13.539999999981783, -1.4695113620501357 
13.54999999998176, -1.4692817676139962 
13.559999999981736, -1.469006992792494 
13.569999999981713, -1.4686966616838715 
13.57999999998169, -1.4673618298622708 
13.589999999981666, -1.4646356335988133 
13.599999999981643, -1.4644625977023655 
13.60999999998162, -1.463171894096284 
13.619999999981596, -1.4741243113562865 
13.629999999981573, -1.4758722133841937 
13.63999999998155, -1.4755672860288351 
13.649999999981526, -1.475416583744939 
13.659999999981503, -1.4750467087685575 
13.66999999998148, -1.473761982362581 
13.679999999981456, -1.472394680005755 
13.689999999981433, -1.4720421487797817 
13.69999999998141, -1.4705819598344567 
13.709999999981386, -1.4877432808339808 
13.719999999981363, -1.488378806163094 
13.72999999998134, -1.48810216494822 
13.739999999981316, -1.488018592758527 
13.749999999981293, -1.487532531319353 
13.75999999998127, -1.4862041149011944 
13.769999999981247, -1.485563681827503 
13.779999999981223, -1.4846589124573668 
13.7899999999812, -1.4909023195069533 
13.799999999981177, -1.502141256619396 
13.809999999981153, -1.5020256177674178 
13.81999999998113, -1.5018897751701998 
13.829999999981107, -1.501729306586242 
13.839999999981083, -1.5010112751179967 
13.84999999998106, -1.4996807552199471 
13.859999999981037, -1.49936900901509 
13.869999999981014, -1.4962365232580763 
13.87999999998099, -1.5135319135299246 
13.889999999980967, -1.5157927313617026 
13.899999999980944, -1.5154804279148022 
13.90999999998092, -1.5154146437368596 
13.919999999980897, -1.5150269365480802 
13.929999999980874, -1.5138012639933993 
13.93999999998085, -1.512879218441019 
13.949999999980827, -1.512279834198365 
13.959999999980804, -1.51594464271077 
13.96999999998078, -1.5278071452878437 
13.979999999980757, -1.5278016642286225 
13.989999999980734, -1.5275658675700758 
13.99999999998071, -1.5273468388994367 
14.009999999980687, -1.5264516617207184 
14.019999999980664, -1.52443659611543 
14.02999999998064, -1.524167661373876 
14.039999999980617, -1.5227231625995623 
14.049999999980594, -1.5335488536549808 
14.05999999998057, -1.5348225204781487 
14.069999999980547, -1.5344774334331626 
14.079999999980524, -1.5342553463334823 
14.0899999999805, -1.5336580627345133 
14.099999999980477, -1.5309716475104762 
14.109999999980454, -1.52965054084338 
14.11999999998043, -1.5291215225455388 
14.129999999980408, -1.5324619474166314 
14.139999999980384, -1.535316388944476 
14.149999999980361, -1.5351191580893022 
14.159999999980338, -1.5347667322670258 
14.169999999980314, -1.5344009455417547 
14.179999999980291, -1.5322065687418138 
14.189999999980268, -1.5271986003957227 
14.199999999980244, -1.527237887871694 
14.209999999980221, -1.5271302993166431 
14.219999999980198, -1.5299940122120703 
14.229999999980175, -1.5301789600051303 
14.239999999980151, -1.5297428706058942 
14.249999999980128, -1.5294120123783534 
14.259999999980105, -1.5283441551263426 
14.269999999980081, -1.5189468499469099 
14.279999999980058, -1.5181881737831242 
14.289999999980035, -1.5177791771966571 
14.299999999980011, -1.5191016086098683 
14.309999999979988, -1.519796641973792 
14.319999999979965, -1.5194604891036203 
14.329999999979941, -1.518997903180505 
14.339999999979918, -1.5185737130849795 
14.349999999979895, -1.5136264075107448 
14.359999999979872, -1.5036281618884868 
14.369999999979848, -1.504022549028929 
14.379999999979825, -1.5039126839148258 
14.389999999979802, -1.5051760584843537 
14.399999999979778, -1.5051701891894875 
14.409999999979755, -1.504673133568964 
14.419999999979732, -1.504302970633646 
14.429999999979708, -1.5032677005062218 
14.439999999979685, -1.4896014908132393 
14.449999999979662, -1.4885202069500314 
14.459999999979638, -1.488237853541524 
14.469999999979615, -1.4890304902691656 
14.479999999979592, -1.4897941431603416 
14.489999999979569, -1.4895345784499958 
14.499999999979545, -1.4890484437736757 
14.509999999979522, -1.488706999583662 
14.519999999979499, -1.4861616950224508 
14.529999999979475, -1.474373419532986 
14.539999999979452, -1.4751139187100573 
14.549999999979429, -1.4746841089251546 
14.559999999979405, -1.4765784108849522 
14.569999999979382, -1.477096880514782 
14.579999999979359, -1.4767382948287846 
14.589999999979335, -1.4763653244874682 
14.599999999979312, -1.4759082021865257 
14.609999999979289, -1.4722247131706563 
14.619999999979266, -1.4665874741785192 
14.629999999979242, -1.4666297288185215 
14.639999999979219, -1.4666171928411111 
14.649999999979196, -1.4701150918257417 
14.659999999979172, -1.4704853978563885 
14.669999999979149, -1.470115619198018 
14.679999999979126, -1.4698482712542518 
14.689999999979102, -1.469223541503417 
14.69999999997908, -1.4659689948702708 
14.709999999979056, -1.4639627660758847 
14.719999999979033, -1.4636169539834503 
14.72999999997901, -1.4656380125978214 
14.739999999978986, -1.4712398104089202 
14.749999999978963, -1.47138290227014 
14.75999999997894, -1.471068414779832 
14.769999999978916, -1.470860235866092 
14.779999999978893, -1.4701223772436156 
14.78999999997887, -1.4677652233479759 
14.799999999978846, -1.4671129936787495 
14.809999999978823, -1.466279536792047 
14.8199999999788, -1.4741252516436127 
14.829999999978776, -1.4802128694821803 
14.839999999978753, -1.4800741127042254 
14.84999999997873, -1.4798779853870705 
14.859999999978706, -1.4796654332488925 
14.869999999978683, -1.4788345255392994 
14.87999999997866, -1.4771790706069066 
14.889999999978636, -1.4768888529525641 
14.899999999978613, -1.474585371954492 
14.90999999997859, -1.4906116821904978 
14.919999999978566, -1.4935546372557298 
14.929999999978543, -1.4932551773278393 
14.93999999997852, -1.4931881817982553 
14.949999999978496, -1.4928769459953442 
14.959999999978473, -1.491854442425209 
14.96999999997845, -1.4907878578606026 
14.979999999978427, -1.4903656902843643 
14.989999999978403, -1.4873753303094974 
14.99999999997838, -1.5067093458246077 
15.009999999978357, -1.5071704583086116 
15.019999999978333, -1.5069202876192151 
15.02999999997831, -1.5068375991078433 
15.039999999978287, -1.5063001638786147 
15.049999999978263, -1.504922883785825 
15.05999999997824, -1.5044242855170928 
15.069999999978217, -1.5031002359433445 
15.079999999978194, -1.5142495678642838 
15.08999999997817, -1.520539210115539 
15.099999999978147, -1.5202913230728166 
15.109999999978124, -1.5201602542327637 
15.1199999999781, -1.5198794826142428 
15.129999999978077, -1.5188383698601722 
15.139999999978054, -1.5174014218098821 
15.14999999997803, -1.5170734432713766 
15.159999999978007, -1.5160068558126787 
15.169999999977984, -1.5302357530943016 
15.17999999997796, -1.530758649769341 
15.189999999977937, -1.5304439382134396 
15.199999999977914, -1.5302528377712388 
15.20999999997789, -1.5295320061916768 
15.219999999977867, -1.5271599401928104 
15.229999999977844, -1.5266126686974673 
15.23999999997782, -1.5256712687169292 
15.249999999977797, -1.5326551856971473 
15.259999999977774, -1.535031723511978 
15.26999999997775, -1.5347334499413732 
15.279999999977727, -1.5344591505557097 
15.289999999977704, -1.534011472395218 
15.29999999997768, -1.5316207932729646 
15.309999999977657, -1.528888742964782 
15.319999999977634, -1.5286442740514365 
15.32999999997761, -1.5296917214630619 
15.339999999977588, -1.5331573349047765 
15.349999999977564, -1.5331615732649413 
15.359999999977541, -1.5327566752087631 
15.369999999977518, -1.5324425523902905 
15.379999999977494, -1.5309243875335334 
15.389999999977471, -1.523749432829997 
15.399999999977448, -1.523872934351971 
15.409999999977424, -1.523372683941822 
15.419999999977401, -1.525696837257438 
15.429999999977378, -1.526188896338173 
15.439999999977355, -1.5257865556499255 
15.449999999977331, -1.5254036037338508 
15.459999999977308, -1.5247731727123341 
15.469999999977285, -1.5173091449503868 
15.479999999977261, -1.5126471289612595 
15.489999999977238, -1.512503761541502 
15.499999999977215, -1.5130353391150244 
15.509999999977191, -1.5141235944114346 
15.519999999977168, -1.5139350187450284 
15.529999999977145, -1.5134303017540922 
15.539999999977121, -1.5130873175140411 
15.549999999977098, -1.5108439356583776 
15.559999999977075, -1.4968417175343915 
15.569999999977052, -1.4979798059046268 
15.579999999977028, -1.4975792563824117 
15.589999999977005, -1.4988464679181912 
15.599999999976982, -1.499152536766838 
15.609999999976958, -1.4987405404266232 
15.619999999976935, -1.4983005371020623 
15.629999999976912, -1.497787145244934 
15.639999999976888, -1.4908863069110037 
15.649999999976865, -1.4828794219456864 
15.659999999976842, -1.4830270461462898 
15.669999999976818, -1.48311737367102 
15.679999999976795, -1.4845521538784396 
15.689999999976772, -1.4845518804922426 
15.699999999976749, -1.4840897794023247 
15.709999999976725, -1.4837566225330794 
15.719999999976702, -1.4827566395988547 
15.729999999976679, -1.473452411522607 
15.739999999976655, -1.4717788040965825 
15.749999999976632, -1.4714428002351774 
15.759999999976609, -1.4728053843366151 
15.769999999976585, -1.4743012631952281 
15.779999999976562, -1.4741430745786648 
15.789999999976539, -1.4737431966681158 
15.799999999976515, -1.4734400154839016 
15.809999999976492, -1.4719398959462004 
15.819999999976469, -1.4658053928169055 
15.829999999976446, -1.4656937556690741 
15.839999999976422, -1.4650524023211642 
15.849999999976399, -1.4691026842932686 
15.859999999976376, -1.4706740388029786 
15.869999999976352, -1.4704102289892211 
15.879999999976329, -1.4701226582861342 
15.889999999976306, -1.4697777526858151 
15.899999999976282, -1.4681699905948722 
15.90999999997626, -1.4651319899275963 
15.919999999976236, -1.4649988931243971 
15.929999999976213, -1.4640504102889769 
15.93999999997619, -1.4733785734970477 
15.949999999976166, -1.4746389967530422 
15.959999999976143, -1.4743223715465168 
15.96999999997612, -1.4741494229796996 
15.979999999976096, -1.4737285323523803 
15.989999999976073, -1.4722166611765057 
15.99999999997605, -1.4708020473199988 
16.009999999976028, -1.470429960287743 
16.019999999976005, -1.4705838591953049 
16.02999999997598, -1.4850375112349268 
16.039999999975958, -1.4854922650048656 
16.049999999975935, -1.4852167355793526 
16.05999999997591, -1.4851029297687957 
16.069999999975888, -1.4845652284489526 
16.079999999975865, -1.483094097002327 
16.08999999997584, -1.4824819726238396 
16.099999999975818, -1.481517455334265 
16.109999999975795, -1.4895812985578671 
16.11999999997577, -1.4990950349304746 
16.129999999975748, -1.4989509571404414 
16.139999999975725, -1.4988117115428237 
16.1499999999757, -1.4986304842201483 
16.15999999997568, -1.4978711308768748 
16.169999999975655, -1.4964987463914785 
16.17999999997563, -1.4961952292508363 
16.18999999997561, -1.4930624021189918 
16.199999999975585, -1.5106444928825873 
16.20999999997556, -1.5127233734721235 
16.21999999997554, -1.512411775060908 
16.229999999975515, -1.5123427617626108 
16.239999999975492, -1.511948832914031 
16.24999999997547, -1.5107112796978088 
16.259999999975445, -1.5097982947098376 
16.269999999975422, -1.5091934912424878 
16.2799999999754, -1.5128524154212248 
16.289999999975375, -1.5249021289480533 
16.299999999975352, -1.5249001555521522 
16.30999999997533, -1.5246689784022844 
16.319999999975305, -1.524457708884501 
16.329999999975282, -1.5235911972529976 
16.33999999997526, -1.5216469042224603 
16.349999999975235, -1.5213680461962544 
16.359999999975212, -1.5198050544972612 
16.36999999997519, -1.531302846691707 
16.379999999975166, -1.5327280976599862 
16.389999999975142, -1.5323881966345367 
16.39999999997512, -1.5321777433382513 
16.409999999975096, -1.53161353189804 
16.419999999975072, -1.5291842998451288 
16.42999999997505, -1.5278565103258266 
16.439999999975026, -1.5273327891437516 
16.449999999975002, -1.5308222037774102 
16.45999999997498, -1.5342144333026377 
16.469999999974956, -1.5340452231443569 
16.479999999974932, -1.5337026759561039 
16.48999999997491, -1.5333541350749136 
16.499999999974886, -1.5314302311528725 
16.509999999974863, -1.5268133686008805 
16.51999999997484, -1.526823857453765 
16.529999999974816, -1.5266172989382412 
16.539999999974793, -1.5299540748960923 
16.54999999997477, -1.5302259957620394 
16.559999999974746, -1.5298044399632191 
16.569999999974723, -1.5294809983523179 
16.5799999999747, -1.5285114378000308 
16.589999999974676, -1.520427836546367 
16.599999999974653, -1.5192906337402459 
16.60999999997463, -1.5188787515773854 
16.619999999974606, -1.5203130833567715 
16.629999999974583, -1.5211595246338494 
16.63999999997456, -1.5208461885734523 
16.649999999974536, -1.520394558008594 
16.659999999974513, -1.519983117796093 
16.66999999997449, -1.5156553000200117 
16.679999999974466, -1.5060212324391082 
16.689999999974443, -1.506411353549675 
16.69999999997442, -1.506278767463075 
16.709999999974396, -1.5076766855965937 
16.719999999974373, -1.5077035698135215 
16.72999999997435, -1.5072173449406892 
16.739999999974327, -1.5068491933289316 
16.749999999974303, -1.5058478537137425 
16.75999999997428, -1.4929540357265056 
16.769999999974257, -1.4916074767952852 
16.779999999974233, -1.4913231998082872 
16.78999999997421, -1.4921360695505121 
16.799999999974187, -1.4929236438062476 
16.809999999974163, -1.4926647874752141 
16.81999999997414, -1.492179450515748 
16.829999999974117, -1.4918358013492625 
16.839999999974093, -1.4892312424837595 
16.84999999997407, -1.4774206756687231 
16.859999999974047, -1.4781750559889544 
16.869999999974024, -1.477754927188291 
16.879999999974, -1.4795964662741259 
16.889999999973977, -1.4800660886988337 
16.899999999973954, -1.4796967324315196 
16.90999999997393, -1.4793201151172455 
16.919999999973907, -1.478842913563809 
16.929999999973884, -1.4747510242805835 
16.93999999997386, -1.4690115944413116 
16.949999999973837, -1.4690440785754233 
16.959999999973814, -1.4691292243886702 
16.96999999997379, -1.4722444248792053 
16.979999999973767, -1.47252808323053 
16.989999999973744, -1.4721476331172068 
16.99999999997372, -1.4718720360904636 
17.009999999973697, -1.4711896804302689 
17.019999999973674, -1.4674225989455543 
17.02999999997365, -1.4654735917940735 
17.039999999973627, -1.4651079621351706 
17.049999999973604, -1.4673134478526955 
17.05999999997358, -1.4718830367529294 
17.069999999973557, -1.4719481005408184 
17.079999999973534, -1.4716273753375182 
17.08999999997351, -1.4714008000078018 
17.099999999973488, -1.47057551295887 
17.109999999973464, -1.4678956006693114 
17.11999999997344, -1.4673208320174167 
17.129999999973418, -1.466455913755366 
17.139999999973394, -1.4742770965611645 
17.14999999997337, -1.4790561673644327 
17.159999999973348, -1.4788817999492567 
17.169999999973324, -1.4786779878584575 
17.1799999999733, -1.478437767254223 
17.189999999973278, -1.4775154659564969 
17.199999999973254, -1.4757388482100777 
17.20999999997323, -1.4754720238996635 
17.219999999973208, -1.4732320475753282 
17.229999999973185, -1.4890832249403065 
17.23999999997316, -1.4914962971090253 
17.249999999973138, -1.4911924409122854 
17.259999999973115, -1.4911090790918204 
17.26999999997309, -1.4907698234775897 
17.279999999973068, -1.4896665263289206 
17.289999999973045, -1.4885883301830498 
17.29999999997302, -1.4881512495918632 
17.309999999972998, -1.486342262092241 
17.319999999972975, -1.504626042128656 
17.32999999997295, -1.5050102439518398 
17.339999999972928, -1.5047623441332043 
17.349999999972905, -1.5046650931643069 
17.35999999997288, -1.504104529391231 
17.36999999997286, -1.502677387604031 
17.379999999972835, -1.5021946436032665 
17.38999999997281, -1.500831138602848 
17.39999999997279, -1.5123888056039014 
17.409999999972765, -1.5182825103558935 
17.41999999997274, -1.518029450491268 
17.42999999997272, -1.5178987542734415 
17.439999999972695, -1.5176136909794888 
17.449999999972672, -1.5165626647236752 
17.45999999997265, -1.5151329568791512 
17.469999999972625, -1.5148031077123054 
17.479999999972602, -1.5137212702669407 
17.48999999997258, -1.5281277575454035 
17.499999999972555, -1.528653930164064 
17.509999999972532, -1.5283416724089087 
17.51999999997251, -1.5281555144362373 
17.529999999972485, -1.5274486636058415 
17.539999999972462, -1.5251531179233369 
17.54999999997244, -1.5245980900116765 
17.559999999972415, -1.5236433319651534 
17.569999999972392, -1.5309050553140169 
17.57999999997237, -1.5334753574995081 
17.589999999972346, -1.5331837755768911 
17.599999999972322, -1.532916392045803 
17.6099999999723, -1.5324832946406823 
17.619999999972276, -1.5302631574822816 
17.629999999972252, -1.5276176422260557 
17.63999999997223, -1.5273737194683235 
17.649999999972206, -1.528383223035883 
17.659999999972182, -1.5322675500156375 
17.66999999997216, -1.5323078684858606 
17.679999999972136, -1.5319109723260211 
17.689999999972112, -1.531604376952766 
17.69999999997209, -1.5302045114572593 
17.709999999972066, -1.5236097217636049 
17.719999999972043, -1.5236181880837798 
17.72999999997202, -1.5230869441703851 
17.739999999971996, -1.5256231542707337 
17.749999999971973, -1.5262107212223883 
17.75999999997195, -1.5258218783025372 
17.769999999971926, -1.525445613584987 
17.779999999971903, -1.524844013058584 
17.78999999997188, -1.5182695148817462 
17.799999999971856, -1.5135271822205114 
17.809999999971833, -1.5133905579887932 
17.81999999997181, -1.513934599350296 
17.829999999971786, -1.5151663088837364 
17.839999999971763, -1.5150018040675264 
17.84999999997174, -1.5145084668784783 
17.859999999971716, -1.514168304754169 
17.869999999971693, -1.5120812182820114 
17.87999999997167, -1.4987953246672043 
17.889999999971646, -1.4997826551267683 
17.899999999971623, -1.4993713267041964 
17.9099999999716, -1.5007120340279314 
17.919999999971576, -1.5010568885695756 
17.929999999971553, -1.500652638961561 
17.93999999997153, -1.5002167621257674 
17.949999999971507, -1.4997083353230973 
17.959999999971483, -1.4930926713858355 
17.96999999997146, -1.4851844740851012 
17.979999999971437, -1.4853259805318721 
17.989999999971413, -1.4854206368230898 
17.99999999997139, -1.486881274101404 
18.009999999971367, -1.4868812038895727 
18.019999999971343, -1.4864186401181965 
18.02999999997132, -1.4860854033222213 
18.039999999971297, -1.4850667245259883 
18.049999999971273, -1.4755819838812745 
18.05999999997125, -1.4740317311033047 
18.069999999971227, -1.473688666151397 
18.079999999971204, -1.4750549952723637 
18.08999999997118, -1.4764675854135003 
18.099999999971157, -1.4762941871242767 
18.109999999971134, -1.4758902383887482 
18.11999999997111, -1.4755811645016006 
18.129999999971087, -1.4739797331616693 
18.139999999971064, -1.4675302209879768 
18.14999999997104, -1.4675023623781087 
18.159999999971017, -1.4668772700519328 
18.169999999970994, -1.4707432509146758 
18.17999999997097, -1.4721210079082923 
18.189999999970947, -1.47184176884498 
18.199999999970924, -1.4715485290482433 
18.2099999999709, -1.471184925844078 
18.219999999970877, -1.4694113499300168 
18.229999999970854, -1.4662303079731775 
18.23999999997083, -1.4661108360748816 
18.249999999970807, -1.4653725877844184 
18.259999999970784, -1.4738534589779706 
18.26999999997076, -1.4748998583674637 
18.279999999970737, -1.4745766741490565 
18.289999999970714, -1.4743917298604594 
18.29999999997069, -1.4739378829169707 
18.309999999970668, -1.4722646393412508 
18.319999999970644, -1.4708355817582661 
18.32999999997062, -1.4704470440001425 
18.339999999970598, -1.4715414760557852 
18.349999999970574, -1.4841999640615071 
18.35999999997055, -1.4845522900898824 
18.369999999970528, -1.4842767595251491 
18.379999999970504, -1.4841432449577163 
18.38999999997048, -1.4835650626641075 
18.399999999970458, -1.481979402656298 
18.409999999970434, -1.48139424868417 
18.41999999997041, -1.4803806573863192 
18.429999999970388, -1.4895077943095378 
18.439999999970365, -1.497740427486315 
18.44999999997034, -1.4975739380417126 
18.459999999970318, -1.4974307740465855 
18.469999999970295, -1.4972305286604348 
18.47999999997027, -1.4964276550874354 
18.489999999970248, -1.4950128413356458 
18.499999999970225, -1.4947163066153617 
18.5099999999702, -1.4916324204984888 
18.519999999970178, -1.5093436187195823 
18.529999999970155, -1.5112079946313217 
18.53999999997013, -1.5108964467402446 
18.549999999970108, -1.5108186746117132 
18.559999999970085, -1.5104094623546256 
18.56999999997006, -1.5091270225323368 
18.57999999997004, -1.5082226227576694 
18.589999999970015, -1.5076024624164237 
18.59999999996999, -1.5117434071839564 
18.60999999996997, -1.5232116467444432 
18.619999999969945, -1.5231935362969171 
18.62999999996992, -1.5229638674915973 
18.6399999999699, -1.5227489607482094 
18.649999999969875, -1.5218716616422328 
18.659999999969852, -1.5199249172461426 
18.66999999996983, -1.5196497070355812 
18.679999999969805, -1.5180774001200665 
18.689999999969782, -1.5296851382861747 
18.69999999996976, -1.5311039205817885 
18.709999999969735, -1.5307649748178072 
18.719999999969712, -1.5305576038172624 
18.72999999996969, -1.5299980794583596 
18.739999999969665, -1.5276222886107806 
18.749999999969642, -1.5263086138299593 
18.75999999996962, -1.5257826265584171 
18.769999999969595, -1.5293549026184214 
18.779999999969572, -1.5329270908354122 
18.78999999996955, -1.5327659405650589 
18.799999999969526, -1.5324280341094418 
18.809999999969502, -1.5320855198105834 
18.81999999996948, -1.5302512906710373 
18.829999999969456, -1.5258094414385714 
18.839999999969432, -1.5258042306952966 
18.84999999996941, -1.5255557209099415 
18.859999999969386, -1.5291365452925278 
18.869999999969362, -1.529451184878842 
18.87999999996934, -1.5290366339878367 
18.889999999969316, -1.528717867280833 
18.899999999969292, -1.5277911273709441 
18.90999999996927, -1.520346926596375 
18.919999999969246, -1.5190575247298916 
18.929999999969223, -1.5186433095197456 
18.9399999999692, -1.5201536497104176 
18.949999999969176, -1.5211006046052382 
18.959999999969153, -1.5208012108562887 
18.96999999996913, -1.5203572983306293 
18.979999999969106, -1.5199536893367007 
18.989999999969083, -1.5159887110378478 
18.99999999996906, -1.5066793097613245 
19.009999999969036, -1.5070589767275864 
19.019999999969013, -1.5069090428996896 
19.02999999996899, -1.508423669602289 
19.039999999968966, -1.5084795154491748 
19.049999999968943, -1.508002973125899 
19.05999999996892, -1.507637539750758 
19.069999999968896, -1.5066703834009298 
19.079999999968873, -1.4945984473417289 
19.08999999996885, -1.492966226059428 
19.099999999968826, -1.4926816860991778 
19.109999999968803, -1.4935230614932322 
19.11999999996878, -1.4943635834411666 
19.129999999968756, -1.4941126090558345 
19.139999999968733, -1.4936322095327224 
19.14999999996871, -1.4932893609169366 
19.159999999968687, -1.4907441032794333 
19.169999999968663, -1.479210176201743 
19.17999999996864, -1.479929033006054 
19.189999999968617, -1.4795056723769713 
19.199999999968593, -1.4813779570089367 
19.20999999996857, -1.48185065303087 
19.219999999968547, -1.4814802009548669 
19.229999999968523, -1.4811043275685902 
19.2399999999685, -1.4806216875430733 
19.249999999968477, -1.4764487746241959 
19.259999999968453, -1.4707563242907031 
19.26999999996843, -1.4707800819687338 
19.279999999968407, -1.470900149674492 
19.289999999968384, -1.4739215294364618 
19.29999999996836, -1.4741780197154977 
19.309999999968337, -1.4737937614395291 
19.319999999968314, -1.4735155957707913 
19.32999999996829, -1.4728071226617787 
19.339999999968267, -1.4688187497678804 
19.349999999968244, -1.4669241607902566 
19.35999999996822, -1.46654702642852 
19.369999999968197, -1.4688276663609556 
19.379999999968174, -1.4729973358923611 
19.38999999996815, -1.4730280132420381 
19.399999999968127, -1.4727042972193638 
19.409999999968104, -1.472468718871425 
19.41999999996808, -1.4715922532430983 
19.429999999968057, -1.4687352172901151 
19.439999999968034, -1.4682108003308607 
19.44999999996801, -1.4673294136995694 
19.459999999967987, -1.4750571534817505 
19.469999999967964, -1.4792180843531897 
19.47999999996794, -1.4790240224964517 
19.489999999967917, -1.4788156103469028 
19.499999999967894, -1.4785582024652824 
19.50999999996787, -1.4775706996402496 
19.519999999967848, -1.4757192967242116 
19.529999999967824, -1.4754660363257488 
19.5399999999678, -1.4733142822913106 
19.549999999967778, -1.488807052536679 
19.559999999967754, -1.4908957376362995 
19.56999999996773, -1.4905887543490726 
19.579999999967708, -1.490493332539702 
19.589999999967684, -1.4901315604027472 
19.59999999996766, -1.4889574481187768 
19.609999999967638, -1.4878740847160972 
19.619999999967614, -1.487421912631677 
19.62999999996759, -1.4866884107100329 
19.639999999967568, -1.5038218103040302 
19.649999999967545, -1.5041398542811344 
19.65999999996752, -1.5038933326998012 
19.669999999967498, -1.5037810631648767 
19.679999999967475, -1.5031936905194687 
19.68999999996745, -1.5017059592022348 
19.699999999967428, -1.5012415197114326 
19.709999999967405, -1.499832550725062 
19.71999999996738, -1.5118143317357122 
19.729999999967358, -1.517166256853003 
19.739999999967335, -1.516905289578952 
19.74999999996731, -1.5167712693570208 
19.759999999967288, -1.5164745742798518 
19.769999999967265, -1.515385933271245 
19.77999999996724, -1.5139474721534751 
19.78999999996722, -1.5136137464842718 
19.799999999967195, -1.5128088507186914 
19.80999999996717, -1.526780586688042 
19.81999999996715, -1.5272652385526602 
19.829999999967125, -1.526953927895173 
19.8399999999671, -1.526764795317356 
19.84999999996708, -1.5260465504409781 
19.859999999967055, -1.5237264770875922 
19.869999999967032, -1.5231866699069632 
19.87999999996701, -1.5222224027120235 
19.889999999966985, -1.5295509795923483 
19.899999999966962, -1.5320891386723499 
19.90999999996694, -1.5317965286966837 
19.919999999966915, -1.5315313641319988 
19.929999999966892, -1.5310987447623972 
19.93999999996687, -1.5289016383767025 
19.949999999966845, -1.5262951929141104 
19.959999999966822, -1.5260481879932928 
19.9699999999668, -1.5270710950900206 
19.979999999966775, -1.5310858023624525 
19.989999999966752, -1.5311352955735664 
19.99999999996673, -1.5307419307872767 
20.009999999966706, -1.5304384324376021 
20.019999999966682, -1.529077278246361 
20.02999999996666, -1.5227317916137333 
20.039999999966636, -1.5226963150282133 
20.049999999966612, -1.522150919015189 
20.05999999996659, -1.5248062633283954 
20.069999999966566, -1.5254430991233399 
20.079999999966542, -1.5250609800447472 
20.08999999996652, -1.5246893147599 
20.099999999966496, -1.5241015446984774 
20.109999999966472, -1.5179833453512552 
20.11999999996645, -1.5132597074603384 
20.129999999966426, -1.513124778937083 
20.139999999966403, -1.5136813472440613 
20.14999999996638, -1.515017231566997 
20.159999999966356, -1.514869588549784 
20.169999999966333, -1.5143846845127924 
20.17999999996631, -1.5140471423195914 
20.189999999966286, -1.5120695553460284 
20.199999999966263, -1.4993862309182138 
20.20999999996624, -1.500242559290366 
20.219999999966216, -1.4998216987092101 
20.229999999966193, -1.5012361104243372 
20.23999999996617, -1.5016218770748833 
20.249999999966146, -1.5012262179429294 
20.259999999966123, -1.500795296375742 
20.2699999999661, -1.5002946819014547 
20.279999999966076, -1.4940710252571645 
20.289999999966053, -1.4862645343528538 
20.29999999996603, -1.4864035032316025 
20.309999999966006, -1.4864957088437063 
20.319999999965983, -1.48802999279724 
20.32999999996596, -1.488042851329968 
20.339999999965936, -1.487584502102435 
20.349999999965913, -1.4872527840685759 
20.35999999996589, -1.4862457647568104 
20.369999999965867, -1.4770277529435332 
20.379999999965843, -1.4754548351545156 
20.38999999996582, -1.4751081217204844 
20.399999999965797, -1.4765011762694538 
20.409999999965773, -1.4779301782394278 
20.41999999996575, -1.4777556436652484 
20.429999999965727, -1.4773524037260166 
20.439999999965703, -1.4770420392466361 
20.44999999996568, -1.4754207519164244 
20.459999999965657, -1.4689627723826824 
20.469999999965633, -1.4689526372030026 
20.47999999996561, -1.468329818629563 
20.489999999965587, -1.4721732809695085 
20.499999999965564, -1.4734950747910889 
20.50999999996554, -1.4732098951822465 
20.519999999965517, -1.472915289077936 
20.529999999965494, -1.472543231678375 
20.53999999996547, -1.470695683672031 
20.549999999965447, -1.467476241452765 
20.559999999965424, -1.4673591101059456 
20.5699999999654, -1.466725449654247 
20.579999999965377, -1.4748436683978239 
20.589999999965354, -1.4757939974833196 
20.59999999996533, -1.4754673362316573 
20.609999999965307, -1.4752765647547004 
20.619999999965284, -1.4748030798490277 
20.62999999996526, -1.473031220090822 
20.639999999965237, -1.4716050103684222 
20.649999999965214, -1.4712038050709797 
20.65999999996519, -1.4728278436747348 
20.669999999965167, -1.4844245846839945 
20.679999999965144, -1.4847165463620688 
20.68999999996512, -1.484440863699122 
20.699999999965097, -1.484294585764169 
20.709999999965074, -1.483686069770763 
20.71999999996505, -1.4820150434756758 
20.729999999965028, -1.4814533474664662 
20.739999999965004, -1.4804002670230092 
20.74999999996498, -1.4901386807036023 
20.759999999964958, -1.4974560567267858 
20.769999999964934, -1.4972722417334245 
20.77999999996491, -1.4971254147222794 
20.789999999964888, -1.4969087747188758 
20.799999999964864, -1.4960639661308421 
20.80999999996484, -1.4946114135915871 
20.819999999964818, -1.4943200361816136 
20.829999999964794, -1.4913323045138671 
20.83999999996477, -1.508980236109531 
20.849999999964748, -1.5106422511150437 
20.859999999964725, -1.5103304628436964 
20.8699999999647, -1.5102420031688564 
20.879999999964678, -1.509813555931936 
20.889999999964655, -1.5084697331425736 
20.89999999996463, -1.5075751899280119 
20.909999999964608, -1.5069346634927905 
20.919999999964585, -1.5117152867677868 
20.92999999996456, -1.5222781668583258 
20.939999999964538, -1.5222359649126165 
20.949999999964515, -1.5220060657790218 
20.95999999996449, -1.521781867292246 
20.969999999964468, -1.5208731896187826 
20.979999999964445, -1.5188881952241788 
20.98999999996442, -1.5186228667219206 
20.9999999999644, -1.5171024131425026 
21.009999999964375, -1.5285171328878193 
21.01999999996435, -1.5298458918966713 
21.02999999996433, -1.5295057652835862 
21.039999999964305, -1.529296681773497 
21.04999999996428, -1.5287271231095605 
21.05999999996426, -1.5263053015177754 
21.069999999964235, -1.5250139649694099 
21.079999999964212, -1.5244809365271548 
21.08999999996419, -1.5281109502117203 
21.099999999964165, -1.5316283705844944 
21.109999999964142, -1.5314633812445049 
21.11999999996412, -1.5311272392971 
21.129999999964095, -1.5307844872558998 
21.139999999964072, -1.5289551311965035 
21.14999999996405, -1.5245709189909427 
21.159999999964025, -1.5245601029253932 
21.169999999964002, -1.5243087603342982 
21.17999999996398, -1.5279781743571814 
21.189999999963955, -1.5283045777507378 
21.199999999963932, -1.5278929043694198 
21.20999999996391, -1.5275768517767576 
21.219999999963886, -1.5266648420662536 
21.229999999963862, -1.5195073000886856 
21.23999999996384, -1.5181733844967074 
21.249999999963816, -1.5177564189891524 
21.259999999963792, -1.5193200842780052 
21.26999999996377, -1.5203269217195 
21.279999999963746, -1.5200354716977793 
21.289999999963722, -1.519597095083681 
21.2999999999637, -1.5191981793525702 
21.309999999963676, -1.5154505514351828 
21.319999999963652, -1.5064045349108746 
21.32999999996363, -1.5067715819687377 
21.339999999963606, -1.5066093741967015 
21.349999999963583, -1.5082223385428581 
21.35999999996356, -1.5083025416955929 
21.369999999963536, -1.5078341667019994 
21.379999999963513, -1.5074717097202797 
21.38999999996349, -1.506534384864475 
21.399999999963466, -1.4952173964973268 
21.409999999963443, -1.4933397188757462 
21.41999999996342, -1.4930554050451053 
21.429999999963396, -1.4939283899724274 
21.439999999963373, -1.4948345939648042 
21.44999999996335, -1.4945943344180346 
21.459999999963326, -1.494120478471086 
21.469999999963303, -1.4937798581876742 
21.47999999996328, -1.491341342577891 
21.489999999963256, -1.4802133228647936 
21.499999999963233, -1.480874644194299 
21.50999999996321, -1.4804415597871214 
21.519999999963186, -1.4823869325728072 
21.529999999963163, -1.4828880309496686 
21.53999999996314, -1.4825212526871188 
21.549999999963116, -1.4821483188222417 
21.559999999963093, -1.481668234383803 
21.56999999996307, -1.4775985488790384 
21.579999999963047, -1.4720170267281723 
21.589999999963023, -1.4720339836927072 
21.599999999963, -1.4721596227960259 
21.609999999962977, -1.475229680280641 
21.619999999962953, -1.4754870623894158 
21.62999999996293, -1.475102867615844 
21.639999999962907, -1.474825071962588 
21.649999999962883, -1.4741105630078988 
21.65999999996286, -1.4700949079717454 
21.669999999962837, -1.4682376825630563 
21.679999999962813, -1.4678536623004064 
21.68999999996279, -1.4701844933398591 
21.699999999962767, -1.4742410691332564 
21.709999999962744, -1.4742580009744104 
21.71999999996272, -1.4739335487358884 
21.729999999962697, -1.4736940837066357 
21.739999999962674, -1.4727925595307894 
21.74999999996265, -1.4698599472988485 
21.759999999962627, -1.4693645868080998 
21.769999999962604, -1.4684715851936918 
21.77999999996258, -1.476165161432345 
21.789999999962557, -1.4800220768731758 
21.799999999962534, -1.479816532732581 
21.80999999996251, -1.47960578055273 
21.819999999962487, -1.4793375287578725 
21.829999999962464, -1.478305684657296 
21.83999999996244, -1.4764116681477375 
21.849999999962417, -1.4761658997062725 
21.859999999962394, -1.4740953700578276 
21.86999999996237, -1.4892617893580018 
21.879999999962347, -1.4911392563691928 
21.889999999962324, -1.490829939544497 
21.8999999999623, -1.490725570351963 
21.909999999962277, -1.4903454445051583 
21.919999999962254, -1.489110142985915 
21.92999999996223, -1.4880264476517704 
21.939999999962208, -1.4875595299499589 
21.949999999962184, -1.4877555562894402 
21.95999999996216, -1.503773400542491 
21.969999999962138, -1.5040357190976916 
21.979999999962114, -1.503789975735743 
21.98999999996209, -1.5036634807194396 
21.999999999962068, -1.5030479724985442 
22.009999999962044, -1.5014960950821263 
22.01999999996202, -1.5010510058241424 
22.029999999961998, -1.4995974608435192 
22.039999999961974, -1.5118998251127482 
22.04999999996195, -1.516697837148987 
22.059999999961928, -1.5164283127957108 
22.069999999961905, -1.5162891634582762 
22.07999999996188, -1.515977433082947 
22.089999999961858, -1.5148356379542058 
22.099999999961835, -1.5133821835069212 
22.10999999996181, -1.5130429091325936 
22.119999999961788, -1.5126588539441264 
22.129999999961765, -1.525880740230111 
22.13999999996174, -1.5263060631326184 
22.149999999961718, -1.5259948558696415 
22.159999999961695, -1.5257988426916445 
22.16999999996167, -1.5250556726653526 
22.179999999961648, -1.5226598155190616 
22.189999999961625, -1.5221470150601226 
22.1999999999616, -1.5211763048591869 
22.20999999996158, -1.5284561592474044 
22.219999999961555, -1.5308480944931853 
22.22999999996153, -1.5305506095481867 
22.23999999996151, -1.530285142868189 
22.249999999961485, -1.529845605850391 
22.25999999996146, -1.527598821471095 
22.26999999996144, -1.5250071413061415 
22.279999999961415, -1.5247551924947125 
22.289999999961392, -1.525825050998916 
22.29999999996137, -1.5297991778445876 
22.309999999961345, -1.5298425152750568 
22.319999999961322, -1.5294503950449352 
22.3299999999613, -1.5291474630740012 
22.339999999961275, -1.527786594681458 
22.349999999961252, -1.521521303741605 
22.35999999996123, -1.5214800163660018 
22.369999999961205, -1.5209295129266742 
22.379999999961182, -1.5236484892762148 
22.38999999996116, -1.524304697474146 
22.399999999961135, -1.523925542281887 
22.409999999961112, -1.5235571761151476 
22.41999999996109, -1.5229753544251174 
22.429999999961066, -1.5170993246573938 
22.439999999961042, -1.5124247892580052 
22.44999999996102, -1.5122887232945244 
22.459999999960996, -1.5128590189480142 
22.469999999960972, -1.5142715326313312 
22.47999999996095, -1.5141359164771346 
22.489999999960926, -1.51365759038658 
22.499999999960902, -1.5133224315204976 
22.50999999996088, -1.511425123394855 
22.519999999960856, -1.4992539545985812 
22.529999999960832, -1.499997839396478 
22.53999999996081, -1.4995684924728703 
22.549999999960786, -1.5010548058135396 
22.559999999960763, -1.5014813386285515 
22.56999999996074, -1.50109412918899 
22.579999999960716, -1.500668417605791 
22.589999999960693, -1.500176321574616 
22.59999999996067, -1.4943548693370854 
22.609999999960646, -1.4866713934929194 
22.619999999960623, -1.4868086421658024 
22.6299999999606, -1.4868946337366693 
22.639999999960576, -1.4885274429116797 
22.649999999960553, -1.488559432141324 
22.65999999996053, -1.488107280145303 
22.669999999960506, -1.4877779375801305 
22.679999999960483, -1.4867962365812046 
22.68999999996046, -1.478038583845425 
22.699999999960436, -1.4763825901957413 
22.709999999960413, -1.4760338273977927 
22.71999999996039, -1.4774661547921069 
22.729999999960366, -1.4789619736984052 
22.739999999960343, -1.4787932188827688 
22.74999999996032, -1.4783930872321327 
22.759999999960296, -1.4780838771371312 
22.769999999960273, -1.4764871743667247 
22.77999999996025, -1.4701753245283131 
22.789999999960227, -1.470150795374419 
22.799999999960203, -1.469521387495821 
22.80999999996018, -1.4734287300907405 
22.819999999960157, -1.4747587685138228 
22.829999999960133, -1.4744723946610354 
22.83999999996011, -1.474178733666649 
22.849999999960087, -1.4738040431795045 
22.859999999960063, -1.4719401502353668 
22.86999999996004, -1.4687376690837706 
22.879999999960017, -1.4686182375568126 
22.889999999959993, -1.4680280204607872 
22.89999999995997, -1.476043127616457 
22.909999999959947, -1.476951148266442 
22.919999999959924, -1.4766227207137435 
22.9299999999599, -1.4764294508374383 
22.939999999959877, -1.4759444948890914 
22.949999999959854, -1.4741166747892023 
22.95999999995983, -1.4727010969968612 
22.969999999959807, -1.4722898313522295 
22.979999999959784, -1.4742400285192252 
22.98999999995976, -1.485192191471203 
22.999999999959737, -1.4854450000390287 
23.009999999959714, -1.4851692845603401 
23.01999999995969, -1.4850141567959085 
23.029999999959667, -1.484382071368029 
23.039999999959644, -1.482646143830989 
23.04999999995962, -1.482104875970137 
23.059999999959597, -1.481018496654506 
23.069999999959574, -1.4911368632524744 
23.07999999995955, -1.4977662128109968 
23.089999999959527, -1.497568368093426 
23.099999999959504, -1.4974181916166691 
23.10999999995948, -1.4971870737095296 
23.119999999959457, -1.4963017906423588 
23.129999999959434, -1.4948161050828932 
23.13999999995941, -1.4945282950709466 
23.149999999959388, -1.4916795995568415 
23.159999999959364, -1.509105090688004 
23.16999999995934, -1.5105859633399894 
23.179999999959318, -1.510273809634157 
23.189999999959294, -1.5101741908577087 
23.19999999995927, -1.5097246655537722 
23.209999999959248, -1.5083100664285958 
23.219999999959224, -1.5074274839293424 
23.2299999999592, -1.5067641463376917 
23.239999999959178, -1.5121650860224436 
23.249999999959154, -1.5217358674408938 
23.25999999995913, -1.521667655826905 
23.269999999959108, -1.5214365401767949 
23.279999999959085, -1.5212006073582662 
23.28999999995906, -1.52024905773989 
23.299999999959038, -1.5182096357391206 
23.309999999959015, -1.5179563021122042 
23.31999999995899, -1.5165279879375895 
23.329999999958968, -1.527589506672709 
23.339999999958945, -1.5287982338758512 
23.34999999995892, -1.5284559909337736 
23.359999999958898, -1.5282429310672767 
23.369999999958875, -1.5276558049772138 
23.37999999995885, -1.525137852674267 
23.389999999958828, -1.523874587746005 
23.399999999958805, -1.5233322911214655 
23.40999999995878, -1.5270030592887731 
23.41999999995876, -1.5303558243938231 
23.429999999958735, -1.5301814794268411 
23.43999999995871, -1.5298456935087819 
23.44999999995869, -1.5294995595318024 
23.459999999958665, -1.5276347026156543 
23.46999999995864, -1.5232529457313724 
23.47999999995862, -1.523241365210194 
23.489999999958595, -1.5230081459157467 
23.499999999958572, -1.5266833500910097 
23.50999999995855, -1.527005149064707 
23.519999999958525, -1.5265943621829487 
23.529999999958502, -1.5262799507600402 
23.53999999995848, -1.525369386262385 
23.549999999958455, -1.5183331918024703 
23.559999999958432, -1.5170021450669846 
23.56999999995841, -1.5165820454126817 
23.579999999958385, -1.5181873418401948 
23.589999999958362, -1.5192304082128274 
23.59999999995834, -1.5189436561153313 
23.609999999958315, -1.5185096429349645 
23.619999999958292, -1.5181137797450936 
23.62999999995827, -1.5145119125720088 
23.639999999958246, -1.5056882961199554 
23.649999999958222, -1.5060422336425845 
23.6599999999582, -1.5058707788263868 
23.669999999958176, -1.5075712667360883 
23.679999999958152, -1.5076729197372198 
23.68999999995813, -1.5072116748472264 
23.699999999958106, -1.5068522892890315 
23.709999999958082, -1.5059411881254705 
23.71999999995806, -1.4953083946462753 
23.729999999958036, -1.4932277923589752 
23.739999999958012, -1.4929438075736678 
23.74999999995799, -1.4938495836201964 
23.759999999957966, -1.4948284389628697 
23.769999999957943, -1.4945999899599756 
23.77999999995792, -1.4941331757546634 
23.789999999957896, -1.4937954186285816 
23.799999999957873, -1.491476385965208 
23.80999999995785, -1.4808059574274883 
23.819999999957826, -1.4813991980567893 
23.829999999957803, -1.4809533488774982 
23.83999999995778, -1.482993391857158 
23.849999999957756, -1.4835358973104165 
23.859999999957733, -1.4831748769037627 
23.86999999995771, -1.482805901270029 
23.879999999957686, -1.4823320165283789 
23.889999999957663, -1.478442489388512 
23.89999999995764, -1.4730003711140371 
23.909999999957616, -1.4730113610934343 
23.919999999957593, -1.4731280577284607 
23.92999999995757, -1.47631769208312 
23.939999999957546, -1.4765892894960135 
23.949999999957523, -1.4762069989406184 
23.9599999999575, -1.4759310138385315 
23.969999999957476, -1.475220682570298 
23.979999999957453, -1.471275339096689 
23.98999999995743, -1.4694442437994608 
23.999999999957407, -1.4690555745656884 
24.009999999957383, -1.4714307876228552 
24.01999999995736, -1.4755055005915163 
24.029999999957337, -1.4755181702931017 
24.039999999957313, -1.475194196841163 
24.04999999995729, -1.4749533864581363 
24.059999999957267, -1.47404142536536 
24.069999999957243, -1.4710883948021762 
24.07999999995722, -1.4706100135883686 
24.089999999957197, -1.4697065308492574 
24.099999999957173, -1.4774157036903215 
24.10999999995715, -1.481108326233782 
24.119999999957127, -1.4808952449788737 
24.129999999957104, -1.4806834244974247 
24.13999999995708, -1.4804076527693268 
24.149999999957057, -1.4793438894555622 
24.159999999957034, -1.4774252631883098 
24.16999999995701, -1.4771837602515345 
24.179999999956987, -1.4751853230591434 
24.189999999956964, -1.4900769469794168 
24.19999999995694, -1.4918005073783658 
24.209999999956917, -1.4914893156439726 
24.219999999956894, -1.4913777721451067 
24.22999999995687, -1.490981679022445 
24.239999999956847, -1.489690951446877 
24.249999999956824, -1.488610100996507 
24.2599999999568, -1.488128629965319 
24.269999999956777, -1.4891375848894515 
24.279999999956754, -1.5040978281568065 
24.28999999995673, -1.5043120632961673 
24.299999999956707, -1.5040667081056869 
24.309999999956684, -1.5039268794257903 
24.31999999995666, -1.5032824966167706 
24.329999999956637, -1.5016654157882765 
24.339999999956614, -1.5012401279071177 
24.34999999995659, -1.4997464967177807 
24.359999999956568, -1.5122421318330974 
24.369999999956544, -1.5165266786093976 
24.37999999995652, -1.516248878192969 
24.389999999956498, -1.5161038458598706 
24.399999999956474, -1.515775726658377 
24.40999999995645, -1.514571754386684 
24.419999999956428, -1.5131023423671486 
24.429999999956404, -1.512756173610737 
24.43999999995638, -1.5128404432981268 
24.449999999956358, -1.525184967045172 
24.459999999956334, -1.52554830482463 
24.46999999995631, -1.5252367378140603 
24.479999999956288, -1.5250324083196405 
24.489999999956265, -1.5242574611915558 
24.49999999995624, -1.5217626456019344 
24.509999999956218, -1.5212823727488685 
24.519999999956195, -1.5203091448125972 
24.52999999995617, -1.5274826304460847 
24.539999999956148, -1.5296938775304991 
24.549999999956125, -1.529390170883443 
24.5599999999561, -1.5291233177246681 
24.569999999956078, -1.5286734994052646 
24.579999999956055, -1.5263434841044348 
24.58999999995603, -1.5237582812458346 
24.599999999956008, -1.5235003922797392 
24.609999999955985, -1.524630144562408 
24.61999999995596, -1.528491265957515 
24.62999999995594, -1.5285221474471071 
24.639999999955915, -1.5281303041510153 
24.64999999995589, -1.5278267936377863 
24.65999999995587, -1.526449736755162 
24.669999999955845, -1.5201937523832312 
24.67999999995582, -1.5201624694764346 
24.6899999999558, -1.5196109573166907 
24.699999999955775, -1.52236790544392 
24.709999999955752, -1.5230293564205328 
24.71999999995573, -1.522651491440593 
24.729999999955705, -1.5222858072176948 
24.739999999955682, -1.5217064751840053 
24.74999999995566, -1.5159813371650173 
24.759999999955635, -1.5113648052535675 
24.769999999955612, -1.51122632737221 
24.77999999995559, -1.5118112896083997 
24.789999999955565, -1.5132869568026395 
24.799999999955542, -1.5131609537534418 
24.80999999995552, -1.5126882617573232 
24.819999999955495, -1.51235535144356 
24.829999999955472, -1.510523244744417 
24.83999999995545, -1.498812874906646 
24.849999999955426, -1.4994559113600971 
24.859999999955402, -1.4990186225764832 
24.86999999995538, -1.5005762117728496 
24.879999999955356, -1.5010436302969101 
24.889999999955332, -1.5006645404861374 
24.89999999995531, -1.5002440690080014 
24.909999999955286, -1.4997604233778967 
24.919999999955262, -1.494317888675225 
24.92999999995524, -1.4867799247301625 
24.939999999955216, -1.4869150545978693 
24.949999999955192, -1.4869924886635502 
24.95999999995517, -1.4887370973149543 
24.969999999955146, -1.4887910655143322 
24.979999999955123, -1.4883456648014972 
24.9899999999551, -1.4880191210532503 
24.999999999955076, -1.4870668278134387 
