t, s[1].omega / s[0].omega 
0, -1.879826273054821 
0.009999999999999995, -1.8667375565900737 
0.019999999999999934, -1.8688200414710725 
0.029999999999999874, -1.8783789854034771 
0.04000000000000012, -1.885275044873198 
0.050000000000000405, -1.8886147692895456 
0.06000000000000069, -1.889929966425496 
0.07000000000000098, -1.8902366913559707 
0.08000000000000126, -1.8900180453593258 
0.09000000000000155, -1.8895342852291654 
0.10000000000000184, -1.8890287896438118 
0.11000000000000212, -1.8887473106073336 
0.12000000000000241, -1.8887683487174083 
0.130000000000002, -1.8889718131245345 
0.1400000000000009, -1.8892049091238732 
0.1499999999999998, -1.889337072228745 
0.1599999999999987, -1.8892354024344928 
0.1699999999999976, -1.888748174913245 
0.1799999999999965, -1.887644823239193 
0.1899999999999954, -1.8854917836617848 
0.1999999999999943, -1.881467042170041 
0.2099999999999932, -1.8742146120093917 
0.2199999999999921, -1.86249139146205 
0.229999999999991, -1.8485390034301319 
0.2399999999999899, -1.840650456949248 
0.2499999999999888, -1.8420304993786842 
0.2599999999999877, -1.8461185819305848 
0.2699999999999866, -1.848836228387014 
0.2799999999999855, -1.850050656662067 
0.2899999999999844, -1.8503574320812899 
0.2999999999999833, -1.8501399250673116 
0.3099999999999822, -1.849616181709716 
0.3199999999999811, -1.8490356953805365 
0.32999999999998, -1.8487891972551793 
0.3399999999999789, -1.8491540316509485 
0.3499999999999778, -1.8499576474864252 
0.35999999999997667, -1.8508144055619797 
0.36999999999997557, -1.8514731929810555 
0.37999999999997447, -1.8518221118429001 
0.38999999999997337, -1.8517945640343956 
0.39999999999997227, -1.8513118523391543 
0.40999999999997117, -1.8502397550375362 
0.41999999999997006, -1.848345745600022 
0.42999999999996896, -1.8452644918838295 
0.43999999999996786, -1.8405433241789342 
0.44999999999996676, -1.8340550567161444 
0.45999999999996566, -1.827142628294735 
0.46999999999996456, -1.8228810232956723 
0.47999999999996346, -1.8224315983605852 
0.48999999999996235, -1.8235883829739439 
0.49999999999996125, -1.8245252838839956 
0.5099999999999602, -1.8248635681932626 
0.519999999999959, -1.8246981089408039 
0.529999999999958, -1.8241232458976735 
0.5399999999999568, -1.8232425240047927 
0.5499999999999557, -1.8224418492446168 
0.5599999999999546, -1.8225939398971611 
0.5699999999999535, -1.82428374310695 
0.5799999999999524, -1.8268565282416425 
0.5899999999999513, -1.829266263121473 
0.5999999999999502, -1.8310321807690066 
0.6099999999999491, -1.8321137754828218 
0.619999999999948, -1.8325939170788679 
0.6299999999999469, -1.832546083251937 
0.6399999999999458, -1.8320017723881459 
0.6499999999999447, -1.8309469008850692 
0.6599999999999436, -1.8293303323037367 
0.6699999999999425, -1.827100912181735 
0.6799999999999414, -1.8243367394933228 
0.6899999999999403, -1.8215204123315858 
0.6999999999999392, -1.8195742549590546 
0.7099999999999381, -1.8189722284417715 
0.719999999999937, -1.8191398317110157 
0.7299999999999359, -1.819331020146027 
0.7399999999999348, -1.8192175599440863 
0.7499999999999337, -1.8186873875311858 
0.7599999999999326, -1.817610702752854 
0.7699999999999315, -1.8158532538243484 
0.7799999999999304, -1.8138396379877098 
0.7899999999999293, -1.8137210951342069 
0.7999999999999282, -1.8180634670172175 
0.8099999999999271, -1.8253823219699625 
0.819999999999926, -1.832066983969709 
0.8299999999999249, -1.8366530834506363 
0.8399999999999238, -1.8393662473985537 
0.8499999999999227, -1.8407652340585918 
0.8599999999999216, -1.8412846258360798 
0.8699999999999205, -1.8411975072755324 
0.8799999999999194, -1.8406631974743366 
0.8899999999999183, -1.8397799035777702 
0.8999999999999172, -1.8386314328173736 
0.9099999999999161, -1.8373344413856674 
0.919999999999915, -1.8361068786903136 
0.9299999999999139, -1.8352599444870552 
0.9399999999999128, -1.834925756065043 
0.9499999999999117, -1.8348686465829722 
0.9599999999999106, -1.8347465296192156 
0.9699999999999095, -1.8343189813747158 
0.9799999999999084, -1.833350205489222 
0.9899999999999073, -1.8314061342346892 
0.9999999999999062, -1.8277213719553096 
1.0099999999999052, -1.8218899010884073 
1.019999999999904, -1.8173454923861978 
1.029999999999903, -1.8225799757829602 
1.039999999999902, -1.8370856856069946 
1.0499999999999008, -1.8505632427260472 
1.0599999999998997, -1.8588132526548506 
1.0699999999998986, -1.8630317359525972 
1.0799999999998975, -1.8649463006199951 
1.0899999999998964, -1.865622749705859 
1.0999999999998953, -1.8656115379477598 
1.1099999999998942, -1.8651951743135182 
1.119999999999893, -1.86455170648943 
1.129999999999892, -1.8638327677916808 
1.1399999999998909, -1.8631650388482672 
1.1499999999998898, -1.862648735149963 
1.1599999999998887, -1.862357852364072 
1.1699999999998876, -1.8622502091176283 
1.1799999999998865, -1.862140648575703 
1.1899999999998854, -1.861810622975646 
1.1999999999998843, -1.8610250872892682 
1.2099999999998832, -1.8593802960591552 
1.219999999999882, -1.8560099247507442 
1.229999999999881, -1.8492236382150282 
1.2399999999998799, -1.8372059204909637 
1.2499999999998788, -1.8236698049747182 
1.2599999999998777, -1.822274848975292 
1.2699999999998766, -1.8348556389683979 
1.2799999999998755, -1.8474711212083155 
1.2899999999998744, -1.8546487605376065 
1.2999999999998733, -1.8579451849751343 
1.3099999999998722, -1.8592423273932792 
1.319999999999871, -1.8595504338088191 
1.32999999999987, -1.8593395719569326 
1.3399999999998689, -1.8588617584932012 
1.3499999999998678, -1.8583302946128863 
1.3599999999998666, -1.8579412253629495 
1.3699999999998655, -1.8577719809488957 
1.3799999999998644, -1.8577729471760098 
1.3899999999998633, -1.8578553451830953 
1.3999999999998622, -1.8579011041735698 
1.4099999999998611, -1.8577604533868741 
1.41999999999986, -1.857263094526682 
1.429999999999859, -1.856160136598102 
1.4399999999998578, -1.853978841112476 
1.4499999999998567, -1.8497902640584456 
1.4599999999998556, -1.8419893810828547 
1.4699999999998545, -1.8289590164833893 
1.4799999999998534, -1.813047904469532 
1.4899999999998523, -1.804113085406857 
1.4999999999998512, -1.8064260763768574 
1.5099999999998501, -1.8120389828619843 
1.519999999999849, -1.8157915782200917 
1.529999999999848, -1.817555218800371 
1.5399999999998468, -1.8181513344002014 
1.5499999999998457, -1.818107690465355 
1.5599999999998446, -1.8176953042679465 
1.5699999999998435, -1.8171296399292127 
1.5799999999998424, -1.8167221599203927 
1.5899999999998413, -1.8167875551878363 
1.5999999999998402, -1.8173290107621027 
1.6099999999998391, -1.8180559411912178 
1.619999999999838, -1.8186993070103832 
1.629999999999837, -1.8191122177197028 
1.6399999999998358, -1.819207766250376 
1.6499999999998347, -1.8189052489985553 
1.6599999999998336, -1.8180887329733526 
1.6699999999998325, -1.8165639160177982 
1.6799999999998314, -1.8140166776247308 
1.6899999999998303, -1.8100034503366587 
1.6999999999998292, -1.8041275843266256 
1.709999999999828, -1.7968019132534874 
1.719999999999827, -1.7904017075201135 
1.729999999999826, -1.7877740815716074 
1.7399999999998248, -1.7883208721883654 
1.7499999999998237, -1.789545031666377 
1.7599999999998226, -1.790282670967707 
1.7699999999998215, -1.7904425625148046 
1.7799999999998204, -1.7901410511886926 
1.7899999999998193, -1.789454675988224 
1.7999999999998182, -1.7885208331033255 
1.809999999999817, -1.7878503330876712 
1.819999999999816, -1.7883866973069344 
1.8299999999998149, -1.7904990411322863 
1.8399999999998138, -1.7933168429231643 
1.8499999999998127, -1.7958276536884348 
1.8599999999998116, -1.797635571850293 
1.8699999999998105, -1.798738137185016 
1.8799999999998094, -1.7992321213555993 
1.8899999999998083, -1.7992005398672135 
1.8999999999998072, -1.7986870840264153 
1.909999999999806, -1.7976961762024746 
1.919999999999805, -1.796204646921559 
1.9299999999998039, -1.7941973003522727 
1.9399999999998028, -1.7917711476195233 
1.9499999999998017, -1.7893368892249053 
1.9599999999998006, -1.7876259575467413 
1.9699999999997995, -1.7870250739419589 
1.9799999999997984, -1.7870997156018187 
1.9899999999997973, -1.7872232125630074 
1.9999999999997962, -1.7870774225370063 
2.0099999999998173, -1.7865242723448045 
2.0199999999998384, -1.7853921544496525 
2.0299999999998595, -1.7834314994483038 
2.0399999999998806, -1.780760277738855 
2.0499999999999017, -1.7793449051076735 
2.059999999999923, -1.7830660796693287 
2.069999999999944, -1.7919500099671732 
2.079999999999965, -1.8011842282297732 
2.089999999999986, -1.8078090278115007 
2.100000000000007, -1.8117834383156644 
2.1100000000000283, -1.8139017969402258 
2.1200000000000494, -1.8148415594898708 
2.1300000000000705, -1.8150336888738199 
2.1400000000000916, -1.8147291259992404 
2.1500000000001127, -1.814078761259457 
2.160000000000134, -1.8131967546206778 
2.170000000000155, -1.8121983531402557 
2.180000000000176, -1.8112263433231681 
2.190000000000197, -1.8104726518188614 
2.2000000000002182, -1.8100799433585995 
2.2100000000002393, -1.8099600921236838 
2.2200000000002604, -1.8098536125477582 
2.2300000000002815, -1.8095188839769196 
2.2400000000003026, -1.808728914458993 
2.2500000000003237, -1.8071005073884365 
2.260000000000345, -1.8038380229160231 
2.270000000000366, -1.7975859566699959 
2.280000000000387, -1.7878338273792742 
2.290000000000408, -1.780505963601092 
2.3000000000004293, -1.786757471761477 
2.3100000000004504, -1.8027927263121981 
2.3200000000004715, -1.8161359884311445 
2.3300000000004926, -1.8236101645182707 
2.3400000000005137, -1.8271529964398243 
2.3500000000005348, -1.8286273454338324 
2.360000000000556, -1.8290482800968213 
2.370000000000577, -1.828904607875177 
2.380000000000598, -1.8284520464297818 
2.390000000000619, -1.8278828563010179 
2.4000000000006403, -1.8273741109201218 
2.4100000000006614, -1.8270306361842625 
2.4200000000006825, -1.8268628707150107 
2.4300000000007036, -1.8268320265214566 
2.4400000000007247, -1.8268418727873552 
2.450000000000746, -1.8267379032839899 
2.460000000000767, -1.8263457659930658 
2.470000000000788, -1.8254412756247642 
2.480000000000809, -1.8236194650719937 
2.49000000000083, -1.8200659154036292 
2.5000000000008513, -1.8132671266537908 
2.5100000000008724, -1.8012400280587577 
2.5200000000008935, -1.7845907315174638 
2.5300000000009146, -1.7721582190665957 
2.5400000000009357, -1.7724878177490546 
2.550000000000957, -1.7792636353449383 
2.560000000000978, -1.7846555107509925 
2.570000000000999, -1.7874491339953167 
2.58000000000102, -1.78859598522528 
2.5900000000010412, -1.7888597415076763 
2.6000000000010624, -1.7886325159419623 
2.6100000000010835, -1.7881355752047756 
2.6200000000011046, -1.7876075206001054 
2.6300000000011257, -1.7873676650829988 
2.6400000000011468, -1.787611175079079 
2.650000000001168, -1.788205383728945 
2.660000000001189, -1.7888699665433148 
2.67000000000121, -1.7894027909460406 
2.680000000001231, -1.7896881638701003 
2.6900000000012523, -1.78964265865184 
2.7000000000012734, -1.7891757178315129 
2.7100000000012945, -1.7881510919322274 
2.7200000000013156, -1.786347056719316 
2.7300000000013367, -1.7834244694729353 
2.740000000001358, -1.7789506853444934 
2.750000000001379, -1.7726755766618498 
2.7600000000014, -1.7654112098306876 
2.770000000001421, -1.7597983097334207 
2.780000000001442, -1.758000769231471 
2.7900000000014633, -1.7587641660862385 
2.8000000000014844, -1.7598688696104028 
2.8100000000015055, -1.7604667614862368 
2.8200000000015266, -1.7605297701391298 
2.8300000000015477, -1.7601544517472267 
2.840000000001569, -1.75939673049549 
2.85000000000159, -1.758399391300112 
2.860000000001611, -1.7577324365959217 
2.870000000001632, -1.7584366966827285 
2.8800000000016532, -1.7608996058958664 
2.8900000000016743, -1.7641415096363187 
2.9000000000016954, -1.7670326824310472 
2.9100000000017165, -1.76913244703644 
2.9200000000017377, -1.7704465420143187 
2.9300000000017588, -1.771097784631366 
2.94000000000178, -1.7711974881549968 
2.950000000001801, -1.7708173886572198 
2.960000000001822, -1.7699914294916255 
2.970000000001843, -1.7687288103229708 
2.9800000000018643, -1.7670428588782894 
2.9900000000018854, -1.7650203850049713 
3.0000000000019065, -1.7629555998082889 
3.0100000000019276, -1.7613900551490094 
3.0200000000019487, -1.7607005600661005 
3.03000000000197, -1.760648723349286 
3.040000000001991, -1.7607170337605083 
3.050000000002012, -1.7605738690609152 
3.060000000002033, -1.760050623181161 
3.070000000002054, -1.758947670518328 
3.0800000000020753, -1.7569125260719525 
3.0900000000020964, -1.7536288529942738 
3.1000000000021175, -1.750152188554463 
3.1100000000021386, -1.7510106039620439 
3.1200000000021597, -1.759930531878813 
3.130000000002181, -1.7723873960562535 
3.140000000002202, -1.782367342905045 
3.150000000002223, -1.7885297751118938 
3.160000000002244, -1.7918604089941124 
3.1700000000022652, -1.7934534708541587 
3.1800000000022863, -1.7940236343809388 
3.1900000000023074, -1.7939761603373428 
3.2000000000023285, -1.793538469693169 
3.2100000000023496, -1.792862184737513 
3.2200000000023707, -1.792081050651543 
3.230000000002392, -1.7913198701711128 
3.240000000002413, -1.790695464308659 
3.250000000002434, -1.7903095326190506 
3.260000000002455, -1.790157067424674 
3.2700000000024763, -1.7900754560490175 
3.2800000000024974, -1.789848936040959 
3.2900000000025185, -1.7892699858636365 
3.3000000000025396, -1.7880450119676592 
3.3100000000025607, -1.78558161733793 
3.3200000000025818, -1.7806662259412445 
3.330000000002603, -1.7713515287316237 
3.340000000002624, -1.7570815743855828 
3.350000000002645, -1.745406750538995 
3.360000000002666, -1.7483206717355326 
3.3700000000026873, -1.761028125205398 
3.3800000000027084, -1.7716511272154247 
3.3900000000027295, -1.7774688451673093 
3.4000000000027506, -1.7801348607791128 
3.4100000000027717, -1.781165381697684 
3.420000000002793, -1.7813614192952003 
3.430000000002814, -1.7811054736191323 
3.440000000002835, -1.7806212246136242 
3.450000000002856, -1.7801263347626683 
3.460000000002877, -1.779838762114354 
3.4700000000028983, -1.7798419277251534 
3.4800000000029194, -1.780045974393488 
3.4900000000029405, -1.780310778653336 
3.5000000000029616, -1.7805091744982864 
3.5100000000029827, -1.7805182389656609 
3.520000000003004, -1.7802118715073576 
3.530000000003025, -1.779429971780449 
3.540000000003046, -1.7779120401650708 
3.550000000003067, -1.7752085536005313 
3.5600000000030882, -1.7705982607477941 
3.5700000000031094, -1.7631733714259474 
3.5800000000031305, -1.7526838497071016 
3.5900000000031516, -1.741708598256027 
3.6000000000031727, -1.735612436444915 
3.6100000000031938, -1.735722481867222 
3.620000000003215, -1.7380484086507824 
3.630000000003236, -1.7398346880320523 
3.640000000003257, -1.7406803091056564 
3.650000000003278, -1.74084664526548 
3.6600000000032993, -1.7405535256387892 
3.6700000000033204, -1.7399318507592128 
3.6800000000033415, -1.7391781310252898 
3.6900000000033626, -1.7387675690596478 
3.7000000000033837, -1.7393272476402708 
3.710000000003405, -1.7409338283443536 
3.720000000003426, -1.7429510624883275 
3.730000000003447, -1.7447491183363617 
3.740000000003468, -1.7460642000044249 
3.750000000003489, -1.7468594111256461 
3.7600000000035103, -1.7471640450746713 
3.7700000000035314, -1.7470050491163367 
3.7800000000035525, -1.7463851997768152 
3.7900000000035736, -1.745278422259639 
3.8000000000035947, -1.7436364763342531 
3.810000000003616, -1.7414206166142818 
3.820000000003637, -1.738702543628015 
3.830000000003658, -1.7358725843927956 
3.840000000003679, -1.7337127195424231 
3.8500000000037002, -1.7327893792570321 
3.8600000000037213, -1.732782017900049 
3.8700000000037424, -1.732984345294522 
3.8800000000037635, -1.7329806035838662 
3.8900000000037847, -1.732618213098228 
3.9000000000038058, -1.7317732738874665 
3.910000000003827, -1.7302332170216879 
3.920000000003848, -1.7278394746448533 
3.930000000003869, -1.7253752330195957 
3.94000000000389, -1.7259496090853375 
3.9500000000039113, -1.7325233345689823 
3.9600000000039324, -1.7425436898676818 
3.9700000000039535, -1.7513629327362197 
3.9800000000039746, -1.7572989295745152 
3.9900000000039957, -1.7607716087871406 
4.000000000004016, -1.762581713370014 
4.010000000003993, -1.7633403347597656 
4.02000000000397, -1.7634301655126148 
4.030000000003946, -1.7630775980662385 
4.040000000003923, -1.76242778747087 
4.0500000000039, -1.76160120175783 
4.0600000000038765, -1.760718821220578 
4.070000000003853, -1.7599101267304498 
4.08000000000383, -1.7593177233078545 
4.090000000003807, -1.7590215077236024 
4.100000000003783, -1.7589234617044163 
4.11000000000376, -1.758803733214172 
4.120000000003737, -1.7584498421609946 
4.130000000003713, -1.7576411575474817 
4.14000000000369, -1.7559981037469818 
4.150000000003667, -1.752731836962607 
4.1600000000036434, -1.7463531757033484 
4.17000000000362, -1.735144601811707 
4.180000000003597, -1.7211871187329901 
4.1900000000035735, -1.7155423062335327 
4.20000000000355, -1.7247025361666435 
4.210000000003527, -1.7381403009924778 
4.220000000003504, -1.747301920572804 
4.23000000000348, -1.752001904628693 
4.240000000003457, -1.754093176598693 
4.250000000003434, -1.7548473493316425 
4.26000000000341, -1.754904182229159 
4.270000000003387, -1.7545767306132583 
4.280000000003364, -1.7540717291159893 
4.2900000000033405, -1.753608205251878 
4.300000000003317, -1.7533861564431217 
4.310000000003294, -1.7534515803503379 
4.320000000003271, -1.7536958107918483 
4.330000000003247, -1.7539788652273294 
4.340000000003224, -1.7541753362912331 
4.350000000003201, -1.7541657983561092 
4.360000000003177, -1.7538285292078144 
4.370000000003154, -1.7530070505447508 
4.380000000003131, -1.7514502572535082 
4.390000000003107, -1.7487401768649096 
4.400000000003084, -1.7442368826375787 
4.410000000003061, -1.7371862580518223 
4.4200000000030375, -1.7274683008547818 
4.430000000003014, -1.71735786443358 
4.440000000002991, -1.7114348676911681 
4.450000000002968, -1.7110579392234062 
4.460000000002944, -1.7129461912531216 
4.470000000002921, -1.7145349890544455 
4.480000000002898, -1.7153143443574006 
4.490000000002874, -1.7154614489650215 
4.500000000002851, -1.7151579577815632 
4.510000000002828, -1.7145090573323725 
4.520000000002804, -1.7136795390373092 
4.530000000002781, -1.71314031723301 
4.540000000002758, -1.7136488282218765 
4.5500000000027345, -1.7154817674557663 
4.560000000002711, -1.717978319613519 
4.570000000002688, -1.7203101751734953 
4.580000000002665, -1.7220848438651966 
4.590000000002641, -1.7232429572146253 
4.600000000002618, -1.7238384378562839 
4.610000000002595, -1.72393494504855 
4.620000000002571, -1.7235748511425388 
4.630000000002548, -1.7227742538509585 
4.640000000002525, -1.7215291995578457 
4.6500000000025015, -1.7198358868126262 
4.660000000002478, -1.7177439206255758 
4.670000000002455, -1.7154728978045533 
4.6800000000024315, -1.7135177531517578 
4.690000000002408, -1.7124058546573604 
4.700000000002385, -1.7121391404811166 
4.710000000002362, -1.7122254943224497 
4.720000000002338, -1.712227077452934 
4.730000000002315, -1.711930412682289 
4.740000000002292, -1.711184683360285 
4.750000000002268, -1.7097359853310259 
4.760000000002245, -1.7071768534171006 
4.770000000002222, -1.7033846996801654 
4.7800000000021985, -1.7003445656759297 
4.790000000002175, -1.7033843258028256 
4.800000000002152, -1.7144977092739666 
4.810000000002129, -1.7276197632087715 
4.820000000002105, -1.737450563708911 
4.830000000002082, -1.743358359155365 
4.840000000002059, -1.7465048345507839 
4.850000000002035, -1.7479862235414334 
4.860000000002012, -1.748496535547062 
4.870000000001989, -1.7484262307792204 
4.880000000001965, -1.7479972747731154 
4.890000000001942, -1.7473647662476879 
4.900000000001919, -1.7466699752989612 
4.9100000000018955, -1.7460358228151478 
4.920000000001872, -1.7455511527855638 
4.930000000001849, -1.7452710967912974 
4.940000000001826, -1.7451706965432545 
4.950000000001802, -1.7451116058574203 
4.960000000001779, -1.7449086671248222 
4.970000000001756, -1.7443742467160643 
4.980000000001732, -1.7432487483235644 
4.990000000001709, -1.7410367083940943 
5.000000000001686, -1.7367496526590755 
5.0100000000016625, -1.7286619770392773 
5.020000000001639, -1.7149989715488512 
5.030000000001616, -1.6980037565916475 
5.0400000000015925, -1.6880462632883013 
5.050000000001569, -1.691291288541081 
5.060000000001546, -1.6996376619727145 
5.070000000001523, -1.7058380850040582 
5.080000000001499, -1.7090997033672743 
5.090000000001476, -1.7105227428087115 
5.100000000001453, -1.7109569395012838 
5.110000000001429, -1.7108442836981657 
5.120000000001406, -1.7104151641780163 
5.130000000001383, -1.709869998313565 
5.1400000000013595, -1.7094920584235638 
5.150000000001336, -1.709560122212634 
5.160000000001313, -1.710096347747117 
5.17000000000129, -1.7108587736677134 
5.180000000001266, -1.7115886510228684 
5.190000000001243, -1.7121271596850232 
5.20000000000122, -1.712383718592172 
5.210000000001196, -1.7122921845045014 
5.220000000001173, -1.7117800347230205 
5.23000000000115, -1.7107432224573498 
5.240000000001126, -1.709028088082059 
5.250000000001103, -1.7064270658307539 
5.26000000000108, -1.7027208092332142 
5.2700000000010565, -1.697871852385402 
5.280000000001033, -1.6924997299492337 
5.29000000000101, -1.6882017042006745 
5.300000000000987, -1.6863606202152988 
5.310000000000963, -1.686471691614408 
5.32000000000094, -1.6871172890122772 
5.330000000000917, -1.6875203844823456 
5.340000000000893, -1.6875159858867037 
5.35000000000087, -1.6871007938584384 
5.360000000000847, -1.6862412240650753 
5.3700000000008234, -1.684913987826318 
5.3800000000008, -1.6834583551378048 
5.390000000000777, -1.6832057147691806 
5.4000000000007535, -1.6859605294341864 
5.41000000000073, -1.6915085381716466 
5.420000000000707, -1.6975579481444343 
5.430000000000684, -1.7024171045752023 
5.44000000000066, -1.7057300271513793 
5.450000000000637, -1.707743972496853 
5.460000000000614, -1.7087943476323832 
5.47000000000059, -1.709149477100096 
5.480000000000567, -1.7089950128357692 
5.490000000000544, -1.7084545074382749 
5.5000000000005205, -1.7076194466204222 
5.510000000000497, -1.7065795862046034 
5.520000000000474, -1.7054480729563661 
5.5300000000004506, -1.7043884215758045 
5.540000000000427, -1.7036084836179881 
5.550000000000404, -1.7032243373901292 
5.560000000000381, -1.7031162621534288 
5.570000000000357, -1.703027893602489 
5.580000000000334, -1.7027350530318688 
5.590000000000311, -1.7020386382861052 
5.600000000000287, -1.7006257671745424 
5.610000000000264, -1.6978599168724 
5.620000000000241, -1.6925434390198202 
5.6300000000002175, -1.6832189201200385 
5.640000000000194, -1.6711271541976842 
5.650000000000171, -1.6652041188609694 
5.660000000000148, -1.6735346479473752 
5.670000000000124, -1.688439240231786 
5.680000000000101, -1.6998826056727814 
5.690000000000078, -1.7062282618112132 
5.700000000000054, -1.7092578608278743 
5.710000000000031, -1.7105211307650663 
5.720000000000008, -1.7108660607737498 
5.729999999999984, -1.7107083767938895 
5.739999999999961, -1.710275878981972 
5.749999999999938, -1.7097636319936336 
5.7599999999999145, -1.7093859340115334 
5.769999999999891, -1.7092873321992255 
5.779999999999868, -1.7094449880315856 
5.789999999999845, -1.7097321754244728 
5.799999999999821, -1.7100169079178298 
5.809999999999798, -1.71017895114635 
5.819999999999775, -1.7101046569882392 
5.829999999999751, -1.7096761314623072 
5.839999999999728, -1.708736319889029 
5.849999999999705, -1.7070390407682017 
5.8599999999996815, -1.7041998296542809 
5.869999999999658, -1.699680522243448 
5.879999999999635, -1.6929424227931402 
5.8899999999996115, -1.68412435461664 
5.899999999999588, -1.6753206622399213 
5.909999999999565, -1.6701320186515243 
5.919999999999542, -1.6695070242267083 
5.929999999999518, -1.6708921329003814 
5.939999999999495, -1.6721701587461655 
5.949999999999472, -1.6728108771497776 
5.959999999999448, -1.6728983461277267 
5.969999999999425, -1.6725556102243728 
5.979999999999402, -1.671845231116531 
5.9899999999993785, -1.6708815843448963 
5.999999999999355, -1.6701156856139021 
6.009999999999332, -1.6704932525288338 
6.019999999999309, -1.6726831582937767 
6.029999999999285, -1.6760849574096395 
6.039999999999262, -1.6795014956946257 
6.049999999999239, -1.6822290631870096 
6.059999999999215, -1.684122245885914 
6.069999999999192, -1.6852684167674536 
6.079999999999169, -1.6857959274333258 
6.089999999999145, -1.6858125790047314 
6.099999999999122, -1.6853950210488624 
6.109999999999099, -1.6845948385395844 
6.1199999999990755, -1.6834539510544946 
6.129999999999052, -1.6820305000520073 
6.139999999999029, -1.6804429495394697 
6.149999999999006, -1.6789310766255976 
6.159999999998982, -1.6778312088040621 
6.169999999998959, -1.6773243500912742 
6.179999999998936, -1.6772298130299153 
6.189999999998912, -1.677202503767314 
6.199999999998889, -1.6769854224529408 
6.209999999998866, -1.676398736793772 
6.2199999999988425, -1.675192821897459 
6.229999999998819, -1.6728751941038174 
6.239999999998796, -1.6685863821874087 
6.2499999999987725, -1.6616009755186318 
6.259999999998749, -1.6541014986820386 
6.269999999998726, -1.654193717786212 
6.279999999998703, -1.666614347958464 
6.289999999998679, -1.6830161838880848 
6.299999999998656, -1.6950971949970317 
6.309999999998633, -1.7019217333012304 
6.319999999998609, -1.7053035257818885 
6.329999999998586, -1.7067931714658109 
6.339999999998563, -1.7072738107702132 
6.3499999999985395, -1.7071956128203791 
6.359999999998516, -1.7068009892329272 
6.369999999998493, -1.7062706590063907 
6.37999999999847, -1.7057862926472083 
6.389999999998446, -1.705487227616198 
6.399999999998423, -1.7054012318578042 
6.4099999999984, -1.705470475774438 
6.419999999998376, -1.7056037235762607 
6.429999999998353, -1.7056833117843844 
6.43999999999833, -1.7055774369390289 
6.449999999998306, -1.7051471751965537 
6.459999999998283, -1.7042093571107013 
6.46999999999826, -1.7024638741176616 
6.4799999999982365, -1.699404342742461 
6.489999999998213, -1.6942510164015185 
6.49999999999819, -1.6860923297030446 
6.509999999998167, -1.6747981884815346 
6.519999999998143, -1.663047230964123 
6.52999999999812, -1.6561138526285142 
6.539999999998097, -1.6556220272296005 
6.549999999998073, -1.6578844909876835 
6.55999999999805, -1.6598780362162686 
6.569999999998027, -1.6609447832434454 
6.5799999999980034, -1.6612846854597045 
6.58999999999798, -1.6611286122434847 
6.599999999997957, -1.6606047792242002 
6.6099999999979335, -1.6598288414449491 
6.61999999999791, -1.6591074632621048 
6.629999999997887, -1.6590925386750122 
6.639999999997864, -1.66037545991755 
6.64999999999784, -1.6627332143209432 
6.659999999997817, -1.665338821097866 
6.669999999997794, -1.667563269768829 
6.67999999999777, -1.6691874370286677 
6.689999999997747, -1.6702119941130076 
6.699999999997724, -1.670700037412556 
6.7099999999977005, -1.6707139998830989 
6.719999999997677, -1.6702981258468594 
6.729999999997654, -1.6694778756331385 
6.7399999999976306, -1.6682688429131176 
6.749999999997607, -1.666698192181681 
6.759999999997584, -1.6648503473995127 
6.769999999997561, -1.6629477626633904 
6.779999999997537, -1.661388339056351 
6.789999999997514, -1.660523416625362 
6.799999999997491, -1.6602969054009808 
6.809999999997467, -1.6603219887399192 
6.819999999997444, -1.6602541983016625 
6.829999999997421, -1.659897257302519 
6.8399999999973975, -1.6590762459550834 
6.849999999997374, -1.6574786600795643 
6.859999999997351, -1.6545258006576986 
6.869999999997328, -1.6495309687113942 
6.879999999997304, -1.643208617197003 
6.889999999997281, -1.6408895054447723 
6.899999999997258, -1.6494104213304532 
6.909999999997234, -1.6653519030643724 
6.919999999997211, -1.6795175508644948 
6.929999999997188, -1.6884675242058507 
6.939999999997164, -1.693259712110653 
6.949999999997141, -1.6955681415188775 
6.959999999997118, -1.6965122708684048 
6.9699999999970945, -1.696702844694525 
6.979999999997071, -1.6964596085666765 
6.989999999997048, -1.6959770421572216 
6.999999999997025, -1.6954250856620827 
7.009999999997001, -1.6949659218959536 
7.019999999996978, -1.6946944615175348 
7.029999999996955, -1.6946108308530008 
7.039999999996931, -1.69465987558702 
7.049999999996908, -1.6947473325362465 
7.059999999996885, -1.6947441677085444 
7.0699999999968615, -1.6945111108929498 
7.079999999996838, -1.6938924247475122 
7.089999999996815, -1.6926581619251777 
7.0999999999967915, -1.6904140925589612 
7.109999999996768, -1.6864989952148615 
7.119999999996745, -1.6799495076416988 
7.129999999996722, -1.669878315056014 
7.139999999996698, -1.6570234677945173 
7.149999999996675, -1.6458183413042629 
7.159999999996652, -1.641395624875912 
7.169999999996628, -1.6427243573479022 
7.179999999996605, -1.6453745124242225 
7.189999999996582, -1.647208855883574 
7.1999999999965585, -1.648078849395874 
7.209999999996535, -1.6482783832233108 
7.219999999996512, -1.6480240161648432 
7.229999999996489, -1.6474336887334213 
7.239999999996465, -1.6466534702968374 
7.249999999996442, -1.646066407048696 
7.259999999996419, -1.6463411057401351 
7.269999999996395, -1.6478836813362243 
7.279999999996372, -1.6502779903978726 
7.289999999996349, -1.652737242019303 
7.299999999996325, -1.654763057414634 
7.309999999996302, -1.6562071430362963 
7.319999999996279, -1.6570855299992338 
7.3299999999962555, -1.6574561136564003 
7.339999999996232, -1.6573723800575255 
7.349999999996209, -1.6568710673349372 
7.359999999996186, -1.655973205146853 
7.369999999996162, -1.6546943842067119 
7.379999999996139, -1.6530685599277724 
7.389999999996116, -1.6511976753194673 
7.399999999996092, -1.6493307928762238 
7.409999999996069, -1.6478715297310067 
7.419999999996046, -1.6471179940275185 
7.4299999999960225, -1.6469492371461967 
7.439999999995999, -1.6469741985731 
7.449999999995976, -1.646876464514662 
7.4599999999959525, -1.6464732377506448 
7.469999999995929, -1.6455812808512633 
7.479999999995906, -1.6438609338244792 
7.489999999995883, -1.64068786679987 
7.499999999995859, -1.6353340672199141 
7.509999999995836, -1.628575753206763 
7.519999999995813, -1.6259862570418728 
7.529999999995789, -1.6345481010805583 
7.539999999995766, -1.6506866997541074 
7.549999999995743, -1.6650205962197837 
7.5599999999957195, -1.6740549027353773 
7.569999999995696, -1.6788754093826532 
7.579999999995673, -1.6811902200108673 
7.58999999999565, -1.6821362431786704 
7.599999999995626, -1.6823301395928847 
7.609999999995603, -1.6820929201688208 
7.61999999999558, -1.681619712780869 
7.629999999995556, -1.68108363578833 
7.639999999995533, -1.680653931030856 
7.64999999999551, -1.6804297346124433 
7.659999999995486, -1.680403005626832 
7.669999999995463, -1.680504655542173 
7.67999999999544, -1.6806359757811495 
7.6899999999954165, -1.6806737126183127 
7.699999999995393, -1.6804875397807417 
7.70999999999537, -1.6799356095283915 
7.719999999995347, -1.678818242394207 
7.729999999995323, -1.6768076290733944 
7.7399999999953, -1.673373168859165 
7.749999999995277, -1.6677565475396907 
7.759999999995253, -1.6592156348631455 
7.76999999999523, -1.64805851912513 
7.779999999995207, -1.6373526376652907 
7.789999999995183, -1.6317048057562347 
7.79999999999516, -1.6316404957919712 
7.809999999995137, -1.6336616091064857 
7.8199999999951135, -1.635345047856277 
7.82999999999509, -1.6362144281803648 
7.839999999995067, -1.6364425307633492 
7.849999999995044, -1.6362126972177098 
7.85999999999502, -1.6356220063855715 
7.869999999994997, -1.6347741563506393 
7.879999999994974, -1.6339999964467657 
7.88999999999495, -1.6340391266537981 
7.899999999994927, -1.635591444305233 
7.909999999994904, -1.638423772677952 
7.9199999999948805, -1.6415673945250489 
7.929999999994857, -1.644266547682383 
7.939999999994834, -1.6462586370595484 
7.9499999999948106, -1.6475544964132465 
7.959999999994787, -1.6482451296193628 
7.969999999994764, -1.64842301208033 
7.979999999994741, -1.6481606932718667 
7.989999999994717, -1.6475100160934808 
7.999999999994694, -1.6465110970318477 
8.00999999999467, -1.6452104073164329 
8.019999999994647, -1.6436910909779303 
8.029999999994624, -1.6421215110471679 
8.0399999999946, -1.6407868526274054 
8.049999999994577, -1.639967881065808 
8.059999999994554, -1.6396791674706197 
8.06999999999453, -1.6396459213524195 
8.079999999994508, -1.6395629744774922 
8.089999999994484, -1.6392260949049515 
8.099999999994461, -1.638451941925447 
8.109999999994438, -1.6369264795294864 
8.119999999994414, -1.634026428466414 
8.129999999994391, -1.6287134024026115 
8.139999999994368, -1.6202372580044255 
8.149999999994344, -1.6113435458181982 
8.159999999994321, -1.6108188002674606 
8.169999999994298, -1.6229337372079364 
8.179999999994275, -1.6389150286209504 
8.189999999994251, -1.6506274129677103 
8.199999999994228, -1.6572128096254493 
8.209999999994205, -1.660459013640112 
8.219999999994181, -1.6618799670497146 
8.229999999994158, -1.6623314724474274 
8.239999999994135, -1.6622462781470717 
8.249999999994111, -1.6618576653707642 
8.259999999994088, -1.6613476022879077 
8.269999999994065, -1.6609158642059687 
8.279999999994041, -1.6607292820344708 
8.289999999994018, -1.6608161428117718 
8.299999999993995, -1.6610785643919297 
8.309999999993972, -1.6613878070242372 
8.319999999993948, -1.6616232229218935 
8.329999999993925, -1.6616726285223418 
8.339999999993902, -1.6614292111106057 
8.349999999993878, -1.6607708606565612 
8.359999999993855, -1.6595243599690608 
8.369999999993832, -1.6574298894595305 
8.379999999993808, -1.654121618372595 
8.389999999993785, -1.649171199573558 
8.399999999993762, -1.64234440929526 
8.409999999993738, -1.6343062135047723 
8.419999999993715, -1.627330747282557 
8.429999999993692, -1.6239099743321337 
8.439999999993669, -1.6238165201914083 
8.449999999993645, -1.6249028878984941 
8.459999999993622, -1.6257905161872332 
8.469999999993599, -1.6261676392461186 
8.479999999993575, -1.6260848399525245 
8.489999999993552, -1.6255984254740472 
8.499999999993529, -1.6247167993117757 
8.509999999993505, -1.623529570346705 
8.519999999993482, -1.622568308140989 
8.529999999993459, -1.6230870490486324 
8.539999999993436, -1.6261275405941191 
8.549999999993412, -1.6309939885798106 
8.559999999993389, -1.6359712116435159 
8.569999999993366, -1.6399769960141168 
8.579999999993342, -1.642783554417139 
8.589999999993319, -1.6445449361567277 
8.599999999993296, -1.6454881030679647 
8.609999999993272, -1.6458091392907783 
8.619999999993249, -1.6456545658324733 
8.629999999993226, -1.6451297085450052 
8.639999999993202, -1.6443180016520498 
8.64999999999318, -1.64330422781834 
8.659999999993156, -1.6421942547285 
8.669999999993133, -1.6411328942101366 
8.67999999999311, -1.6403036646412459 
8.689999999993086, -1.6398383979307571 
8.699999999993063, -1.6396804535700582 
8.70999999999304, -1.6396143182265757 
8.719999999993016, -1.6394186017057866 
8.729999999992993, -1.638910403815046 
8.73999999999297, -1.6378564771862512 
8.749999999992946, -1.6358144322664434 
8.759999999992923, -1.6319064269265442 
8.7699999999929, -1.6246294095051403 
8.779999999992876, -1.6125182747581488 
8.789999999992853, -1.597663218150609 
8.79999999999283, -1.589424461117656 
8.809999999992806, -1.5945702051305721 
8.819999999992783, -1.6060829188850896 
8.82999999999276, -1.6153822327721188 
8.839999999992736, -1.6207125117956322 
8.849999999992713, -1.6233117241282333 
8.85999999999269, -1.6244008790198499 
8.869999999992666, -1.6246786085024645 
8.879999999992643, -1.6244942778414235 
8.88999999999262, -1.6240439993033267 
8.899999999992596, -1.6235185393670428 
8.909999999992573, -1.623181332227966 
8.91999999999255, -1.6232767577115783 
8.929999999992527, -1.6238244186409296 
8.939999999992503, -1.6246140208932567 
8.94999999999248, -1.6254040165152308 
8.959999999992457, -1.6260326692411282 
8.969999999992433, -1.6264056259840345 
8.97999999999241, -1.6264617467401403 
8.989999999992387, -1.6261478981403656 
8.999999999992363, -1.6254007997828288 
9.00999999999234, -1.6241365990238052 
9.019999999992317, -1.6222499004940996 
9.029999999992294, -1.6196309607581914 
9.03999999999227, -1.6162328601797402 
9.049999999992247, -1.6122481158217323 
9.059999999992224, -1.60836152139415 
9.0699999999922, -1.6056322732763395 
9.079999999992177, -1.604582976568293 
9.089999999992154, -1.604655065816609 
9.09999999999213, -1.6049933855453478 
9.109999999992107, -1.605138478996015 
9.119999999992084, -1.6049494594484215 
9.12999999999206, -1.6043536767693638 
9.139999999992037, -1.603212260122357 
9.149999999992014, -1.601317598484552 
9.15999999999199, -1.5987075394599726 
9.169999999991967, -1.5967009088370974 
9.179999999991944, -1.5986762498769933 
9.18999999999192, -1.6068350750154394 
9.199999999991897, -1.6181909455077954 
9.209999999991874, -1.6282478226647492 
9.21999999999185, -1.63523818196172 
9.229999999991827, -1.639479181702064 
9.239999999991804, -1.64180084331161 
9.24999999999178, -1.642898902744711 
9.259999999991757, -1.6432340298056516 
9.269999999991734, -1.643086450097917 
9.27999999999171, -1.6426324719779681 
9.289999999991688, -1.6420100684752512 
9.299999999991664, -1.6413530231858349 
9.309999999991641, -1.6407787846177733 
9.319999999991618, -1.6403636489416265 
9.329999999991594, -1.6401399286106693 
9.339999999991571, -1.6400778920669759 
9.349999999991548, -1.6400665652717816 
9.359999999991524, -1.6399524767931726 
9.369999999991501, -1.6395804786341692 
9.379999999991478, -1.6387667028573734 
9.389999999991455, -1.6372136461565912 
9.399999999991431, -1.6343882855196519 
9.409999999991408, -1.6293866703205933 
9.419999999991385, -1.6209422785312095 
9.429999999991361, -1.6081659925492104 
9.439999999991338, -1.59288116006225 
9.449999999991315, -1.5813255952318666 
9.459999999991291, -1.5783696947748969 
9.469999999991268, -1.5811053931832841 
9.479999999991245, -1.5845254383209713 
9.489999999991221, -1.5867447062673727 
9.499999999991198, -1.5878227986354168 
9.509999999991175, -1.5881519026842486 
9.519999999991152, -1.5879974345914956 
9.529999999991128, -1.5874977700454784 
9.539999999991105, -1.5867745155650952 
9.549999999991082, -1.5861067616364315 
9.559999999991058, -1.5860532154916462 
9.569999999991035, -1.5871530751275222 
9.579999999991012, -1.5893160685416794 
9.589999999990988, -1.59187069743379 
9.599999999990965, -1.5941974664064995 
9.609999999990942, -1.596011904948338 
9.619999999990918, -1.597260288254067 
9.629999999990895, -1.5979791506976793 
9.639999999990872, -1.5982247037487665 
9.649999999990849, -1.598047761830415 
9.659999999990825, -1.5974879415980079 
9.669999999990802, -1.5965771087721872 
9.679999999990779, -1.595350956009283 
9.689999999990755, -1.593870688871924 
9.699999999990732, -1.5922591148218679 
9.709999999990709, -1.5907426378509895 
9.719999999990685, -1.5896183655697151 
9.729999999990662, -1.5890529606311536 
9.739999999990639, -1.5889106677411882 
9.749999999990616, -1.5888877796366252 
9.759999999990592, -1.5887331718515696 
9.769999999990569, -1.5882748372896858 
9.779999999990546, -1.5873115799237998 
9.789999999990522, -1.5854643855908894 
9.799999999990499, -1.5819938243271268 
9.809999999990476, -1.5757046426753354 
9.819999999990452, -1.5657159294558276 
9.829999999990429, -1.5546719947093126 
9.839999999990406, -1.551252471433365 
9.849999999990382, -1.5605724765358657 
9.85999999999036, -1.5751510421333308 
9.869999999990336, -1.5865866574081045 
9.879999999990313, -1.593254558225828 
9.88999999999029, -1.5966165458791308 
9.899999999990266, -1.5981262880125873 
9.909999999990243, -1.5986435180007625 
9.91999999999022, -1.598607744244823 
9.929999999990196, -1.5982499720154235 
9.939999999990173, -1.5977447101495201 
9.94999999999015, -1.597305627430836 
9.959999999990126, -1.5971667139331105 
9.969999999990103, -1.597431242446753 
9.97999999999008, -1.5979921120219152 
9.989999999990056, -1.5986492989984535 
9.999999999990033, -1.5992350225805139 
10.00999999999001, -1.5996351513172342 
10.019999999989986, -1.599770055402503 
10.029999999989963, -1.5995748858854768 
10.03999999998994, -1.5989811483987206 
10.049999999989916, -1.597902918385699 
10.059999999989893, -1.5962314396609938 
10.06999999998987, -1.5938424761879963 
10.079999999989846, -1.5906346144492791 
10.089999999989823, -1.5866465679682482 
10.0999999999898, -1.5822967629824232 
10.109999999989776, -1.5785487227940285 
10.119999999989753, -1.57640164286544 
10.12999999998973, -1.5758906893186857 
10.139999999989707, -1.5761704970054995 
10.149999999989683, -1.57649218333065 
10.15999999998966, -1.5765474268776631 
10.169999999989637, -1.576249127081435 
10.179999999989613, -1.5755180892092997 
10.18999999998959, -1.5741908818382548 
10.199999999989567, -1.5720648981623682 
10.209999999989543, -1.569332573912445 
10.21999999998952, -1.5677349881306788 
10.229999999989497, -1.5708793787222182 
10.239999999989474, -1.5802590680721484 
10.24999999998945, -1.5921933191205304 
10.259999999989427, -1.6023399852848563 
10.269999999989404, -1.609257408468799 
10.27999999998938, -1.61340695209894 
10.289999999989357, -1.6156566697950385 
10.299999999989334, -1.616707356462911 
10.30999999998931, -1.6170164591203253 
10.319999999989287, -1.6168603558754373 
10.329999999989264, -1.6164139764250258 
10.33999999998924, -1.6158174513687231 
10.349999999989217, -1.6152086497405012 
10.359999999989194, -1.6147051736917437 
10.36999999998917, -1.614372146631387 
10.379999999989147, -1.6142216766282385 
10.389999999989124, -1.6142114697319907 
10.3999999999891, -1.6142358849676353 
10.409999999989077, -1.614154882502504 
10.419999999989054, -1.613826290522648 
10.42999999998903, -1.6130863296319577 
10.439999999989007, -1.611685604925499 
10.449999999988984, -1.609203951327372 
10.45999999998896, -1.6049671192040837 
10.469999999988937, -1.598056411664189 
10.479999999988914, -1.5877221784992592 
10.48999999998889, -1.5747421488114395 
10.499999999988868, -1.5630371407141332 
10.509999999988844, -1.5573709388177983 
10.519999999988821, -1.5576249294947504 
10.529999999988798, -1.5599586032330515 
10.539999999988774, -1.5618976023795348 
10.549999999988751, -1.5629576204378701 
10.559999999988728, -1.563326537851017 
10.569999999988704, -1.5632120840145727 
10.579999999988681, -1.5627245047588492 
10.589999999988658, -1.5619338003057748 
10.599999999988635, -1.5610317377595773 
10.609999999988611, -1.560575895541938 
10.619999999988588, -1.5614424994191156 
10.629999999988565, -1.5640304933162266 
10.639999999988541, -1.567670099112945 
10.649999999988518, -1.5713081525638934 
10.659999999988495, -1.5743075423148218 
10.669999999988471, -1.5764962872610981 
10.679999999988448, -1.5779268909649842 
10.689999999988425, -1.578714700157897 
10.699999999988401, -1.578974349245279 
10.709999999988378, -1.578801752144222 
10.719999999988355, -1.578273609292306 
10.729999999988332, -1.5774565061321506 
10.739999999988308, -1.5764225213150387 
10.749999999988285, -1.5752659446543031 
10.759999999988262, -1.5741186763691923 
10.769999999988238, -1.573154990689238 
10.779999999988215, -1.5725335689776432 
10.789999999988192, -1.5722691361833117 
10.799999999988168, -1.572196610171083 
10.809999999988145, -1.5720943372263698 
10.819999999988122, -1.57177951857911 
10.829999999988098, -1.5710756288929986 
10.839999999988075, -1.5697036777175126 
10.849999999988052, -1.5671243822098984 
10.859999999988029, -1.5623284388667606 
10.869999999988005, -1.55374201932755 
10.879999999987982, -1.5400824073343538 
10.889999999987959, -1.5235922380344484 
10.899999999987935, -1.5126038523303718 
10.909999999987912, -1.5133986990638753 
10.919999999987889, -1.5212276826147564 
10.929999999987865, -1.528706166928485 
10.939999999987842, -1.5333982973362454 
10.949999999987819, -1.5358285316997378 
10.959999999987796, -1.5369001838798093 
10.969999999987772, -1.5372016719254962 
10.979999999987749, -1.5370409471663151 
10.989999999987726, -1.5365828420781464 
10.999999999987702, -1.5359814769978632 
11.009999999987679, -1.5355051902836396 
11.019999999987656, -1.5355482401773517 
11.029999999987632, -1.53637587832751 
11.039999999987609, -1.5378459771046398 
11.049999999987586, -1.539543455405028 
11.059999999987562, -1.541107708588352 
11.06999999998754, -1.542350732327457 
11.079999999987516, -1.5432063720626243 
11.089999999987493, -1.5436647194883035 
11.09999999998747, -1.5437350660587237 
11.109999999987446, -1.5434295620579257 
11.119999999987423, -1.542757947981869 
11.1299999999874, -1.5417292306051515 
11.139999999987376, -1.5403607122035015 
11.149999999987353, -1.5386980188596815 
11.15999999998733, -1.5368518427437634 
11.169999999987306, -1.5350453689202486 
11.179999999987283, -1.5336033879085116 
11.18999999998726, -1.5327729887088932 
11.199999999987236, -1.5324991792308236 
11.209999999987213, -1.5324826925319146 
11.21999999998719, -1.5324299084751687 
11.229999999987166, -1.5321524458846656 
11.239999999987143, -1.5314944451530832 
11.24999999998712, -1.530208549530578 
11.259999999987096, -1.5278082050196362 
11.269999999987073, -1.5234007829840341 
11.27999999998705, -1.5157415781822914 
11.289999999987026, -1.5044840615559436 
11.299999999987003, -1.4935752268363256 
11.30999999998698, -1.4915999286544812 
11.319999999986956, -1.5012478981285 
11.329999999986933, -1.5146950101297592 
11.33999999998691, -1.5249827460305048 
11.349999999986887, -1.5310040788391288 
11.359999999986863, -1.5340761427142655 
11.36999999998684, -1.5354701187973745 
11.379999999986817, -1.5359463500058936 
11.389999999986793, -1.5358984275630947 
11.39999999998677, -1.535534007610364 
11.409999999986747, -1.5350127831581604 
11.419999999986723, -1.53454992506076 
11.4299999999867, -1.5344258492627452 
11.439999999986677, -1.5348266805643935 
11.449999999986654, -1.535678279937664 
11.45999999998663, -1.5367251341233226 
11.469999999986607, -1.5377245554618177 
11.479999999986584, -1.5385250023090697 
11.48999999998656, -1.5390464347333017 
11.499999999986537, -1.5392469633879735 
11.509999999986514, -1.5391001243581162 
11.51999999998649, -1.5385818947859615 
11.529999999986467, -1.5376654129514988 
11.539999999986444, -1.5363223145515361 
11.54999999998642, -1.534532893256666 
11.559999999986397, -1.532313806495916 
11.569999999986374, -1.5297784379131802 
11.57999999998635, -1.527225148737605 
11.589999999986327, -1.5251421866881267 
11.599999999986304, -1.5239366527581255 
11.60999999998628, -1.523564282688669 
11.619999999986257, -1.5236050269804344 
11.629999999986234, -1.5236576657649252 
11.63999999998621, -1.5235012054216788 
11.649999999986187, -1.5230039761448926 
11.659999999986164, -1.521987832280653 
11.66999999998614, -1.5201046802301996 
11.679999999986117, -1.5167329981019824 
11.689999999986094, -1.5111120284843114 
11.69999999998607, -1.503524031280714 
11.709999999986048, -1.4980456024008069 
11.719999999986024, -1.5019200953623975 
11.729999999986001, -1.5159659245203938 
11.739999999985978, -1.532052375431572 
11.749999999985954, -1.5438896238236883 
11.759999999985931, -1.550836651800056 
11.769999999985908, -1.5544450356401582 
11.779999999985884, -1.5561380121683734 
11.789999999985861, -1.5567798906862416 
11.799999999985838, -1.5568297302575795 
11.809999999985815, -1.5565315237943294 
11.819999999985791, -1.5560531392700512 
11.829999999985768, -1.5555789677131568 
11.839999999985745, -1.55532099358125 
11.849999999985721, -1.555414724226954 
11.859999999985698, -1.555822140469823 
11.869999999985675, -1.5563874118004863 
11.879999999985651, -1.55694960268274 
11.889999999985628, -1.5573852933849879 
11.899999999985605, -1.5576036756573708 
11.909999999985581, -1.5575339182750951 
11.919999999985558, -1.5571100324360843 
11.929999999985535, -1.5562571080677186 
11.939999999985512, -1.5548843909998848 
11.949999999985488, -1.5528878047015517 
11.959999999985465, -1.5501691056428573 
11.969999999985442, -1.5466962741172459 
11.979999999985418, -1.5426477990300724 
11.989999999985395, -1.5386162532798098 
11.999999999985372, -1.535555356018293 
12.009999999985348, -1.5340897472675301 
12.019999999985325, -1.5338975604933025 
12.029999999985302, -1.5341820987377435 
12.039999999985278, -1.5343966478728213 
12.049999999985255, -1.5343333227427993 
12.059999999985232, -1.5339114402999332 
12.069999999985209, -1.5330165869752759 
12.079999999985185, -1.5314228562287826 
12.089999999985162, -1.528833907678568 
12.099999999985139, -1.525347473617909 
12.109999999985115, -1.5228049208980206 
12.119999999985092, -1.5255203356579816 
12.129999999985069, -1.5359838670302883 
12.139999999985045, -1.5502495246349837 
12.149999999985022, -1.5626766231423945 
12.159999999984999, -1.5711226075477316 
12.169999999984976, -1.5761084705088808 
12.179999999984952, -1.5787744153770569 
12.189999999984929, -1.5800329075872621 
12.199999999984906, -1.580459097660268 
12.209999999984882, -1.5803848389639767 
12.219999999984859, -1.5800085112964042 
12.229999999984836, -1.5794824033810806 
12.239999999984812, -1.5789609343208242 
12.249999999984789, -1.5785831092672094 
12.259999999984766, -1.57841444290945 
12.269999999984742, -1.57843467044076 
12.27999999998472, -1.5785735815990054 
12.289999999984696, -1.5787314713661682 
12.299999999984673, -1.5787917726090628 
12.30999999998465, -1.5786386228318694 
12.319999999984626, -1.5781529684819577 
12.329999999984603, -1.5771830839749872 
12.33999999998458, -1.5755086704121477 
12.349999999984556, -1.5728153404032992 
12.359999999984533, -1.5687021708558169 
12.36999999998451, -1.5627875017976927 
12.379999999984486, -1.5550643141361973 
12.389999999984463, -1.5465948730473156 
12.39999999998444, -1.5397866119222956 
12.409999999984416, -1.5366358754875213 
12.419999999984393, -1.5365520245550368 
12.42999999998437, -1.5375527151229422 
12.439999999984346, -1.5384067617112724 
12.449999999984323, -1.5388021470455095 
12.4599999999843, -1.5387625951799888 
12.469999999984276, -1.5383290738721276 
12.479999999984253, -1.537483942023372 
12.48999999998423, -1.536209755047326 
12.499999999984206, -1.5347523987924383 
12.509999999984183, -1.5341337019327428 
12.51999999998416, -1.5361347189470114 
12.529999999984136, -1.5415402166323218 
12.539999999984113, -1.5487840169191551 
12.54999999998409, -1.5556209440114959 
12.559999999984067, -1.560899750919575 
12.569999999984043, -1.5645028762310027 
12.57999999998402, -1.5667294764969228 
12.589999999983997, -1.5679379230866686 
12.599999999983973, -1.5684254692383033 
12.60999999998395, -1.5684084873034259 
12.619999999983927, -1.5680386884583721 
12.629999999983903, -1.5674330406429775 
12.63999999998388, -1.5667028068321294 
12.649999999983857, -1.5659630551763501 
12.659999999983834, -1.5653191749903637 
12.66999999998381, -1.564852820291192 
12.679999999983787, -1.5646032016673685 
12.689999999983764, -1.5645280264803536 
12.69999999998374, -1.5645004541663998 
12.709999999983717, -1.5643654065316075 
12.719999999983694, -1.563973943267199 
12.72999999998367, -1.5631507075624964 
12.739999999983647, -1.561617424222765 
12.749999999983624, -1.5588934434671282 
12.7599999999836, -1.5541970291895046 
12.769999999983577, -1.5464643163554153 
12.779999999983554, -1.5348616735999667 
12.78999999998353, -1.5203535975213005 
12.799999999983507, -1.507357381778867 
12.809999999983484, -1.5010383163678074 
12.81999999998346, -1.5012943093420819 
12.829999999983437, -1.5039892961111891 
12.839999999983414, -1.506324814589501 
12.84999999998339, -1.5076839945879366 
12.859999999983367, -1.5082591001783032 
12.869999999983344, -1.5082981313971564 
12.87999999998332, -1.5079433896654606 
12.889999999983297, -1.5072622274849137 
12.899999999983274, -1.5063575682465538 
12.90999999998325, -1.505578225033486 
12.919999999983228, -1.5056937093355827 
12.929999999983204, -1.5075195850341336 
12.939999999983181, -1.5110192675734533 
12.949999999983158, -1.5152238462140581 
12.959999999983134, -1.5191361622607906 
12.969999999983111, -1.5222626267109152 
12.979999999983088, -1.5245119861419272 
12.989999999983064, -1.525969707556841 
12.999999999983041, -1.5267685430133908 
13.009999999983018, -1.5270377019455228 
13.019999999982995, -1.526887083032267 
13.029999999982971, -1.5264069689588198 
13.039999999982948, -1.5256778423824644 
13.049999999982925, -1.5247852728841709 
13.059999999982901, -1.5238298970646842 
13.069999999982878, -1.5229275116501177 
13.079999999982855, -1.5222010402022907 
13.089999999982831, -1.5217441037067847 
13.099999999982808, -1.5215502018610108 
13.109999999982785, -1.5214922457827913 
13.119999999982761, -1.521395451975389 
13.129999999982738, -1.521101130769362 
13.139999999982715, -1.5204492130936482 
13.149999999982692, -1.519203710007935 
13.159999999982668, -1.51694752959433 
13.169999999982645, -1.512955613939511 
13.179999999982622, -1.5061166948057 
13.189999999982598, -1.495205330148618 
13.199999999982575, -1.4801601230996624 
13.209999999982552, -1.4643306500013638 
13.219999999982528, -1.4539800201578035 
13.229999999982505, -1.4519178055748065 
13.239999999982482, -1.454658619543383 
13.249999999982458, -1.4579648728622523 
13.259999999982435, -1.4602206666015856 
13.269999999982412, -1.4614106120332997 
13.279999999982389, -1.4618609652086607 
13.289999999982365, -1.4618176597968966 
13.299999999982342, -1.4614061118630768 
13.309999999982319, -1.4606900078633536 
13.319999999982295, -1.4597893359265233 
13.329999999982272, -1.4590836030159575 
13.339999999982249, -1.4593471494806576 
13.349999999982225, -1.4613526459693467 
13.359999999982202, -1.4650449812168884 
13.369999999982179, -1.4694858641799087 
13.379999999982156, -1.4736817334735453 
13.389999999982132, -1.4771028341813761 
13.399999999982109, -1.4796215483241695 
13.409999999982086, -1.4813058860209103 
13.419999999982062, -1.4822880376666436 
13.429999999982039, -1.4827064666957142 
13.439999999982016, -1.4826839461779637 
13.449999999981992, -1.4823227274285051 
13.459999999981969, -1.4817115265950056 
13.469999999981946, -1.4809396226420724 
13.479999999981922, -1.4801068987949315 
13.4899999999819, -1.4793196550319707 
13.499999999981876, -1.4786773238802202 
13.509999999981853, -1.4782535200901803 
13.51999999998183, -1.4780588446774598 
13.529999999981806, -1.4780126450501696 
13.539999999981783, -1.4779741986919688 
13.54999999998176, -1.4777991283920209 
13.559999999981736, -1.4773512485692888 
13.569999999981713, -1.4764641270357577 
13.57999999998169, -1.4748804210468225 
13.589999999981666, -1.472188007806373 
13.599999999981643, -1.4677794132495126 
13.60999999998162, -1.4609146332085268 
13.619999999981596, -1.45107294456303 
13.629999999981573, -1.438813228967738 
13.63999999998155, -1.4267365367326357 
13.649999999981526, -1.4186023884072196 
13.659999999981503, -1.41590931728237 
13.66999999998148, -1.4166761236163459 
13.679999999981456, -1.418307754896045 
13.689999999981433, -1.4195658151221089 
13.69999999998141, -1.4202305362545162 
13.709999999981386, -1.4203976992423823 
13.719999999981363, -1.4201650328413769 
13.72999999998134, -1.4195601112647123 
13.739999999981316, -1.4185588852223954 
13.749999999981293, -1.4171930602933176 
13.75999999998127, -1.41584417464999 
13.769999999981247, -1.4156728719920486 
13.779999999981223, -1.418410484530686 
13.7899999999812, -1.4247456729250207 
13.799999999981177, -1.4331978606008087 
13.809999999981153, -1.4414712997365124 
13.81999999998113, -1.4481479636600607 
13.829999999981107, -1.4528972384128174 
13.839999999981083, -1.455963985330248 
13.84999999998106, -1.4577546812083946 
13.859999999981037, -1.458646065490855 
13.869999999981014, -1.4589258318323868 
13.87999999998099, -1.4587946196827444 
13.889999999980967, -1.4583946140986046 
13.899999999980944, -1.4578464130811795 
13.90999999998092, -1.4572751489066809 
13.919999999980897, -1.456803108311481 
13.929999999980874, -1.4565122660741159 
13.93999999998085, -1.456420540305544 
13.949999999980827, -1.456490951962071 
13.959999999980804, -1.4566461337746794 
13.96999999998078, -1.4567824450848963 
13.979999999980757, -1.456791766215846 
13.989999999980734, -1.4565736124421622 
13.99999999998071, -1.456025979936514 
14.009999999980687, -1.4550270833632941 
14.019999999980664, -1.4534236470853261 
14.02999999998064, -1.4510341808623086 
14.039999999980617, -1.4476740208318362 
14.049999999980594, -1.4432197352649334 
14.05999999998057, -1.4377508351740356 
14.069999999980547, -1.4317842253268123 
14.079999999980524, -1.4264106950511894 
14.0899999999805, -1.4228435155385033 
14.099999999980477, -1.4214320845418162 
14.109999999980454, -1.42142954294158 
14.11999999998043, -1.421867682138258 
14.129999999980408, -1.422198751782908 
14.139999999980384, -1.422242730693329 
14.149999999980361, -1.4219495060271912 
14.159999999980338, -1.4212494810484197 
14.169999999980314, -1.4199804814662387 
14.179999999980291, -1.4178662195489056 
14.189999999980268, -1.414656548254745 
14.199999999980244, -1.410785323103438 
14.209999999980221, -1.4087077769375427 
14.219999999980198, -1.4128496625196774 
14.229999999980175, -1.4250178704323346 
14.239999999980151, -1.440917651457906 
14.249999999980128, -1.454824443220017 
14.259999999980105, -1.4644008237834318 
14.269999999980081, -1.4701170172990223 
14.279999999980058, -1.4732161967299702 
14.289999999980035, -1.474733617179179 
14.299999999980011, -1.4753285994168572 
14.309999999979988, -1.4753776639856484 
14.319999999979965, -1.4750953512893983 
14.329999999979941, -1.4746330091367 
14.339999999979918, -1.474150761058473 
14.349999999979895, -1.4738351107518157 
14.359999999979872, -1.4738300226909886 
14.369999999979848, -1.4741469026247036 
14.379999999979825, -1.4746744883922696 
14.389999999979802, -1.4752648265673407 
14.399999999979778, -1.475789458773243 
14.409999999979755, -1.4761501311313432 
14.419999999979732, -1.4762740139226194 
14.429999999979708, -1.4761041395582482 
14.439999999979685, -1.4755889371845174 
14.449999999979662, -1.4746759911740077 
14.459999999979638, -1.4733119226779332 
14.469999999979615, -1.4714489516204765 
14.479999999979592, -1.4690631928488067 
14.489999999979569, -1.4661978794097523 
14.499999999979545, -1.4630449600084696 
14.509999999979522, -1.4600294018599587 
14.519999999979499, -1.4577315557228003 
14.529999999979475, -1.4565117627866317 
14.539999999979452, -1.4561945518069996 
14.549999999979429, -1.4562846233103621 
14.559999999979405, -1.456375039139131 
14.569999999979382, -1.4562584378599595 
14.579999999979359, -1.4558200614852672 
14.589999999979335, -1.4549107252063729 
14.599999999979312, -1.4532382976041476 
14.609999999979289, -1.4502638962668533 
14.619999999979266, -1.4452085158488326 
14.629999999979242, -1.437673984140701 
14.639999999979219, -1.4296899266013943 
14.649999999979196, -1.4274069233127138 
14.659999999979172, -1.4358703913715147 
14.669999999979149, -1.4511745935294882 
14.679999999979126, -1.4653623136411595 
14.689999999979102, -1.4748757818196934 
14.69999999997908, -1.4802473060107157 
14.709999999979056, -1.482983397398303 
14.719999999979033, -1.4842272375045682 
14.72999999997901, -1.484639436224887 
14.739999999978986, -1.484566677011374 
14.749999999978963, -1.484198990718047 
14.75999999997894, -1.4836881289492438 
14.769999999978916, -1.4832354483953325 
14.779999999978893, -1.483099107168946 
14.78999999997887, -1.4834599436935851 
14.799999999978846, -1.4842729291044916 
14.809999999978823, -1.4853155540947294 
14.8199999999788, -1.4863540255667629 
14.829999999978776, -1.4872291446117296 
14.839999999978753, -1.4878513383415233 
14.84999999997873, -1.4881735766426516 
14.859999999978706, -1.4881701916906913 
14.869999999978683, -1.4878239553302464 
14.87999999997866, -1.4871201362756037 
14.889999999978636, -1.486046179758286 
14.899999999978613, -1.4845972828694598 
14.90999999997859, -1.482791365019865 
14.919999999978566, -1.4807000997987674 
14.929999999978543, -1.4784991121386932 
14.93999999997852, -1.476502883552071 
14.949999999978496, -1.475074551085519 
14.959999999978473, -1.4743719073827382 
14.96999999997845, -1.474205795615703 
14.979999999978427, -1.4742279013602064 
14.989999999978403, -1.4741668564288226 
14.99999999997838, -1.4738607164781787 
15.009999999978357, -1.473163861909733 
15.019999999978333, -1.4718312991484772 
15.02999999997831, -1.469384817987142 
15.039999999978287, -1.4649613706936528 
15.049999999978263, -1.4573434917389625 
15.05999999997824, -1.4459508293223062 
15.069999999978217, -1.433671252795191 
15.079999999978194, -1.4280913460314506 
15.08999999997817, -1.4338107419775956 
15.099999999978147, -1.4456220878772605 
15.109999999978124, -1.4561636177146435 
15.1199999999781, -1.4629235713538757 
15.129999999978077, -1.4665976957792255 
15.139999999978054, -1.4683834142621495 
15.14999999997803, -1.4691062321858948 
15.159999999978007, -1.4692192576267897 
15.169999999977984, -1.4689545710235292 
15.17999999997796, -1.4684537970323481 
15.189999999977937, -1.4678825106594886 
15.199999999977914, -1.46752040543408 
15.20999999997789, -1.4677192570969788 
15.219999999977867, -1.4686589633075329 
15.229999999977844, -1.4701677137413465 
15.23999999997782, -1.4718747827205971 
15.249999999977797, -1.4734642344756563 
15.259999999977774, -1.4747611824297864 
15.26999999997775, -1.475695355289776 
15.279999999977727, -1.4762506466241878 
15.289999999977704, -1.476434120683812 
15.29999999997768, -1.4762611659848965 
15.309999999977657, -1.475749975235803 
15.319999999977634, -1.4749217420505294 
15.32999999997761, -1.473806151392837 
15.339999999977588, -1.4724530270450695 
15.349999999977564, -1.4709502895764792 
15.359999999977541, -1.469445518817885 
15.369999999977518, -1.468149303952576 
15.379999999977494, -1.4672643870591766 
15.389999999977471, -1.4668422745880962 
15.399999999977448, -1.4667289825019565 
15.409999999977424, -1.4666859496164555 
15.419999999977401, -1.4665166482475471 
15.429999999977378, -1.4660710452356258 
15.439999999977355, -1.4651697585038415 
15.449999999977331, -1.4634974212942864 
15.459999999977308, -1.460462668321601 
15.469999999977285, -1.455038130687993 
15.479999999977261, -1.4457769276990564 
15.489999999977238, -1.4316706895579445 
15.499999999977215, -1.4146029647976832 
15.509999999977191, -1.4010548515820516 
15.519999999977168, -1.3969797746681643 
15.529999999977145, -1.4007134023894157 
15.539999999977121, -1.4064566657901358 
15.549999999977098, -1.4108670924355882 
15.559999999977075, -1.4134794182231998 
15.569999999977052, -1.414792054039236 
15.579999999977028, -1.4152965611399553 
15.589999999977005, -1.4152914942735462 
15.599999999976982, -1.4149269138987954 
15.609999999976958, -1.4142855130583272 
15.619999999976935, -1.413492150701307 
15.629999999976912, -1.4128730919765242 
15.639999999976888, -1.4130508605424525 
15.649999999976865, -1.414660063751145 
15.659999999976842, -1.4177421913178225 
15.669999999976818, -1.4216251038508614 
15.679999999976795, -1.4254824196779163 
15.689999999976772, -1.4287884840458982 
15.699999999976749, -1.4313479400185973 
15.709999999976725, -1.433158238690431 
15.719999999976702, -1.434299705009598 
15.729999999976679, -1.434879107884415 
15.739999999976655, -1.4350037654075372 
15.749999999976632, -1.4347704742519505 
15.759999999976609, -1.4342650922408002 
15.769999999976585, -1.4335712850962445 
15.779999999976562, -1.4327814917643686 
15.789999999976539, -1.4319978882349695 
15.799999999976515, -1.4313195007149186 
15.809999999976492, -1.4308251224196087 
15.819999999976469, -1.4305517694053873 
15.829999999976446, -1.4304668232496438 
15.839999999976422, -1.4304668664211213 
15.849999999976399, -1.4304187957037646 
15.859999999976376, -1.430196181963642 
15.869999999976352, -1.4296739851971385 
15.879999999976329, -1.4286938672870424 
15.889999999976306, -1.4270244145958224 
15.899999999976282, -1.4243338921006625 
15.90999999997626, -1.420198612447466 
15.919999999976236, -1.4141921562504485 
15.929999999976213, -1.4061337035997101 
15.93999999997619, -1.3965565745152855 
15.949999999976166, -1.3871519809354513 
15.959999999976143, -1.3802851823063493 
15.96999999997612, -1.3771819843067872 
15.979999999976096, -1.3769192375636237 
15.989999999976073, -1.3777567698015722 
15.99999999997605, -1.3785919073814488 
16.009999999976028, -1.379067080198214 
16.019999999976005, -1.3791530271559505 
16.02999999997598, -1.3788739931251413 
16.039999999975958, -1.3782044459034293 
16.049999999975935, -1.3770425936504145 
16.05999999997591, -1.375247829600394 
16.069999999975888, -1.3728597483902143 
16.079999999975865, -1.3707129052527134 
16.08999999997584, -1.3711663459471601 
16.099999999975818, -1.37715294141335 
16.109999999975795, -1.3888300776839597 
16.11999999997577, -1.4025872856208845 
16.129999999975748, -1.414536603774743 
16.139999999975725, -1.4230817922392154 
16.1499999999757, -1.4284653639424902 
16.15999999997568, -1.4315518683273438 
16.169999999975655, -1.4331516205007078 
16.17999999997563, -1.4338351196952026 
16.18999999997561, -1.4339561010972617 
16.199999999975585, -1.4337267877034854 
16.20999999997556, -1.4332932055021943 
16.21999999997554, -1.4327972022817668 
16.229999999975515, -1.432403637172674 
16.239999999975492, -1.4322613107125641 
16.24999999997547, -1.4324244162230917 
16.259999999975445, -1.4328304260427358 
16.269999999975422, -1.4333564375594003 
16.2799999999754, -1.4338771552326517 
16.289999999975375, -1.4342872766923187 
16.299999999975352, -1.4345049974046031 
16.30999999997533, -1.4344677986099619 
16.319999999975305, -1.4341240277619514 
16.329999999975282, -1.433426018444668 
16.33999999997526, -1.4323282602726666 
16.349999999975235, -1.4307906957716585 
16.359999999975212, -1.428788347485257 
16.36999999997519, -1.4263335076894248 
16.379999999975166, -1.4235210074650797 
16.389999999975142, -1.4205961412764987 
16.39999999997512, -1.4179855724748593 
16.409999999975096, -1.416151159734246 
16.419999999975072, -1.415264893119899 
16.42999999997505, -1.415071294119593 
16.439999999975026, -1.4151436508750104 
16.449999999975002, -1.415166138520965 
16.45999999997498, -1.4149711170240293 
16.469999999974956, -1.41444093300296 
16.479999999974932, -1.41339948154724 
16.48999999997491, -1.4115040805329047 
16.499999999974886, -1.4081190198615083 
16.509999999974863, -1.40224874358033 
16.51999999997484, -1.3929485167788251 
16.529999999974816, -1.3810661717856205 
16.539999999974793, -1.3716509567957318 
16.54999999997477, -1.3714597621144322 
16.559999999974746, -1.3806251383667192 
16.569999999974723, -1.392416255255794 
16.5799999999747, -1.401593053684085 
16.589999999974676, -1.4072082977448395 
16.599999999974653, -1.4102212391372748 
16.60999999997463, -1.4116707925689993 
16.619999999974606, -1.4122264847526793 
16.629999999974583, -1.412251258508072 
16.63999999997456, -1.4119316181291397 
16.649999999974536, -1.4113873277898146 
16.659999999974513, -1.410777801377047 
16.66999999997449, -1.410400453116179 
16.679999999974466, -1.4106691849242765 
16.689999999974443, -1.4118573477238454 
16.69999999997442, -1.413834070665974 
16.709999999974396, -1.4161647297178568 
16.719999999974373, -1.418423355524856 
16.72999999997435, -1.4203530497383214 
16.739999999974327, -1.4218473803427365 
16.749999999974303, -1.4228858109009295 
16.75999999997428, -1.4234879851319184 
16.769999999974257, -1.423690645984528 
16.779999999974233, -1.4235374212663934 
16.78999999997421, -1.4230749692910036 
16.799999999974187, -1.4223539409113162 
16.809999999974163, -1.4214349084486122 
16.81999999997414, -1.4203963965486657 
16.829999999974117, -1.419339099253761 
16.839999999974093, -1.418382596863973 
16.84999999997407, -1.417647342713058 
16.859999999974047, -1.4172060946651839 
16.869999999974024, -1.4170267492809936 
16.879999999974, -1.41697773430678 
16.889999999973977, -1.4168980286668567 
16.899999999973954, -1.4166460310979647 
16.90999999997393, -1.416085815482699 
16.919999999973907, -1.4150353871402304 
16.929999999973884, -1.4132027168252759 
16.93999999997386, -1.410123553791581 
16.949999999973837, -1.4051356681162699 
16.959999999973814, -1.397487888937331 
16.96999999997379, -1.3867687576817738 
16.979999999973767, -1.3737764650045894 
16.989999999973744, -1.361248502412686 
16.99999999997372, -1.3527442974738964 
17.009999999973697, -1.3496023722533697 
17.019999999973674, -1.3500222154798194 
17.02999999997365, -1.3515344623772845 
17.039999999973627, -1.3528263807424359 
17.049999999973604, -1.3535796967240077 
17.05999999997358, -1.353844901128292 
17.069999999973557, -1.3537120962447182 
17.079999999973534, -1.3532127483438146 
17.08999999997351, -1.352308622729432 
17.099999999973488, -1.3509320742446937 
17.109999999973464, -1.3491481133957834 
17.11999999997344, -1.347571076354585 
17.129999999973418, -1.3478744216081762 
17.139999999973394, -1.3522980294540399 
17.14999999997337, -1.3614476316624884 
17.159999999973348, -1.3730849521162236 
17.169999999973324, -1.3840866431245753 
17.1799999999733, -1.3926454893158897 
17.189999999973278, -1.398482790857678 
17.199999999973254, -1.4020905854426176 
17.20999999997323, -1.404119866129722 
17.219999999973208, -1.4051128451686736 
17.229999999973185, -1.4054455994088673 
17.23999999997316, -1.405357548237374 
17.249999999973138, -1.4050055616536197 
17.259999999973115, -1.4045192828370554 
17.26999999997309, -1.404041536969114 
17.279999999973068, -1.4037256041116863 
17.289999999973045, -1.4036781376562817 
17.29999999997302, -1.4039046389887748 
17.309999999972998, -1.4043229211724277 
17.319999999972975, -1.4048172429350476 
17.32999999997295, -1.405275423019623 
17.339999999972928, -1.4056027560480837 
17.349999999972905, -1.4057250641664056 
17.35999999997288, -1.4055843605144427 
17.36999999997286, -1.4051315658263475 
17.379999999972835, -1.4043221105214128 
17.38999999997281, -1.4031163256778911 
17.39999999997279, -1.4014841766856092 
17.409999999972765, -1.3994161535512775 
17.41999999997274, -1.3969465521765243 
17.42999999997272, -1.3941966656367746 
17.439999999972695, -1.391429275944773 
17.449999999972672, -1.3890493388097644 
17.45999999997265, -1.387440607261675 
17.469999999972625, -1.3866922424828627 
17.479999999972602, -1.3865361972783314 
17.48999999997258, -1.3865903876219379 
17.499999999972555, -1.3865794745170605 
17.509999999972532, -1.38635014575177 
17.51999999997251, -1.385782145441139 
17.529999999972485, -1.3846895116017346 
17.539999999972462, -1.3827151739340773 
17.54999999997244, -1.3791993049720177 
17.559999999972415, -1.3730781983281135 
17.569999999972392, -1.3631454979000959 
17.57999999997237, -1.3494333909996565 
17.589999999972346, -1.3356452567447108 
17.599999999972322, -1.3285658357398158 
17.6099999999723, -1.331196719534176 
17.619999999972276, -1.3392508112428094 
17.629999999972252, -1.3471158010101676 
17.63999999997223, -1.3525204282811973 
17.649999999972206, -1.3556363045829791 
17.659999999972182, -1.3572281320078055 
17.66999999997216, -1.357902601529889 
17.679999999972136, -1.358016788929309 
17.689999999972112, -1.357753539411701 
17.69999999997209, -1.3572067943009767 
17.709999999972066, -1.3564723721048377 
17.719999999972043, -1.3557741683684286 
17.72999999997202, -1.3555896257159992 
17.739999999971996, -1.3565643900607616 
17.749999999971973, -1.3590565069912173 
17.75999999997195, -1.3627483150572126 
17.769999999971926, -1.3668784692250406 
17.779999999971903, -1.3707573569658713 
17.78999999997188, -1.3740008092546598 
17.799999999971856, -1.3764819276518057 
17.809999999971833, -1.3782192640912965 
17.81999999997181, -1.3792988537471171 
17.829999999971786, -1.3798314590544902 
17.839999999971763, -1.3799288654826751 
17.84999999997174, -1.379692100659569 
17.859999999971716, -1.3792112261111096 
17.869999999971693, -1.3785748818605335 
17.87999999997167, -1.377880502354758 
17.889999999971646, -1.3772311699985593 
17.899999999971623, -1.3767157987457515 
17.9099999999716, -1.376388467854292 
17.919999999971576, -1.3762571892384101 
17.929999999971553, -1.376277193675348 
17.93999999997153, -1.376357118811365 
17.949999999971507, -1.3763858684004815 
17.959999999971483, -1.3762575260139969 
17.96999999997146, -1.375872582625084 
17.979999999971437, -1.3751221189540126 
17.989999999971413, -1.3738728656546901 
17.99999999997139, -1.371965176275218 
18.009999999971367, -1.3692292283940468 
18.019999999971343, -1.3655231497692566 
18.02999999997132, -1.360803256038604 
18.039999999971297, -1.3552450238070672 
18.049999999971273, -1.3493996749499033 
18.05999999997125, -1.3442235735359134 
18.069999999971227, -1.3406854939225978 
18.079999999971204, -1.3390719267231066 
18.08999999997118, -1.3388182447022392 
18.099999999971157, -1.339108750079743 
18.109999999971134, -1.3394060718932066 
18.11999999997111, -1.339487835009521 
18.129999999971087, -1.339276912202118 
18.139999999971064, -1.3387033341162833 
18.14999999997104, -1.3376195278075 
18.159999999971017, -1.3357314306839667 
18.169999999970994, -1.3325481424311034 
18.17999999997097, -1.3274880498734358 
18.189999999970947, -1.3205529307304467 
18.199999999970924, -1.31390803187586 
18.2099999999709, -1.3126233497912976 
18.219999999970877, -1.3206210085696675 
18.229999999970854, -1.3351769256862314 
18.23999999997083, -1.3496892047912348 
18.249999999970807, -1.3602455537541993 
18.259999999970784, -1.3666524009092753 
18.26999999997076, -1.3701434900825784 
18.279999999970737, -1.3718823032710836 
18.289999999970714, -1.3726169196478306 
18.29999999997069, -1.3727623610946902 
18.309999999970668, -1.3725366422029146 
18.319999999970644, -1.372069237723218 
18.32999999997062, -1.371495024555023 
18.339999999970598, -1.3710420907632366 
18.349999999970574, -1.37105127779559 
18.35999999997055, -1.3718227541635604 
18.369999999970528, -1.3733746921222878 
18.379999999970504, -1.3754138754533776 
18.38999999997048, -1.3775540680657243 
18.399999999970458, -1.379506189537756 
18.409999999970434, -1.3811155811939781 
18.41999999997041, -1.3823222057859024 
18.429999999970388, -1.3831181013295273 
18.439999999970365, -1.383521619103384 
18.44999999997034, -1.3835646848805974 
18.459999999970318, -1.3832868596894063 
18.469999999970295, -1.3827332602467135 
18.47999999997027, -1.3819565541293968 
18.489999999970248, -1.3810228007572287 
18.499999999970225, -1.3800168340531127 
18.5099999999702, -1.3790412469057765 
18.519999999970178, -1.378206660393396 
18.529999999970155, -1.3776081689921298 
18.53999999997013, -1.37728175635656 
18.549999999970108, -1.3771695392073995 
18.559999999970085, -1.3771414768914216 
18.56999999997006, -1.3770541047808682 
18.57999999997004, -1.3767809373293034 
18.589999999970015, -1.3761953782449208 
18.59999999996999, -1.3751299184720618 
18.60999999996997, -1.373333890205251 
18.619999999969945, -1.3704458575365632 
18.62999999996992, -1.366007713692663 
18.6399999999699, -1.3595706854143779 
18.649999999969875, -1.3509630798839956 
18.659999999969852, -1.3407456301188803 
18.66999999996983, -1.3305961199173963 
18.679999999969805, -1.3228547886306674 
18.689999999969782, -1.3189014928170755 
18.69999999996976, -1.318086336796417 
18.709999999969735, -1.3187345497758731 
18.719999999969712, -1.3196015278911974 
18.72999999996969, -1.3201891394969674 
18.739999999969665, -1.320405639884941 
18.749999999969642, -1.3202677676953996 
18.75999999996962, -1.3197678399710389 
18.769999999969595, -1.318824667438207 
18.779999999969572, -1.3172687330989643 
18.78999999996955, -1.3148953509791688 
18.799999999969526, -1.3117497875765376 
18.809999999969502, -1.3088830899575956 
18.81999999996948, -1.3091668718049452 
18.829999999969456, -1.316075010135928 
18.839999999969432, -1.3297604728655956 
18.84999999996941, -1.3458693340294177 
18.859999999969386, -1.3596767097351201 
18.869999999969362, -1.369309971803428 
18.87999999996934, -1.37519844351179 
18.889999999969316, -1.3784811960740257 
18.899999999969292, -1.3801511519339607 
18.90999999996927, -1.3808648553650702 
18.919999999969246, -1.3810063449043937 
18.929999999969223, -1.3807927104384177 
18.9399999999692, -1.3803654009840922 
18.949999999969176, -1.3798664187914338 
18.959999999969153, -1.379488726728367 
18.96999999996913, -1.3794530628201698 
18.979999999969106, -1.379891920406007 
18.989999999969083, -1.380754026151028 
18.99999999996906, -1.3818509294631183 
19.009999999969036, -1.3829772245136378 
19.019999999969013, -1.3839800246921095 
19.02999999996899, -1.3847652777723565 
19.039999999968966, -1.3852815842873443 
19.049999999968943, -1.3855039049051974 
19.05999999996892, -1.3854223429177275 
19.069999999968896, -1.3850361631888477 
19.079999999968873, -1.3843519597436982 
19.08999999996885, -1.3833852824096122 
19.099999999968826, -1.3821661418156101 
19.109999999968803, -1.3807489078219108 
19.11999999996878, -1.3792255732676424 
19.129999999968756, -1.377737499681245 
19.139999999968733, -1.3764678333579419 
19.14999999996871, -1.3755816340849765 
19.159999999968687, -1.3751230947470343 
19.169999999968663, -1.374973593883572 
19.17999999996864, -1.3749320979583322 
19.189999999968617, -1.3748174012603962 
19.199999999968593, -1.374490871539896 
19.20999999996857, -1.373811876215003 
19.219999999968547, -1.372568319952417 
19.229999999968523, -1.370395532026971 
19.2399999999685, -1.366689783547077 
19.249999999968477, -1.3605694590323671 
19.259999999968453, -1.3510543181981878 
19.26999999996843, -1.3377621759559566 
19.279999999968407, -1.32216550036342 
19.289999999968384, -1.3081542502426764 
19.29999999996836, -1.2997507621430866 
19.309999999968337, -1.2975251437262654 
19.319999999968314, -1.2988015393143635 
19.32999999996829, -1.3008626875668623 
19.339999999968267, -1.302474107097027 
19.349999999968244, -1.303418679952919 
19.35999999996822, -1.3038108109194047 
19.369999999968197, -1.3037804397937294 
19.379999999968174, -1.303389169343561 
19.38999999996815, -1.3026248638075941 
19.399999999968127, -1.3014292747540552 
19.409999999968104, -1.2997989043607792 
19.41999999996808, -1.298068877968665 
19.429999999968057, -1.297400237598771 
19.439999999968034, -1.2998841939865033 
19.44999999996801, -1.3071680661389782 
19.459999999967987, -1.3184433975339933 
19.469999999967964, -1.3307688594590033 
19.47999999996794, -1.3414324410586218 
19.489999999967917, -1.3492874820832594 
19.499999999967894, -1.3544465705555049 
19.50999999996787, -1.3575371386730692 
19.519999999967848, -1.3592167408639106 
19.529999999967824, -1.35998959468838 
19.5399999999678, -1.3601894605692797 
19.549999999967778, -1.360024297575543 
19.559999999967754, -1.3596343305891228 
19.56999999996773, -1.3591476829773055 
19.579999999967708, -1.3587184739036378 
19.589999999967684, -1.3585157755588482 
19.59999999996766, -1.3586522358391697 
19.609999999967638, -1.359119176727209 
19.619999999967614, -1.359804719202431 
19.62999999996759, -1.3605644721373809 
19.639999999967568, -1.3612716180215965 
19.649999999967545, -1.361831580805602 
19.65999999996752, -1.362179824411729 
19.669999999967498, -1.3622744128738589 
19.679999999967475, -1.3620883407875521 
19.68999999996745, -1.3616045464961313 
19.699999999967428, -1.3608142030904953 
19.709999999967405, -1.3597179819301104 
19.71999999996738, -1.358330934559968 
19.729999999967358, -1.3566925757474815 
19.739999999967335, -1.3548831519190316 
19.74999999996731, -1.3530430678954448 
19.759999999967288, -1.3513783045056222 
19.769999999967265, -1.3501119473170518 
19.77999999996724, -1.349366008976944 
19.78999999996722, -1.3490691639776107 
19.799999999967195, -1.3490089251885533 
19.80999999996717, -1.3489651217172325 
19.81999999996715, -1.3487768065388628 
19.829999999967125, -1.3483168075157783 
19.8399999999671, -1.3474265663688052 
19.84999999996708, -1.3458391365120612 
19.859999999967055, -1.343089566014127 
19.869999999967032, -1.3384279149193012 
19.87999999996701, -1.330831959646004 
19.889999999966985, -1.319372484719931 
19.899999999966962, -1.3042363018722303 
19.90999999996694, -1.2880194410427435 
19.919999999966915, -1.2752893226317394 
19.929999999966892, -1.2691404723693689 
19.93999999996687, -1.2685963993895701 
19.949999999966845, -1.2705338154456087 
19.959999999966822, -1.2726672307009326 
19.9699999999668, -1.2741772530228346 
19.979999999966775, -1.275014575350402 
19.989999999966752, -1.2753268079205768 
19.99999999996673, -1.2752366881532917 
20.009999999966706, -1.2747923762909377 
20.019999999966682, -1.2739696357330197 
20.02999999996666, -1.2727003956669924 
20.039999999966636, -1.2709748225196678 
20.049999999966612, -1.2691284909930531 
20.05999999996659, -1.268341627714495 
20.069999999966566, -1.2707904335233258 
20.079999999966542, -1.278326129797185 
20.08999999996652, -1.2903194868309233 
20.099999999966496, -1.303710505110823 
20.109999999966472, -1.3154457279224514 
20.11999999996645, -1.3241294585919268 
20.129999999966426, -1.329827935071708 
20.139999999966403, -1.3332363965841216 
20.14999999996638, -1.335097204613057 
20.159999999966356, -1.3359763695734428 
20.169999999966333, -1.3362433210058968 
20.17999999996631, -1.3361228387864192 
20.189999999966286, -1.3357594571508031 
20.199999999966263, -1.335278528797216 
20.20999999996624, -1.334834769164426 
20.219999999966216, -1.3346180534560907 
20.229999999966193, -1.3347858124689653 
20.23999999996617, -1.3353686946580088 
20.249999999966146, -1.3362565471571939 
20.259999999966123, -1.3372759663431388 
20.2699999999661, -1.3382682876337877 
20.279999999966076, -1.3391190605005527 
20.289999999966053, -1.3397558348507166 
20.29999999996603, -1.3401370400937718 
20.309999999966006, -1.3402413521444103 
20.319999999965983, -1.3400604153668583 
20.32999999996596, -1.339595256006476 
20.339999999965936, -1.3388557424684904 
20.349999999965913, -1.337862847774399 
20.35999999996589, -1.336654079931293 
20.369999999965867, -1.3352917679390242 
20.379999999965843, -1.3338718435165908 
20.38999999996582, -1.3325275076078584 
20.399999999965797, -1.3314138985740323 
20.409999999965773, -1.3306544936503324 
20.41999999996575, -1.3302661471618058 
20.429999999965727, -1.3301379001359412 
20.439999999965703, -1.3300964496696364 
20.44999999996568, -1.3299828359854757 
20.459999999965657, -1.3296698655086674 
20.469999999965633, -1.329028581557721 
20.47999999996561, -1.327876613677318 
20.489999999965587, -1.3259248058783746 
20.499999999965564, -1.3227348980973814 
20.50999999996554, -1.3177245784570482 
20.519999999965517, -1.3102972541643108 
20.529999999965494, -1.3001970047038403 
20.53999999996547, -1.288093047076718 
20.549999999965447, -1.2760068506071867 
20.559999999965424, -1.2666902341139683 
20.5699999999654, -1.2617620726606373 
20.579999999965377, -1.2605574157457637 
20.589999999965354, -1.2612059840789176 
20.59999999996533, -1.2622396448581685 
20.609999999965307, -1.263022551408072 
20.619999999965284, -1.2634169212379596 
20.62999999996526, -1.2634450861810824 
20.639999999965237, -1.2631285265024834 
20.649999999965214, -1.26242872063055 
20.65999999996519, -1.2612213731703048 
20.669999999965167, -1.2592922599539664 
20.679999999965144, -1.256420089824942 
20.68999999996512, -1.2527341587161527 
20.699999999965097, -1.2495352331778669 
20.709999999965074, -1.249968990456897 
20.71999999996505, -1.2574741518605885 
20.729999999965028, -1.271894471524448 
20.739999999965004, -1.288633413833626 
20.74999999996498, -1.3028612212271653 
20.759999999964958, -1.3127093042268838 
20.769999999964934, -1.3186830712290423 
20.77999999996491, -1.321996943568101 
20.789999999964888, -1.3236847095046196 
20.799999999964864, -1.3244165228738463 
20.80999999996484, -1.3245765381526937 
20.819999999964818, -1.3243749660536053 
20.829999999964794, -1.3239402158688574 
20.83999999996477, -1.3233987125031192 
20.849999999964748, -1.322947519534517 
20.859999999964725, -1.3228761078889937 
20.8699999999647, -1.3234598734808483 
20.879999999964678, -1.3247682296212582 
20.889999999964655, -1.326601561103026 
20.89999999996463, -1.328634155548881 
20.909999999964608, -1.330583437762487 
20.919999999964585, -1.3322722467620927 
20.92999999996456, -1.3336127959755695 
20.939999999964538, -1.3345737380887093 
20.949999999964515, -1.3351561308375726 
20.95999999996449, -1.3353802399088943 
20.969999999964468, -1.335278777677151 
20.979999999964445, -1.3348931621085653 
20.98999999996442, -1.334272481002151 
20.9999999999644, -1.3334762357448942 
21.009999999964375, -1.332579102746422 
21.01999999996435, -1.3316715529421599 
21.02999999996433, -1.3308514900025536 
21.039999999964305, -1.3302081241577126 
21.04999999996428, -1.3297981210591097 
21.05999999996426, -1.3296164183308699 
21.069999999964235, -1.3295860522886833 
21.079999999964212, -1.3295871929469176 
21.08999999996419, -1.3294984500473175 
21.099999999964165, -1.3292112876464321 
21.109999999964142, -1.3286147170431257 
21.11999999996412, -1.3275705698714135 
21.129999999964095, -1.325897032693328 
21.139999999964072, -1.3233721866492303 
21.14999999996405, -1.3197669740179063 
21.159999999964025, -1.3149156767326118 
21.169999999964002, -1.308833303922333 
21.17999999996398, -1.301881534161296 
21.189999999963955, -1.294909866099987 
21.199999999963932, -1.2891265535780856 
21.20999999996391, -1.2854809745578542 
21.219999999963886, -1.2839933045030396 
21.229999999963862, -1.2838717175871486 
21.23999999996384, -1.2842414281390626 
21.249999999963816, -1.284585313400163 
21.259999999963792, -1.2847039367690258 
21.26999999996377, -1.2845343244035643 
21.279999999963746, -1.284020606621532 
21.289999999963722, -1.2830381496967287 
21.2999999999637, -1.2813306339700425 
21.309999999963676, -1.2784473661500289 
21.319999999963652, -1.2737515749002617 
21.32999999996363, -1.2667658548231053 
21.339999999963606, -1.2582842502022844 
21.349999999963583, -1.2518059731301303 
21.35999999996356, -1.252366337452685 
21.369999999963536, -1.2613793415092536 
21.379999999963513, -1.2744257654035067 
21.38999999996349, -1.2860966982552273 
21.399999999963466, -1.29415388149277 
21.409999999963443, -1.2989433523923823 
21.41999999996342, -1.3015304747732541 
21.429999999963396, -1.3027941858187606 
21.439999999963373, -1.303279094769247 
21.44999999996335, -1.3032819382321867 
21.459999999963326, -1.302954197892968 
21.469999999963303, -1.3023854731273583 
21.47999999996328, -1.3016903679756031 
21.489999999963256, -1.3011186617210344 
21.499999999963233, -1.3011326832268701 
21.50999999996321, -1.3022788922662398 
21.519999999963186, -1.3048037284541034 
21.529999999963163, -1.3083988917317981 
21.53999999996314, -1.3124138272525743 
21.549999999963116, -1.3162472976919788 
21.559999999963093, -1.3195333466143617 
21.56999999996307, -1.3221205849266604 
21.579999999963047, -1.3239939274031869 
21.589999999963023, -1.325213351029484 
21.599999999963, -1.3258754857941184 
21.609999999962977, -1.326088039384598 
21.619999999962953, -1.325953449087492 
21.62999999996293, -1.3255636920820524 
21.639999999962907, -1.325006543754101 
21.649999999962883, -1.324376699767586 
21.65999999996286, -1.3237779121453872 
21.669999999962837, -1.3233057671963844 
21.679999999962813, -1.3230211613615332 
21.68999999996279, -1.3229360347014185 
21.699999999962767, -1.3230147550486897 
21.709999999962744, -1.3231830264895392 
21.71999999996272, -1.323345304138157 
21.729999999962697, -1.3234062406077987 
21.739999999962674, -1.323281680124617 
21.74999999996265, -1.3228955918840768 
21.759999999962627, -1.322172966794751 
21.769999999962604, -1.321038340102811 
21.77999999996258, -1.3194222684944563 
21.789999999962557, -1.3172733389384281 
21.799999999962534, -1.3145747616612176 
21.80999999996251, -1.3113706065614137 
21.819999999962487, -1.3078092775277608 
21.829999999962464, -1.3041953581444634 
21.83999999996244, -1.3009899977230996 
21.849999999962417, -1.2986588593526733 
21.859999999962394, -1.2973921750896016 
21.86999999996237, -1.2969761217369153 
21.879999999962347, -1.2969896745809988 
21.889999999962324, -1.2970765011902512 
21.8999999999623, -1.2970323342143477 
21.909999999962277, -1.2967447968648373 
21.919999999962254, -1.2961039532741303 
21.92999999996223, -1.2949213577718421 
21.939999999962208, -1.2928412023756377 
21.949999999962184, -1.2892281537336567 
21.95999999996216, -1.283077878893014 
21.969999999962138, -1.2731754963207376 
21.979999999962114, -1.2589854307722048 
21.98999999996209, -1.2424026362062128 
21.999999999962068, -1.2284141747247095 
22.009999999962044, -1.2217333601235523 
22.01999999996202, -1.222357057739972 
22.029999999961998, -1.2265059151346518 
22.039999999961974, -1.2307961410504813 
22.04999999996195, -1.233897795203557 
22.059999999961928, -1.2357713916931687 
22.069999999961905, -1.2367442448783459 
22.07999999996188, -1.2371123113192566 
22.089999999961858, -1.2370564243984379 
22.099999999961835, -1.2366559472208871 
22.10999999996181, -1.2359192489803499 
22.119999999961788, -1.234828975189604 
22.129999999961765, -1.2334475025892764 
22.13999999996174, -1.2321543008076952 
22.149999999961718, -1.2319797624132551 
22.159999999961695, -1.2345913830934923 
22.16999999996167, -1.2412852956018523 
22.179999999961648, -1.2515801317059012 
22.189999999961625, -1.2632641760294026 
22.1999999999616, -1.2739576847751453 
22.20999999996158, -1.2823254240512332 
22.219999999961555, -1.2881480571171617 
22.22999999996153, -1.291834760433146 
22.23999999996151, -1.2939686540407076 
22.249999999961485, -1.2950627685579132 
22.25999999996146, -1.295486113325577 
22.26999999996144, -1.29547745088833 
22.279999999961415, -1.2951897785623958 
22.289999999961392, -1.294741293573991 
22.29999999996137, -1.294263493198987 
22.309999999961345, -1.2939272045445145 
22.319999999961322, -1.2939122822476907 
22.3299999999613, -1.294321463743131 
22.339999999961275, -1.2951183334293843 
22.349999999961252, -1.2961585118077883 
22.35999999996123, -1.2972711824890177 
22.369999999961205, -1.2983148903730402 
22.379999999961182, -1.2991920711257585 
22.38999999996116, -1.2998429975716674 
22.399999999961135, -1.300235075935163 
22.409999999961112, -1.3003537760970265 
22.41999999996109, -1.3001970097456326 
22.429999999961066, -1.2997727139223019 
22.439999999961042, -1.2990988147993536 
22.44999999996102, -1.2982053013467483 
22.459999999960996, -1.2971385056697655 
22.469999999960972, -1.2959663550130025 
22.47999999996095, -1.2947810753306954 
22.489999999960926, -1.2936948725477975 
22.499999999960902, -1.292822414793061 
22.50999999996088, -1.2922430248495043 
22.519999999960856, -1.2919553109536372 
22.529999999960832, -1.2918673478713323 
22.53999999996081, -1.2918404086853064 
22.549999999960786, -1.2917411497002065 
22.559999999960763, -1.2914564514659763 
22.56999999996074, -1.2908731450958455 
22.579999999960716, -1.2898464235680913 
22.589999999960693, -1.2881746607362503 
22.59999999996067, -1.2855939609505511 
22.609999999960646, -1.2818083408254084 
22.619999999960623, -1.2765714563249098 
22.6299999999606, -1.2698284386929817 
22.639999999960576, -1.2619078296071762 
22.649999999960553, -1.253686725198977 
22.65999999996053, -1.2465017159274452 
22.669999999960506, -1.241561597304926 
22.679999999960483, -1.2391696649729869 
22.68999999996046, -1.2386255782240212 
22.699999999960436, -1.2389234728676453 
22.709999999960413, -1.2393640025296981 
22.71999999996039, -1.2396363071745566 
22.729999999960366, -1.2396440989724886 
22.739999999960343, -1.239348798829288 
22.74999999996032, -1.2386800224943015 
22.759999999960296, -1.2374765061059256 
22.769999999960273, -1.2354241552430916 
22.77999999996025, -1.2319926162703183 
22.789999999960227, -1.226459381389041 
22.799999999960203, -1.2182968989343244 
22.80999999996018, -1.2082814179019348 
22.819999999960157, -1.1997483344107622 
22.829999999960133, -1.197405337626617 
22.83999999996011, -1.2028890697756203 
22.849999999960087, -1.2127987281185653 
22.859999999960063, -1.222449905598396 
22.86999999996004, -1.2295045019388344 
22.879999999960017, -1.2338892843501559 
22.889999999959993, -1.2363481874655793 
22.89999999995997, -1.237594072494698 
22.909999999959947, -1.2380994702147134 
22.919999999959924, -1.2381301604063402 
22.9299999999599, -1.2378170820969276 
22.939999999959877, -1.2372178641655844 
22.949999999959854, -1.2363819756731043 
22.95999999995983, -1.2354569835921987 
22.969999999959807, -1.2348557693086861 
22.979999999959784, -1.235374377823981 
22.98999999995976, -1.2379532488764178 
22.999999999959737, -1.2429911080388185 
23.009999999959714, -1.249875899544175 
23.01999999995969, -1.2573512055687404 
23.029999999959667, -1.2642536289617234 
23.039999999959644, -1.2699072425818616 
23.04999999995962, -1.2741107579879447 
23.059999999959597, -1.2769704057725264 
23.069999999959574, -1.2787362093716845 
23.07999999995955, -1.2796852225375601 
23.089999999959527, -1.280056469015014 
23.099999999959504, -1.280030223775373 
23.10999999995948, -1.2797377287303067 
23.119999999959457, -1.2792874090683286 
23.129999999959434, -1.278794566125962 
23.13999999995941, -1.2783954167507636 
23.149999999959388, -1.278223542254421 
23.159999999959364, -1.2783554432282274 
23.16999999995934, -1.2787754145023686 
23.179999999959318, -1.2793943284361138 
23.189999999959294, -1.280095640901202 
23.19999999995927, -1.2807697626207466 
23.209999999959248, -1.2813289551634852 
23.219999999959224, -1.2817101264714388 
23.2299999999592, -1.2818714377898655 
23.239999999959178, -1.2817870899199364 
23.249999999959154, -1.2814432974205887 
23.25999999995913, -1.280836343766424 
23.269999999959108, -1.279972648217453 
23.279999999959085, -1.2788710834113302 
23.28999999995906, -1.2775680081056409 
23.299999999959038, -1.2761246240291788 
23.309999999959015, -1.2746342695182649 
23.31999999995899, -1.273224154864581 
23.329999999958968, -1.272040267351985 
23.339999999958945, -1.271201895735897 
23.34999999995892, -1.2707380597551934 
23.359999999958898, -1.270561883027223 
23.369999999958875, -1.2705174110397748 
23.37999999995885, -1.2704499435556573 
23.389999999958828, -1.270235366194377 
23.399999999958805, -1.2697625905237258 
23.40999999995878, -1.2688963457227422 
23.41999999995876, -1.2674404029092312 
23.429999999958735, -1.265113403078427 
23.43999999995871, -1.261555664169155 
23.44999999995869, -1.2563956229320412 
23.459999999958665, -1.2494022091893118 
23.46999999995864, -1.2407219197193613 
23.47999999995862, -1.23112747538862 
23.489999999958595, -1.2220563376118476 
23.499999999958572, -1.2151182677199261 
23.50999999995855, -1.2111595843438168 
23.519999999958525, -1.2097694311045075 
23.529999999958502, -1.209823734696189 
23.53999999995848, -1.2103380388056864 
23.549999999958455, -1.2107921844428595 
23.559999999958432, -1.211003968695334 
23.56999999995841, -1.2109291495257026 
23.579999999958385, -1.2105364543373782 
23.589999999958362, -1.209741045326841 
23.59999999995834, -1.2083531887284011 
23.609999999958315, -1.2060181149400526 
23.619999999958292, -1.202162607892014 
23.62999999995827, -1.1960606341654763 
23.639999999958246, -1.1873058864611183 
23.649999999958222, -1.176947824219312 
23.6599999999582, -1.1684623708011415 
23.669999999958176, -1.166157439509106 
23.679999999958152, -1.171110552058941 
23.68999999995813, -1.1800035127337969 
23.699999999958106, -1.1886671568892455 
23.709999999958082, -1.1950547403755958 
23.71999999995806, -1.1990763040548105 
23.729999999958036, -1.2013620261885127 
23.739999999958012, -1.2025330692357104 
23.74999999995799, -1.2030092844782148 
23.759999999957966, -1.2030290857981876 
23.769999999957943, -1.2027070370917654 
23.77999999995792, -1.2020837041564187 
23.789999999957896, -1.2011778646754068 
23.799999999957873, -1.2000786304961797 
23.80999999995785, -1.1991218041327096 
23.819999999957826, -1.199109303894156 
23.829999999957803, -1.201276843633924 
23.83999999995778, -1.206625686343783 
23.849999999957756, -1.2149774779647813 
23.859999999957733, -1.2248691943294125 
23.86999999995771, -1.2344747189103389 
23.879999999957686, -1.2425145169577596 
23.889999999957663, -1.2485087362506575 
23.89999999995764, -1.2525682460112768 
23.909999999957616, -1.2550824612518723 
23.919999999957593, -1.2564850810234962 
23.92999999995757, -1.2571354350936406 
23.939999999957546, -1.2572886709806312 
23.949999999957523, -1.2571137265689132 
23.9599999999575, -1.2567302793797304 
23.969999999957476, -1.2562512735173057 
23.979999999957453, -1.255819162354683 
23.98999999995743, -1.2556099699390832 
23.999999999957407, -1.2557798333325159 
24.009999999957383, -1.2563829357043519 
24.01999999995736, -1.25734230812093 
24.029999999957337, -1.2585015931146153 
24.039999999957313, -1.259697967175558 
24.04999999995729, -1.2608027189785926 
24.059999999957267, -1.261728744803635 
24.069999999957243, -1.2624233743317423 
24.07999999995722, -1.2628585274965494 
24.089999999957197, -1.2630230605824344 
24.099999999957173, -1.2629184872406767 
24.10999999995715, -1.2625573679915933 
24.119999999957127, -1.26196329612478 
24.129999999957104, -1.2611722736238116 
24.13999999995708, -1.2602357001002413 
24.149999999957057, -1.2592234219552887 
24.159999999957034, -1.2582227161428914 
24.16999999995701, -1.2573296589662577 
24.179999999956987, -1.2566319702400768 
24.189999999956964, -1.2561831037267264 
24.19999999995694, -1.255975035201141 
24.209999999956917, -1.2559327620861782 
24.219999999956894, -1.2559427212713075 
24.22999999995687, -1.2558903663673708 
24.239999999956847, -1.2556756256537958 
24.249999999956824, -1.2552037817867039 
24.2599999999568, -1.254368525402422 
24.269999999956777, -1.2530425504718685 
24.279999999956754, -1.2510841774147343 
24.28999999995673, -1.248362074346284 
24.299999999956707, -1.244793984100656 
24.309999999956684, -1.2403940899520571 
24.31999999995666, -1.2353289213110368 
24.329999999956637, -1.2299763360759193 
24.339999999956614, -1.2249390480701456 
24.34999999995659, -1.2209064904691576 
24.359999999956568, -1.2183299039172555 
24.369999999956544, -1.217149651382065 
24.37999999995652, -1.2168906018348093 
24.389999999956498, -1.2170171006952635 
24.399999999956474, -1.2171692934603355 
24.40999999995645, -1.217169030289814 
24.419999999956428, -1.2169275696070412 
24.429999999956404, -1.2163585174333686 
24.43999999995638, -1.2153099939348613 
24.449999999956358, -1.2134945733296365 
24.459999999956334, -1.2104000437737639 
24.46999999995631, -1.2052017798600603 
24.479999999956288, -1.1968019190209511 
24.489999999956265, -1.1842946293984062 
24.49999999995624, -1.1681156405686157 
24.509999999956218, -1.1511907914433912 
24.519999999956195, -1.1380587407475873 
24.52999999995617, -1.131569851786593 
24.539999999956148, -1.1308662886106358 
24.549999999956125, -1.1330436017530636 
24.5599999999561, -1.135714840499047 
24.569999999956078, -1.1378223074989282 
24.579999999956055, -1.1391778441007212 
24.58999999995603, -1.1399067258637434 
24.599999999956008, -1.140167258416233 
24.609999999955985, -1.1400618463655199 
24.61999999995596, -1.1396207066148183 
24.62999999995594, -1.1388001566846975 
24.639999999955915, -1.1374804477847547 
24.64999999995589, -1.1354787633781909 
24.65999999995587, -1.132638452784403 
24.669999999955845, -1.129120648353768 
24.67999999995582, -1.1259882498937952 
24.6899999999558, -1.1256900877749052 
24.699999999955775, -1.1312165422430567 
24.709999999955752, -1.1434513665074264 
24.71999999995573, -1.1595003084222157 
24.729999999955705, -1.1748037541700347 
24.739999999955682, -1.1864747462835765 
24.74999999995566, -1.1941192017816658 
24.759999999955635, -1.1986481656668853 
24.769999999955612, -1.2011393938518302 
24.77999999995559, -1.202393282272673 
24.789999999955565, -1.202903366963249 
24.799999999955542, -1.2029444923848036 
24.80999999995552, -1.202659327493867 
24.819999999955495, -1.2021251657615541 
24.829999999955472, -1.2014192829205874 
24.83999999995545, -1.200708310356421 
24.849999999955426, -1.2003580410028343 
24.859999999955402, -1.2009659224238678 
24.86999999995538, -1.2031448584601183 
24.879999999955356, -1.2070969544278687 
24.889999999955332, -1.2123929162525553 
24.89999999995531, -1.2182167216970323 
24.909999999955286, -1.2237819858487629 
24.919999999955262, -1.228565074986333 
24.92999999995524, -1.232326720201344 
24.939999999955216, -1.2350444857818803 
24.949999999955192, -1.236832314363292 
24.95999999995517, -1.237867853402741 
24.969999999955146, -1.238335529943419 
24.979999999955123, -1.238393350672888 
24.9899999999551, -1.238165159964278 
24.999999999955076, -1.2377526473047895 
