t, s[1].omega / s[0].omega 
0, -0.659997705993544 
0.009999999999999995, -0.6597562472435582 
0.019999999999999934, -0.6594900167639144 
0.029999999999999874, -0.6591970043083603 
0.04000000000000012, -0.6588756822386764 
0.050000000000000405, -0.6585265561671719 
0.06000000000000069, -0.6581529996938587 
0.07000000000000098, -0.6577614237439942 
0.08000000000000126, -0.6573612955341843 
0.09000000000000155, -0.6569655251447675 
0.10000000000000184, -0.6565914748598269 
0.11000000000000212, -0.6562625565514254 
0.12000000000000241, -0.656010142926889 
0.130000000000002, -0.6558752862055343 
0.1400000000000009, -0.6559094490885374 
0.1499999999999998, -0.656173080878059 
0.1599999999999987, -0.6567304709968175 
0.1699999999999976, -0.6576391379133779 
0.1799999999999965, -0.6589327494903515 
0.1899999999999954, -0.6605994220321308 
0.1999999999999943, -0.6625629629914185 
0.2099999999999932, -0.6646806099495078 
0.2199999999999921, -0.666768962761666 
0.229999999999991, -0.6686534224557588 
0.2399999999999899, -0.670215732753882 
0.2499999999999888, -0.6714129726423899 
0.2599999999999877, -0.6722640082670109 
0.2699999999999866, -0.6728207264384236 
0.2799999999999855, -0.6731425326543039 
0.2899999999999844, -0.6732814855582852 
0.2999999999999833, -0.6732765141370037 
0.3099999999999822, -0.673152567894512 
0.3199999999999811, -0.672921440502163 
0.32999999999998, -0.6725825102941649 
0.3399999999999789, -0.6721227334173477 
0.3499999999999778, -0.6715159694007538 
0.35999999999997667, -0.6707224943163709 
0.36999999999997557, -0.669690696443614 
0.37999999999997447, -0.6683643281810947 
0.38999999999997337, -0.6666989407548193 
0.39999999999997227, -0.6646873273525107 
0.40999999999997117, -0.662384407673853 
0.41999999999997006, -0.659913499799017 
0.42999999999996896, -0.6574418374719901 
0.43999999999996786, -0.655134909853425 
0.44999999999996676, -0.653115320183933 
0.45999999999996566, -0.651445026601351 
0.46999999999996456, -0.6501308425656686 
0.47999999999996346, -0.649141720080902 
0.48999999999996235, -0.6484270052428815 
0.49999999999996125, -0.6479303554280726 
0.5099999999999602, -0.6475983678416717 
0.519999999999959, -0.6473848996797366 
0.529999999999958, -0.6472524545752558 
0.5399999999999568, -0.647171821067417 
0.5499999999999557, -0.6471208516174622 
0.5599999999999546, -0.6470830111167574 
0.5699999999999535, -0.6470461123203968 
0.5799999999999524, -0.6470014570240494 
0.5899999999999513, -0.6469433717038153 
0.5999999999999502, -0.6468688653358046 
0.6099999999999491, -0.6467769665174894 
0.619999999999948, -0.6466674399513799 
0.6299999999999469, -0.6465391227528104 
0.6399999999999458, -0.6463887163138999 
0.6499999999999447, -0.6462109009245769 
0.6599999999999436, -0.6459998808113001 
0.6699999999999425, -0.6457515026654465 
0.6799999999999414, -0.6454648002043968 
0.6899999999999403, -0.6451424175739622 
0.6999999999999392, -0.6447902264051829 
0.7099999999999381, -0.644416882753058 
0.719999999999937, -0.6440339636739771 
0.7299999999999359, -0.643656993244244 
0.7399999999999348, -0.6433073797165444 
0.7499999999999337, -0.6430150707238195 
0.7599999999999326, -0.6428214776861443 
0.7699999999999315, -0.6427817864701594 
0.7799999999999304, -0.642965074074131 
0.7899999999999293, -0.6434497593249149 
0.7999999999999282, -0.6443112979276522 
0.8099999999999271, -0.6455999662665655 
0.819999999999926, -0.6473111823877286 
0.8299999999999249, -0.6493600337545384 
0.8399999999999238, -0.6515801501510676 
0.8499999999999227, -0.6537612157282073 
0.8599999999999216, -0.6557127702497364 
0.8699999999999205, -0.6573168858131533 
0.8799999999999194, -0.6585407243617809 
0.8899999999999183, -0.6594136465473593 
0.8999999999999172, -0.6599937487526025 
0.9099999999999161, -0.6603425483982515 
0.919999999999915, -0.6605120769268169 
0.9299999999999139, -0.6605407247220525 
0.9399999999999128, -0.6604532373856937 
0.9499999999999117, -0.6602618807889552 
0.9599999999999106, -0.6599673704512405 
0.9699999999999095, -0.6595591578137838 
0.9799999999999084, -0.6590153406303654 
0.9899999999999073, -0.6583031747320598 
0.9999999999999062, -0.6573820655672902 
1.0099999999999052, -0.6562115954685923 
1.019999999999904, -0.6547661995747343 
1.029999999999903, -0.6530538189490531 
1.039999999999902, -0.6511293421252041 
1.0499999999999008, -0.6490915796709256 
1.0599999999998997, -0.6470612033557838 
1.0699999999998986, -0.6451507496692461 
1.0799999999998975, -0.643442290927837 
1.0899999999998964, -0.6419801978340313 
1.0999999999998953, -0.6407759750087018 
1.1099999999998942, -0.6398181515351983 
1.119999999999893, -0.6390819571196847 
1.129999999999892, -0.6385366348089312 
1.1399999999998909, -0.6381502553616921 
1.1499999999998898, -0.6378926148012403 
1.1599999999998887, -0.6377368202737599 
1.1699999999998876, -0.6376600001842598 
1.1799999999998865, -0.6376434332212536 
1.1899999999998854, -0.6376723130205469 
1.1999999999998843, -0.6377353107566365 
1.2099999999998832, -0.637824016450588 
1.219999999999882, -0.6379322109696541 
1.229999999999881, -0.6380547958517917 
1.2399999999998799, -0.6381862325835544 
1.2499999999998788, -0.6383186727472788 
1.2599999999998777, -0.6384405277122907 
1.2699999999998766, -0.6385365612242522 
1.2799999999998755, -0.6385900951333268 
1.2899999999998744, -0.6385866213852049 
1.2999999999998733, -0.6385170201394308 
1.3099999999998722, -0.6383787961395175 
1.319999999999871, -0.6381751171632939 
1.32999999999987, -0.6379127037076021 
1.3399999999998689, -0.6375998926478547 
1.3499999999998678, -0.6372457120702182 
1.3599999999998666, -0.6368602403493654 
1.3699999999998655, -0.6364562368403156 
1.3799999999998644, -0.6360519633956502 
1.3899999999998633, -0.6356750223130662 
1.3999999999998622, -0.6353666432904193 
1.4099999999998611, -0.6351849059318931 
1.41999999999986, -0.6352038139723624 
1.429999999999859, -0.6355035815618779 
1.4399999999998578, -0.6361481690753515 
1.4499999999998567, -0.637152681887274 
1.4599999999998556, -0.6384563402665756 
1.4699999999998545, -0.6399253318355728 
1.4799999999998534, -0.6413950596741274 
1.4899999999998523, -0.6427272129965639 
1.4999999999998512, -0.6438433382299386 
1.5099999999998501, -0.6447223147612837 
1.519999999999849, -0.6453787949848309 
1.529999999999848, -0.6458424389670508 
1.5399999999998468, -0.6461452116004363 
1.5499999999998457, -0.6463153653177486 
1.5599999999998446, -0.6463750686475107 
1.5699999999998435, -0.646339636725122 
1.5799999999998424, -0.6462173324913177 
1.5899999999998413, -0.6460092893729313 
1.5999999999998402, -0.6457094704366676 
1.6099999999998391, -0.6453049294427263 
1.619999999999838, -0.6447770557318584 
1.629999999999837, -0.6441048454223299 
1.6399999999998358, -0.6432710855128152 
1.6499999999998347, -0.6422709805309978 
1.6599999999998336, -0.6411201837851946 
1.6699999999998325, -0.6398573400094649 
1.6799999999998314, -0.638538057051482 
1.6899999999998303, -0.6372225820002902 
1.6999999999998292, -0.6359635603373959 
1.709999999999828, -0.634799163427479 
1.719999999999827, -0.6337524587105459 
1.729999999999826, -0.6328346061666218 
1.7399999999998248, -0.6320490072709188 
1.7499999999998237, -0.6313947022106813 
1.7599999999998226, -0.6308685481487672 
1.7699999999998215, -0.6304663900078145 
1.7799999999998204, -0.6301836240062691 
1.7899999999998193, -0.6300154937222094 
1.7999999999998182, -0.6299573187847309 
1.809999999999817, -0.6300047141566656 
1.819999999999816, -0.6301537360562908 
1.8299999999998149, -0.6304007877583541 
1.8399999999998138, -0.6307420317069701 
1.8499999999998127, -0.6311720117874803 
1.8599999999998116, -0.631681295205113 
1.8699999999998105, -0.6322533756353688 
1.8799999999998094, -0.6328619278285401 
1.8899999999998083, -0.6334704039079867 
1.8999999999998072, -0.6340358833157914 
1.909999999999806, -0.6345170807665045 
1.919999999999805, -0.6348833022400165 
1.9299999999998039, -0.6351197893657614 
1.9399999999998028, -0.6352271167566714 
1.9499999999998017, -0.6352160871198462 
1.9599999999998006, -0.6351014564701819 
1.9699999999997995, -0.6348970143519695 
1.9799999999997984, -0.6346127778234523 
1.9899999999997973, -0.6342539025697996 
1.9999999999997962, -0.6338206379364354 
2.0099999999998173, -0.6333088444813822 
2.0199999999998384, -0.6327108625271542 
2.0299999999998595, -0.6320166776389093 
2.0399999999998806, -0.6312153286305534 
2.0499999999999017, -0.6302964675610581 
2.059999999999923, -0.6292523546574654 
2.069999999999944, -0.6280819435852394 
2.079999999999965, -0.6268001692101013 
2.089999999999986, -0.6254524280084222 
2.100000000000007, -0.6241231722544182 
2.1100000000000283, -0.6229208861865844 
2.1200000000000494, -0.6219392401263374 
2.1300000000000705, -0.6212215260521398 
2.1400000000000916, -0.6207537677367663 
2.1500000000001127, -0.6204840385559006 
2.160000000000134, -0.6203484480185547 
2.170000000000155, -0.6202893256071166 
2.180000000000176, -0.6202626889206232 
2.190000000000197, -0.6202383541747711 
2.2000000000002182, -0.6201967595416684 
2.2100000000002393, -0.6201251379203426 
2.2200000000002604, -0.6200142584060455 
2.2300000000002815, -0.6198561521975214 
2.2400000000003026, -0.6196429511624317 
2.2500000000003237, -0.6193669358818831 
2.260000000000345, -0.6190218406471286 
2.270000000000366, -0.6186051492710777 
2.280000000000387, -0.6181204842010593 
2.290000000000408, -0.6175786481417206 
2.3000000000004293, -0.6169961843026096 
2.3100000000004504, -0.616391730835929 
2.3200000000004715, -0.6157819578043321 
2.3300000000004926, -0.6151790885195485 
2.3400000000005137, -0.6145907841314646 
2.3500000000005348, -0.6140217372062311 
2.360000000000556, -0.6134757715392622 
2.370000000000577, -0.6129576040284459 
2.380000000000598, -0.6124740529570639 
2.390000000000619, -0.6120348654971275 
2.4000000000006403, -0.6116533958482665 
2.4100000000006614, -0.6113472466612263 
2.4200000000006825, -0.6111388405885121 
2.4300000000007036, -0.6110557709555036 
2.4400000000007247, -0.6111306709949345 
2.450000000000746, -0.611400188774805 
2.460000000000767, -0.6119024180941136 
2.470000000000788, -0.6126718517179263 
2.480000000000809, -0.6137308476072366 
2.49000000000083, -0.615077369363802 
2.5000000000008513, -0.6166712757506405 
2.5100000000008724, -0.6184257293207478 
2.5200000000008935, -0.6202133331862082 
2.5300000000009146, -0.6218921924244134 
2.5400000000009357, -0.6233433433270411 
2.550000000000957, -0.624499306074239 
2.560000000000978, -0.6253488020947141 
2.570000000000999, -0.6259206871809336 
2.58000000000102, -0.6262615157617134 
2.5900000000010412, -0.6264182237572206 
2.6000000000010624, -0.6264289854852094 
2.6100000000010835, -0.6263200704380161 
2.6200000000011046, -0.6261055700191342 
2.6300000000011257, -0.6257878069086404 
2.6400000000011468, -0.6253573509524819 
2.650000000001168, -0.6247923973000594 
2.660000000001189, -0.6240580189008208 
2.67000000000121, -0.6231068391731511 
2.680000000001231, -0.6218840731317745 
2.6900000000012523, -0.6203407564091703 
2.7000000000012734, -0.6184567022730874 
2.7100000000012945, -0.6162666570350461 
2.7200000000013156, -0.6138730067808497 
2.7300000000013367, -0.6114294285133589 
2.740000000001358, -0.6090991688263299 
2.750000000001379, -0.6070118300020237 
2.7600000000014, -0.6052409254738428 
2.770000000001421, -0.6038057525228739 
2.780000000001442, -0.6026869750050695 
2.7900000000014633, -0.6018442648885617 
2.8000000000014844, -0.6012299105515466 
2.8100000000015055, -0.6007972276789012 
2.8200000000015266, -0.6005048388792118 
2.8300000000015477, -0.6003182794854782 
2.840000000001569, -0.600210083430838 
2.85000000000159, -0.6001591140149884 
2.860000000001611, -0.6001496144569672 
2.870000000001632, -0.6001702587702329 
2.8800000000016532, -0.6002133286219898 
2.8900000000016743, -0.6002739761259209 
2.9000000000016954, -0.6003493543177211 
2.9100000000017165, -0.6004373010832946 
2.9200000000017377, -0.6005344294030601 
2.9300000000017588, -0.6006340058289837 
2.94000000000178, -0.6007246386719945 
2.950000000001801, -0.6007909197466859 
2.960000000001822, -0.6008162895660077 
2.970000000001843, -0.6007869356755018 
2.9800000000018643, -0.6006947338645069 
2.9900000000018854, -0.6005379227784563 
3.0000000000019065, -0.6003197226895347 
3.0100000000019276, -0.6000461274682073 
3.0200000000019487, -0.5997240762058273 
3.03000000000197, -0.5993606314099222 
3.040000000001991, -0.5989632901864187 
3.050000000002012, -0.5985413503853176 
3.060000000002033, -0.5981082162305065 
3.070000000002054, -0.5976844151276037 
3.0800000000020753, -0.597300657248069 
3.0900000000020964, -0.5969993036108617 
3.1000000000021175, -0.5968312509369945 
3.1100000000021386, -0.596844665492642 
3.1200000000021597, -0.5970650069554934 
3.130000000002181, -0.5974746798436776 
3.140000000002202, -0.598009880794983 
3.150000000002223, -0.5985855473528844 
3.160000000002244, -0.5991326493945891 
3.1700000000022652, -0.5996171130148424 
3.1800000000022863, -0.600031440992513 
3.1900000000023074, -0.6003773323051702 
3.2000000000023285, -0.6006560627411833 
3.2100000000023496, -0.6008675371138112 
3.2200000000023707, -0.6010120774394779 
3.230000000002392, -0.6010912756629528 
3.240000000002413, -0.6011074566763427 
3.250000000002434, -0.6010624758823868 
3.260000000002455, -0.6009564910598149 
3.2700000000024763, -0.6007870414389336 
3.2800000000024974, -0.600548638803651 
3.2900000000025185, -0.6002331387507869 
3.3000000000025396, -0.5998312691528309 
3.3100000000025607, -0.5993355900080669 
3.3200000000025818, -0.5987445511490137 
3.330000000002603, -0.5980662218201261 
3.340000000002624, -0.5973194830796511 
3.350000000002645, -0.5965312285753208 
3.360000000002666, -0.5957304870743623 
3.3700000000026873, -0.594942434238728 
3.3800000000027084, -0.5941850500528884 
3.3900000000027295, -0.5934691261898752 
3.4000000000027506, -0.5928004670241469 
3.4100000000027717, -0.5921826599012077 
3.420000000002793, -0.5916193733523856 
3.430000000002814, -0.5911159029908202 
3.440000000002835, -0.5906801213253728 
3.450000000002856, -0.5903230770812402 
3.460000000002877, -0.590059406030887 
3.4700000000028983, -0.5899075995277984 
3.4800000000029194, -0.5898900735555347 
3.4900000000029405, -0.5900328674665265 
3.5000000000029616, -0.5903646306620498 
3.5100000000029827, -0.590914298892143 
3.520000000003004, -0.5917065805763084 
3.530000000003025, -0.5927543443232814 
3.540000000003046, -0.5940478392085886 
3.550000000003067, -0.5955431480026386 
3.5600000000030882, -0.5971561262915723 
3.5700000000031094, -0.5987701617005412 
3.5800000000031305, -0.6002609978286615 
3.5900000000031516, -0.6015293343268293 
3.6000000000031727, -0.6025232505199171 
3.6100000000031938, -0.6032392698307341 
3.620000000003215, -0.6037066688616739 
3.630000000003236, -0.6039678474626258 
3.640000000003257, -0.60406388188089 
3.650000000003278, -0.6040271457136577 
3.6600000000032993, -0.603878838695118 
3.6700000000033204, -0.6036287269028708 
3.6800000000033415, -0.6032752866204011 
3.6900000000033626, -0.6028054146887886 
3.7000000000033837, -0.6021936456392533 
3.710000000003405, -0.6014016402464898 
3.720000000003426, -0.6003798860789382 
3.730000000003447, -0.5990749410921716 
3.740000000003468, -0.5974457222997952 
3.750000000003489, -0.5954882727147597 
3.7600000000035103, -0.5932588336063936 
3.7700000000035314, -0.590877264457314 
3.7800000000035525, -0.5885005832731994 
3.7900000000035736, -0.5862787869523599 
3.8000000000035947, -0.584318726574651 
3.810000000003616, -0.5826718515688036 
3.820000000003637, -0.5813426070637069 
3.830000000003658, -0.5803053075333346 
3.840000000003679, -0.579519895551577 
3.8500000000037002, -0.5789428522413189 
3.8600000000037213, -0.5785333609849197 
3.8700000000037424, -0.5782561281305298 
3.8800000000037635, -0.5780822257869984 
3.8900000000037847, -0.5779889060988026 
3.9000000000038058, -0.5779589586215714 
3.910000000003827, -0.5779799283976934 
3.920000000003848, -0.5780433438826512 
3.930000000003869, -0.5781439599876175 
3.94000000000389, -0.5782788664468896 
3.9500000000039113, -0.5784461785549774 
3.9600000000039324, -0.5786430506981561 
3.9700000000039535, -0.5788631130932113 
3.9800000000039746, -0.5790941360127955 
3.9900000000039957, -0.5793173473085027 
4.000000000004016, -0.5795095946363531 
4.010000000003993, -0.5796480710046698 
4.02000000000397, -0.5797154848255424 
4.030000000003946, -0.5797030623292206 
4.040000000003923, -0.5796102402647266 
4.0500000000039, -0.5794419482738797 
4.0600000000038765, -0.5792052780843815 
4.070000000003853, -0.5789068789867847 
4.08000000000383, -0.5785515263137428 
4.090000000003807, -0.5781417248244142 
4.100000000003783, -0.5776780415120033 
4.11000000000376, -0.5771598917409314 
4.120000000003737, -0.5765864925825854 
4.130000000003713, -0.5759575046536717 
4.14000000000369, -0.5752725489022271 
4.150000000003667, -0.5745288082384039 
4.1600000000036434, -0.5737175399060026 
4.17000000000362, -0.5728244185915946 
4.180000000003597, -0.5718415881546851 
4.1900000000035735, -0.5707911616342831 
4.20000000000355, -0.5697401303041956 
4.210000000003527, -0.5687829036859271 
4.220000000003504, -0.5679991174418216 
4.23000000000348, -0.5674219098924514 
4.240000000003457, -0.5670369447713048 
4.250000000003434, -0.5668020028222329 
4.26000000000341, -0.5666680680846843 
4.270000000003387, -0.5665921532454493 
4.280000000003364, -0.5665417470510572 
4.2900000000033405, -0.5664942803958133 
4.300000000003317, -0.5664346477952282 
4.310000000003294, -0.5663525230865297 
4.320000000003271, -0.5662402312130976 
4.330000000003247, -0.5660914531431203 
4.340000000003224, -0.5659008651831985 
4.350000000003201, -0.565664712917474 
4.360000000003177, -0.56538209448784 
4.370000000003154, -0.5650563158127636 
4.380000000003131, -0.5646953175123313 
4.390000000003107, -0.5643103574782351 
4.400000000003084, -0.5639131047893284 
4.410000000003061, -0.5635124712552053 
4.4200000000030375, -0.5631128244867409 
4.430000000003014, -0.5627143394304371 
4.440000000002991, -0.5623149344673226 
4.450000000002968, -0.561912553729639 
4.460000000002944, -0.5615068293306313 
4.470000000002921, -0.5610999085582546 
4.480000000002898, -0.5606968138452648 
4.490000000002874, -0.5603058566459665 
4.500000000002851, -0.5599394868359238 
4.510000000002828, -0.5596157495169615 
4.520000000002804, -0.5593603354920066 
4.530000000002781, -0.5592090029925751 
4.540000000002758, -0.5592097897403259 
4.5500000000027345, -0.5594237741899154 
4.560000000002711, -0.5599221033734809 
4.570000000002688, -0.5607758739123986 
4.580000000002665, -0.5620355298254149 
4.590000000002641, -0.5637005204151843 
4.600000000002618, -0.5656904342799695 
4.610000000002595, -0.5678406652333974 
4.620000000002571, -0.5699413432374552 
4.630000000002548, -0.5718064471500852 
4.640000000002525, -0.5733286596784192 
4.6500000000025015, -0.5744874868082662 
4.660000000002478, -0.5753203298905354 
4.670000000002455, -0.5758869502078855 
4.6800000000024315, -0.5762460534159246 
4.690000000002408, -0.5764453886072405 
4.700000000002385, -0.5765198129489693 
4.710000000002362, -0.5764924498802201 
4.720000000002338, -0.576376417734675 
4.730000000002315, -0.576176234577145 
4.740000000002292, -0.5758888347445119 
4.750000000002268, -0.5755045884602294 
4.760000000002245, -0.5750090672044947 
4.770000000002222, -0.5743865085874184 
4.7800000000021985, -0.5736256142532855 
4.790000000002175, -0.572726937454524 
4.800000000002152, -0.5717089020018218 
4.810000000002129, -0.5706083383276266 
4.820000000002105, -0.5694736629461701 
4.830000000002082, -0.5683536415329007 
4.840000000002059, -0.5672875773157431 
4.850000000002035, -0.5663009829218262 
4.860000000002012, -0.5654067109360762 
4.870000000001989, -0.5646089686624267 
4.880000000001965, -0.5639076479205863 
4.890000000001942, -0.563301634078403 
4.900000000001919, -0.5627908638089865 
4.9100000000018955, -0.562377428229098 
4.920000000001872, -0.5620661061791171 
4.930000000001849, -0.5618646124369703 
4.940000000001826, -0.5617837093917741 
4.950000000001802, -0.5618371996362255 
4.960000000001779, -0.5620416718531598 
4.970000000001756, -0.5624156781377685 
4.980000000001732, -0.56297776724092 
4.990000000001709, -0.563742566106244 
5.000000000001686, -0.5647141734556353 
5.0100000000016625, -0.5658770598629076 
5.020000000001639, -0.5671870013677385 
5.030000000001616, -0.5685677233778397 
5.0400000000015925, -0.5699197918937697 
5.050000000001569, -0.5711427514386955 
5.060000000001546, -0.5721610977044901 
5.070000000001523, -0.5729396419894633 
5.080000000001499, -0.5734813916122173 
5.090000000001476, -0.5738134571151483 
5.100000000001453, -0.573971291676752 
5.110000000001429, -0.5739876491834376 
5.120000000001406, -0.5738870785273302 
5.130000000001383, -0.5736840221313096 
5.1400000000013595, -0.5733824009049623 
5.150000000001336, -0.5729753306761324 
5.160000000001313, -0.57244442596304 
5.17000000000129, -0.5717589089369475 
5.180000000001266, -0.5708757175465939 
5.190000000001243, -0.5697431729617286 
5.20000000000122, -0.5683119096608329 
5.210000000001196, -0.5665554066919014 
5.220000000001173, -0.5644955704183554 
5.23000000000115, -0.5622184207234238 
5.240000000001126, -0.559863135437207 
5.250000000001103, -0.5575844535092702 
5.26000000000108, -0.5555100718952202 
5.2700000000010565, -0.5537164625153432 
5.280000000001033, -0.5522288189326223 
5.29000000000101, -0.5510353834944535 
5.300000000000987, -0.5501042833642427 
5.310000000000963, -0.5493964640969573 
5.32000000000094, -0.5488734932859882 
5.330000000000917, -0.5485013865430692 
5.340000000000893, -0.5482519966553282 
5.35000000000087, -0.5481031346072249 
5.360000000000847, -0.5480381317741013 
5.3700000000008234, -0.548045215222987 
5.3800000000008, -0.5481168514248538 
5.390000000000777, -0.5482490572397116 
5.4000000000007535, -0.548440527653277 
5.41000000000073, -0.5486912837506666 
5.420000000000707, -0.5490004912669031 
5.430000000000684, -0.5493633309231193 
5.44000000000066, -0.5497674872916641 
5.450000000000637, -0.55019080687856 
5.460000000000614, -0.5506021878135179 
5.47000000000059, -0.5509667347921834 
5.480000000000567, -0.5512535866004045 
5.490000000000544, -0.551442585499589 
5.5000000000005205, -0.5515265107183899 
5.510000000000497, -0.5515086050009269 
5.520000000000474, -0.5513976831219296 
5.5300000000004506, -0.5512033691334292 
5.540000000000427, -0.5509327259489673 
5.550000000000404, -0.5505882750377744 
5.560000000000381, -0.5501668274101595 
5.570000000000357, -0.549658501142316 
5.580000000000334, -0.549045463412186 
5.590000000000311, -0.5483001836507263 
5.600000000000287, -0.5473834857288584 
5.610000000000264, -0.5462439166955322 
5.620000000000241, -0.5448223932629662 
5.6300000000002175, -0.5430686999936559 
5.640000000000194, -0.5409738288911343 
5.650000000000171, -0.5386070055994604 
5.660000000000148, -0.5361261193231257 
5.670000000000124, -0.5337370039725255 
5.680000000000101, -0.5316211932672702 
5.690000000000078, -0.5298824353145898 
5.700000000000054, -0.5285394400041284 
5.710000000000031, -0.5275517471546908 
5.720000000000008, -0.5268522667373794 
5.729999999999984, -0.526370883682944 
5.739999999999961, -0.5260465406661439 
5.749999999999938, -0.5258311038363999 
5.7599999999999145, -0.5256888917643202 
5.769999999999891, -0.525594519392764 
5.779999999999868, -0.5255304776448015 
5.789999999999845, -0.5254850830328867 
5.799999999999821, -0.5254510143099176 
5.809999999999798, -0.5254244273709028 
5.819999999999775, -0.525404460387195 
5.829999999999751, -0.5253927474579163 
5.839999999999728, -0.5253924240787856 
5.849999999999705, -0.5254062355326189 
5.8599999999996815, -0.5254339130104734 
5.869999999999658, -0.5254697883787952 
5.879999999999635, -0.5255020746465815 
5.8899999999996115, -0.525514716627094 
5.899999999999588, -0.5254912665548198 
5.909999999999565, -0.5254188912233626 
5.919999999999542, -0.5252905749384391 
5.929999999999518, -0.5251048845070287 
5.939999999999495, -0.5248640852333332 
5.949999999999472, -0.5245718826424925 
5.959999999999448, -0.524231671310502 
5.969999999999425, -0.5238455599211889 
5.979999999999402, -0.5234140469518845 
5.9899999999993785, -0.5229360667280033 
5.999999999999355, -0.5224090427134447 
6.009999999999332, -0.5218284210921327 
6.019999999999309, -0.5211859173192199 
6.029999999999285, -0.520465804667879 
6.039999999999262, -0.5196401731044339 
6.049999999999239, -0.5186685180244678 
6.059999999999215, -0.517511923955937 
6.069999999999192, -0.5161665475592538 
6.079999999999169, -0.5146967584089226 
6.089999999999145, -0.5132302871120137 
6.099999999999122, -0.5119066511580008 
6.109999999999099, -0.510819714651751 
6.1199999999990755, -0.5099961884352923 
6.129999999999052, -0.5094107036761341 
6.139999999999029, -0.5090132655283645 
6.149999999999006, -0.5087507178671336 
6.159999999998982, -0.5085776535700022 
6.169999999998959, -0.5084595162819119 
6.179999999998936, -0.5083717284412408 
6.189999999998912, -0.5082974695626127 
6.199999999998889, -0.508225443957134 
6.209999999998866, -0.5081481870173024 
6.2199999999988425, -0.5080610738722464 
6.229999999998819, -0.5079619977774902 
6.239999999998796, -0.5078515028981684 
6.2499999999987725, -0.5077329186846343 
6.259999999998749, -0.5076118578934617 
6.269999999998726, -0.507494575159968 
6.279999999998703, -0.507385319169498 
6.289999999998679, -0.5072836907338666 
6.299999999998656, -0.5071834559437621 
6.309999999998633, -0.5070737136510078 
6.319999999998609, -0.5069419879493523 
6.329999999998586, -0.5067776655231147 
6.339999999998563, -0.5065741480575581 
6.3499999999985395, -0.5063291071421883 
6.359999999998516, -0.5060433668667071 
6.369999999998493, -0.505719387338869 
6.37999999999847, -0.5053600863443287 
6.389999999998446, -0.5049682879902826 
6.399999999998423, -0.504546762528345 
6.4099999999984, -0.504098648532688 
6.419999999998376, -0.5036278849489759 
6.429999999998353, -0.503138968410642 
6.43999999999833, -0.5026348670342028 
6.449999999998306, -0.5021117059371538 
6.459999999998283, -0.501550330612005 
6.46999999999826, -0.5009101006174118 
6.4799999999982365, -0.5001375770761995 
6.489999999998213, -0.49919973020096264 
6.49999999999819, -0.49812506385798166 
6.509999999998167, -0.49701077253677645 
6.519999999998143, -0.4959789456111599 
6.52999999999812, -0.49511942274869974 
6.539999999998097, -0.494464164718231 
6.549999999998073, -0.49399763164849764 
6.55999999999805, -0.4936807487298446 
6.569999999998027, -0.49347034757021085 
6.5799999999980034, -0.4933292068315482 
6.58999999999798, -0.4932290122734832 
6.599999999997957, -0.4931497129591561 
6.6099999999979335, -0.4930776633832387 
6.61999999999791, -0.4930037674554919 
6.629999999997887, -0.4929221232563837 
6.639999999997864, -0.4928293168384165 
6.64999999999784, -0.4927243207159514 
6.659999999997817, -0.4926087549125334 
6.669999999997794, -0.4924870197283135 
6.67999999999777, -0.4923656483600503 
6.689999999997747, -0.4922514331878783 
6.699999999997724, -0.4921485890202571 
6.7099999999977005, -0.49205609608453693 
6.719999999997677, -0.4919667073832599 
6.729999999997654, -0.49186842964449456 
6.7399999999976306, -0.4917478916845776 
6.749999999997607, -0.49159389863675623 
6.759999999997584, -0.4913995273770476 
6.769999999997561, -0.49116222520325037 
6.779999999997537, -0.490882520252082 
6.789999999997514, -0.49056234810429145 
6.799999999997491, -0.49020370891759707 
6.809999999997467, -0.48980789252547224 
6.819999999997444, -0.4893751721676047 
6.829999999997421, -0.48890468471260007 
6.8399999999973975, -0.4883940496381037 
6.849999999997374, -0.4878380191851492 
6.859999999997351, -0.48722520201974717 
6.869999999997328, -0.48653234167004855 
6.879999999997304, -0.48571833475612447 
6.889999999997281, -0.48472624471518033 
6.899999999997258, -0.4835059884240275 
6.909999999997234, -0.4820582826268228 
6.919999999997211, -0.4804684565788778 
6.929999999997188, -0.47888793134492386 
6.939999999997164, -0.4774683383141558 
6.949999999997141, -0.47630285503355096 
6.959999999997118, -0.47541261406028934 
6.9699999999970945, -0.47476820963294764 
6.979999999997071, -0.4743186480290486 
6.989999999997048, -0.47401165742909124 
6.999999999997025, -0.4738032345733023 
7.009999999997001, -0.4736600374846812 
7.019999999996978, -0.47355838727953303 
7.029999999996955, -0.4734822222566059 
7.039999999996931, -0.47342113321604107 
7.049999999996908, -0.47336891104456236 
7.059999999996885, -0.4733226929510508 
7.0699999999968615, -0.47328259321974747 
7.079999999996838, -0.47325151213500793 
7.089999999996815, -0.4732346203509509 
7.0999999999967915, -0.4732379596775842 
7.109999999996768, -0.4732659134859844 
7.119999999996745, -0.47331804817307654 
7.129999999996722, -0.47338666845550226 
7.139999999996698, -0.47345667648586254 
7.149999999996675, -0.47350843851257407 
7.159999999996652, -0.4735226221669028 
7.169999999996628, -0.4734846459755805 
7.179999999996605, -0.4733866990088605 
7.189999999996582, -0.47322695615919697 
7.1999999999965585, -0.4730070987926961 
7.209999999996535, -0.4727295431349461 
7.219999999996512, -0.4723951794522221 
7.229999999996489, -0.4720017131390984 
7.239999999996465, -0.47154227893641065 
7.249999999996442, -0.47100385109845877 
7.259999999996419, -0.47036497449718356 
7.269999999996395, -0.4695925466176485 
7.279999999996372, -0.4686382147225848 
7.289999999996349, -0.4674372652899511 
7.299999999996325, -0.4659169914349116 
7.309999999996302, -0.46402382136934267 
7.319999999996279, -0.46176868067230725 
7.3299999999962555, -0.4592636047679119 
7.339999999996232, -0.4567078059828139 
7.349999999996209, -0.4543174605196846 
7.359999999996186, -0.45224937477885263 
7.369999999996162, -0.4505692972515224 
7.379999999996139, -0.4492673323895067 
7.389999999996116, -0.4482918412133034 
7.399999999996092, -0.4475783765311978 
7.409999999996069, -0.4470664455415843 
7.419999999996046, -0.4467063536753451 
7.4299999999960225, -0.44646040335274473 
7.439999999995999, -0.4463016551889476 
7.449999999995976, -0.4462120304481266 
7.4599999999959525, -0.44618055554714137 
7.469999999995929, -0.4462020123800265 
7.479999999995906, -0.4462759711072393 
7.489999999995883, -0.4464059838106258 
7.499999999995859, -0.4465985270458427 
7.509999999995836, -0.44686112663222693 
7.519999999995813, -0.44719914137795075 
7.529999999995789, -0.4476111807136058 
7.539999999995766, -0.44808423472951064 
7.549999999995743, -0.44859094560890594 
7.5599999999957195, -0.4490918420002192 
7.569999999995696, -0.4495433641365145 
7.579999999995673, -0.44990858334487643 
7.58999999999565, -0.45016506863458794 
7.599999999995626, -0.4503062744480248 
7.609999999995603, -0.45033728752662733 
7.61999999999558, -0.4502684438354449 
7.629999999995556, -0.4501097612945374 
7.639999999995533, -0.44986719537372455 
7.64999999999551, -0.44954032991710424 
7.659999999995486, -0.44912070012932787 
7.669999999995463, -0.4485901533391673 
7.67999999999544, -0.44791921323216927 
7.6899999999954165, -0.44706638385800385 
7.699999999995393, -0.4459808584266652 
7.70999999999537, -0.44461263549285024 
7.719999999995347, -0.44293310986902173 
7.729999999995323, -0.44096195509012465 
7.7399999999953, -0.43878402289159785 
7.749999999995277, -0.43653720808353436 
7.759999999995253, -0.43437159034654815 
7.76999999999523, -0.4324051978919332 
7.779999999995207, -0.4307021164606651 
7.789999999995183, -0.42927673004101974 
7.79999999999516, -0.42811122453289735 
7.809999999995137, -0.4271733125424849 
7.8199999999951135, -0.42642841665370257 
7.82999999999509, -0.4258461452071791 
7.839999999995067, -0.42540292038466443 
7.849999999995044, -0.4250825952545103 
7.85999999999502, -0.4248762815205832 
7.869999999994997, -0.42478204379085077 
7.879999999994974, -0.4248047295560622 
7.88999999999495, -0.42495593551329297 
7.899999999994927, -0.4252538552058559 
7.909999999994904, -0.4257224137410317 
7.9199999999948805, -0.42638863449944164 
7.929999999994857, -0.427276745502785 
7.939999999994834, -0.42839768704194664 
7.9499999999948106, -0.4297345724993833 
7.959999999994787, -0.43122924055098333 
7.969999999994764, -0.4327803665513307 
7.979999999994741, -0.43426248398755607 
7.989999999994717, -0.4355617654118761 
7.999999999994694, -0.43660817266867297 
8.00999999999467, -0.4373848159042293 
8.019999999994647, -0.4379145432793873 
8.029999999994624, -0.4382383774968955 
8.0399999999946, -0.43839851826590487 
8.049999999994577, -0.4384295288416176 
8.059999999994554, -0.4383555674490811 
8.06999999999453, -0.438190554691859 
8.079999999994508, -0.4379392695135695 
8.089999999994484, -0.4375986160384442 
8.099999999994461, -0.43715920008633613 
8.109999999994438, -0.4366079400446812 
8.119999999994414, -0.4359326292891816 
8.129999999994391, -0.4351287227822305 
8.139999999994368, -0.434206728895269 
8.149999999994344, -0.43319626966138164 
8.159999999994321, -0.43214279296916186 
8.169999999994298, -0.4310969615813449 
8.179999999994275, -0.430102056103206 
8.189999999994251, -0.429185870421687 
8.199999999994228, -0.4283596728359066 
8.209999999994205, -0.4276223107655691 
8.219999999994181, -0.42696597722216517 
8.229999999994158, -0.42638115573370783 
8.239999999994135, -0.4258598862102326 
8.249999999994111, -0.42539758474878775 
8.259999999994088, -0.42499404659918716 
8.269999999994065, -0.42465422946502185 
8.279999999994041, -0.4243892287663966 
8.289999999994018, -0.4242176566395529 
8.299999999993995, -0.42416742321279416 
8.309999999993972, -0.4242775868781196 
8.319999999993948, -0.4245993027985304 
8.329999999993925, -0.4251937506735814 
8.339999999993902, -0.42612333362485655 
8.349999999993878, -0.4274315994201463 
8.359999999993855, -0.42911078643156736 
8.369999999993832, -0.4310683479437361 
8.379999999993808, -0.4331214199583009 
8.389999999993785, -0.43504606213479613 
8.399999999993762, -0.43666365955133235 
8.409999999993738, -0.43790068795142856 
8.419999999993715, -0.4387812255516132 
8.429999999993692, -0.43937764910661714 
8.439999999993669, -0.4397663895873002 
8.449999999993645, -0.44000773311889524 
8.459999999993622, -0.44014320394212525 
8.469999999993599, -0.4401995933736999 
8.479999999993575, -0.440193553832366 
8.489999999993552, -0.44013495289662846 
8.499999999993529, -0.44002903522353964 
8.509999999993505, -0.4398779108569596 
8.519999999993482, -0.4396818879638705 
8.529999999993459, -0.4394410360718207 
8.539999999993436, -0.439157109565241 
8.549999999993412, -0.43883551221229666 
8.559999999993389, -0.4384864512697805 
8.569999999993366, -0.43812425262857746 
8.579999999993342, -0.4377644683618345 
8.589999999993319, -0.43741973259223077 
8.599999999993296, -0.4370962994360069 
8.609999999993272, -0.4367929296940886 
8.619999999993249, -0.4365024641362981 
8.629999999993226, -0.4362150273017379 
8.639999999993202, -0.4359212242225336 
8.64999999999318, -0.43561411919199583 
8.659999999993156, -0.43528973081604594 
8.669999999993133, -0.43494652777620246 
8.67999999999311, -0.4345846110771254 
8.689999999993086, -0.4342050597377263 
8.699999999993063, -0.4338095994325867 
8.70999999999304, -0.43340048481768456 
8.719999999993016, -0.4329802336663776 
8.729999999992993, -0.432550495430067 
8.73999999999297, -0.43210883618509366 
8.749999999992946, -0.4316419505510948 
8.759999999992923, -0.43111519488026595 
8.7699999999929, -0.4304639296386129 
8.779999999992876, -0.4296017259255932 
8.789999999992853, -0.4284613148898255 
8.79999999999283, -0.4270551584777085 
8.809999999992806, -0.4255009493288077 
8.819999999992783, -0.4239737852475051 
8.82999999999276, -0.4226236639905682 
8.839999999992736, -0.4215266758193191 
8.849999999992713, -0.42068874148781815 
8.85999999999269, -0.420074927855416 
8.869999999992666, -0.4196369028346155 
8.879999999992643, -0.41932893904454155 
8.88999999999262, -0.41911420913584296 
8.899999999992596, -0.41896568607036205 
8.909999999992573, -0.41886486888688224 
8.91999999999255, -0.418800051715752 
8.929999999992527, -0.41876486290264625 
8.939999999992503, -0.4187572816558722 
8.94999999999248, -0.41877906481695826 
8.959999999992457, -0.4188353126245815 
8.969999999992433, -0.4189337054158101 
8.97999999999241, -0.41908282440192945 
8.989999999992387, -0.4192891231704615 
8.999999999992363, -0.4195527404761467 
9.00999999999234, -0.4198634063037166 
9.019999999992317, -0.42019866899786507 
9.029999999992294, -0.42052652244276995 
9.03999999999227, -0.420812444549465 
9.049999999992247, -0.4210278247399192 
9.059999999992224, -0.42115550688017656 
9.0699999999922, -0.42119021108829313 
9.079999999992177, -0.4211349156882864 
9.089999999992154, -0.4209958793385497 
9.09999999999213, -0.42077832121429404 
9.109999999992107, -0.4204833472274827 
9.119999999992084, -0.4201057603668679 
9.12999999999206, -0.41963214975021745 
9.139999999992037, -0.41903889997396354 
9.149999999992014, -0.41829042076495837 
9.15999999999199, -0.4173391384240265 
9.169999999991967, -0.4161306328291694 
9.179999999991944, -0.41461846551651604 
9.18999999999192, -0.4127899715565304 
9.199999999991897, -0.4106932408406302 
9.209999999991874, -0.4084438111383005 
9.21999999999185, -0.40619642698361813 
9.229999999991827, -0.40409562457237536 
9.239999999991804, -0.4022373645963399 
9.24999999999178, -0.4006600498747478 
9.259999999991757, -0.39935821346697076 
9.269999999991734, -0.3983027504509858 
9.27999999999171, -0.3974571549020242 
9.289999999991688, -0.39678712030915997 
9.299999999991664, -0.3962649289817662 
9.309999999991641, -0.39587084130799305 
9.319999999991618, -0.39559316555336477 
9.329999999991594, -0.39542799130141243 
9.339999999991571, -0.3953790572985866 
9.349999999991548, -0.3954578904443219 
9.359999999991524, -0.39568408411614125 
9.369999999991501, -0.396085250031352 
9.379999999991478, -0.39669566427224934 
9.389999999991455, -0.3975519246716873 
9.399999999991431, -0.3986833908271661 
9.409999999991408, -0.4000959366704073 
9.419999999991385, -0.40175159781240255 
9.429999999991361, -0.40355464846393285 
9.439999999991338, -0.40536038318562395 
9.449999999991315, -0.4070135511341732 
9.459999999991291, -0.40839811980907337 
9.469999999991268, -0.40946583050514845 
9.479999999991245, -0.41022952343282937 
9.489999999991221, -0.41073596556208347 
9.499999999991198, -0.41103988471480396 
9.509999999991175, -0.4111890821732421 
9.519999999991152, -0.4112193219476996 
9.529999999991128, -0.4111543993577606 
9.539999999991105, -0.4110079792248452 
9.549999999991082, -0.4107856583255548 
9.559999999991058, -0.4104869526675324 
9.569999999991035, -0.4101075548927181 
9.579999999991012, -0.4096424228764703 
9.589999999990988, -0.4090899808384094 
9.599999999990965, -0.40845676858981284 
9.609999999990942, -0.4077605535143308 
9.619999999990918, -0.40702945199543744 
9.629999999990895, -0.40629629317055144 
9.639999999990872, -0.4055905725906593 
9.649999999990849, -0.4049320387393972 
9.659999999990825, -0.4043285842174683 
9.669999999990802, -0.4037782553493764 
9.679999999990779, -0.4032733421633429 
9.689999999990755, -0.4028044324144428 
9.699999999990732, -0.4023632527338141 
9.709999999990709, -0.40194413663425144 
9.719999999990685, -0.4015445625862678 
9.729999999990662, -0.4011653482243682 
9.739999999990639, -0.4008109539370344 
9.749999999990616, -0.4004901337174808 
9.759999999990592, -0.4002169445430563 
9.769999999990569, -0.4000118189979974 
9.779999999990546, -0.3999018449320241 
9.789999999990522, -0.3999183912448945 
9.799999999990499, -0.4000889061507755 
9.809999999990476, -0.4004195041934209 
9.819999999990452, -0.40086977186671585 
9.829999999990429, -0.40133518648207644 
9.839999999990406, -0.401667064292745 
9.849999999990382, -0.40174299747713504 
9.85999999999036, -0.4015411432397837 
9.869999999990336, -0.40114573815984844 
9.879999999990313, -0.4006816351235864 
9.88999999999029, -0.40024665446176766 
9.899999999990266, -0.3998879284939808 
9.909999999990243, -0.3996129425678022 
9.91999999999022, -0.39940923164153036 
9.929999999990196, -0.3992587298672489 
9.939999999990173, -0.39914488819663757 
9.94999999999015, -0.3990550509501839 
9.959999999990126, -0.3989806110230812 
9.969999999990103, -0.39891646836357514 
9.97999999999008, -0.3988605186790103 
9.989999999990056, -0.3988134345228129 
9.999999999990033, -0.39877871681193333 
10.00999999999001, -0.3987627518966291 
10.019999999989986, -0.39877437999905246 
10.029999999989963, -0.3988233870228254 
10.03999999998994, -0.39891758751624684 
10.049999999989916, -0.39905888629236597 
10.059999999989893, -0.3992396863360689 
10.06999999998987, -0.39944165641111196 
10.079999999989846, -0.3996383849258392 
10.089999999989823, -0.3998014991930192 
10.0999999999898, -0.39990750537532116 
10.109999999989776, -0.3999420025525572 
10.119999999989753, -0.3998997804888399 
10.12999999998973, -0.3997818240014267 
10.139999999989707, -0.3995912959206981 
10.149999999989683, -0.39932997338966036 
10.15999999998966, -0.3989955229889107 
10.169999999989637, -0.3985792953558304 
10.179999999989613, -0.3980641569849614 
10.18999999998959, -0.3974221514913404 
10.199999999989567, -0.39661255207104384 
10.209999999989543, -0.3955823863019123 
10.21999999998952, -0.3942736563296618 
10.229999999989497, -0.39264222302311186 
10.239999999989474, -0.39068780187485885 
10.24999999998945, -0.38848037389289314 
10.259999999989427, -0.3861580825975701 
10.269999999989404, -0.38388711174509804 
10.27999999998938, -0.3818076313764686 
10.289999999989357, -0.3800008934375169 
10.299999999989334, -0.3784890591980686 
10.30999999998931, -0.3772544392498412 
10.319999999989287, -0.3762609482879896 
10.329999999989264, -0.37546924871050474 
10.33999999998924, -0.3748448073735472 
10.349999999989217, -0.3743611118256821 
10.359999999989194, -0.37400039106188565 
10.36999999998917, -0.3737534114266077 
10.379999999989147, -0.3736191954609996 
10.389999999989124, -0.3736050326085947 
10.3999999999891, -0.3737268373420072 
10.409999999989077, -0.37400961872997057 
10.419999999989054, -0.37448740206165565 
10.42999999998903, -0.37520125854561437 
10.439999999989007, -0.3761931901107919 
10.449999999988984, -0.3774930909858098 
10.45999999998896, -0.37909766288463126 
10.469999999988937, -0.3809466363222044 
10.479999999988914, -0.3829122162698105 
10.48999999998889, -0.38482103166847836 
10.499999999988868, -0.3865082887916297 
10.509999999988844, -0.38787171088572087 
10.519999999988821, -0.3888889913739244 
10.529999999988798, -0.389596433551395 
10.539999999988774, -0.3900547016467462 
10.549999999988751, -0.3903237022053045 
10.559999999988728, -0.3904514182775893 
10.569999999988704, -0.39047193879470576 
10.579999999988681, -0.3904073071592013 
10.589999999988658, -0.3902701843555651 
10.599999999988635, -0.3900662981310568 
10.609999999988611, -0.3897966814522175 
10.619999999988588, -0.38946010257194585 
10.629999999988565, -0.3890560649309074 
10.639999999988541, -0.3885882894488383 
10.649999999988518, -0.3880677239693287 
10.659999999988495, -0.3875133871605247 
10.669999999988471, -0.38694973319232295 
10.679999999988448, -0.38640107129781376 
10.689999999988425, -0.38588558129555833 
10.699999999988401, -0.38541175647693604 
10.709999999988378, -0.3849784748980625 
10.719999999988355, -0.38457789190843983 
10.729999999988332, -0.38419933353974967 
10.739999999988308, -0.3838325527051304 
10.749999999988285, -0.3834695586973661 
10.759999999988262, -0.3831050984616764 
10.769999999988238, -0.382736335318711 
10.779999999988215, -0.3823622863970067 
10.789999999988192, -0.38198334383175586 
10.799999999988168, -0.38160091383526884 
10.809999999988145, -0.3812169126739519 
10.819999999988122, -0.38083248359354077 
10.829999999988098, -0.3804447652195799 
10.839999999988075, -0.3800400557002881 
10.849999999988052, -0.3795824090696763 
10.859999999988029, -0.3790012745185079 
10.869999999988005, -0.37819228805317806 
10.879999999987982, -0.3770530815238133 
10.889999999987959, -0.37555484582667825 
10.899999999987935, -0.3737964223457218 
10.909999999987912, -0.37197515924996094 
10.919999999987889, -0.3702907199612893 
10.929999999987865, -0.36886722600106886 
10.939999999987842, -0.36774011855918753 
10.949999999987819, -0.3668855350252894 
10.959999999987796, -0.3662549124314048 
10.969999999987772, -0.3657975310842388 
10.979999999987749, -0.365470670804405 
10.989999999987726, -0.3652422797665408 
10.999999999987702, -0.365090338217143 
11.009999999987679, -0.3650012759337518 
11.019999999987656, -0.36496848877974075 
11.029999999987632, -0.3649912890028032 
11.039999999987609, -0.36507425878057204 
11.049999999987586, -0.3652267335312484 
11.059999999987562, -0.36546190236996723 
11.06999999998754, -0.36579478275515154 
11.079999999987516, -0.3662382658110558 
11.089999999987493, -0.36679687586436616 
11.09999999998747, -0.3674592447162143 
11.109999999987446, -0.36819251309614137 
11.119999999987423, -0.3689434444176489 
11.1299999999874, -0.36964907247769435 
11.139999999987376, -0.37025338423862986 
11.149999999987353, -0.3707210372769883 
11.15999999998733, -0.37104102699461217 
11.169999999987306, -0.3712208571583938 
11.179999999987283, -0.3712769992717468 
11.18999999998726, -0.37122674575038006 
11.199999999987236, -0.371083233168699 
11.209999999987213, -0.37085307843825477 
11.21999999998719, -0.3705354955823742 
11.229999999987166, -0.3701221806574382 
11.239999999987143, -0.3695979930760378 
11.24999999998712, -0.3689432361268231 
11.259999999987096, -0.3681388392288462 
11.269999999987073, -0.3671751964107639 
11.27999999998705, -0.36606286148342354 
11.289999999987026, -0.364839432229823 
11.299999999987003, -0.3635658954318768 
11.30999999998698, -0.36231148445666783 
11.319999999986956, -0.36113495909646764 
11.329999999986933, -0.3600726084344349 
11.33999999998691, -0.3591369956023445 
11.349999999986887, -0.3583231973155879 
11.359999999986863, -0.3576171090319539 
11.36999999998684, -0.3570022566035343 
11.379999999986817, -0.3564640685793182 
11.389999999986793, -0.35599204175937804 
11.39999999998677, -0.35558068268920484 
11.409999999986747, -0.3552300183296734 
11.419999999986723, -0.3549462155894849 
11.4299999999867, -0.3547425974498853 
11.439999999986677, -0.3546410935213444 
11.449999999986654, -0.35467379172182645 
11.45999999998663, -0.35488353491447866 
11.469999999986607, -0.35532116087106264 
11.479999999986584, -0.35603509101962316 
11.48999999998656, -0.3570481701263657 
11.499999999986537, -0.3583219781099706 
11.509999999986514, -0.3597264892985542 
11.51999999998649, -0.36105412934006254 
11.529999999986467, -0.36210165389895205 
11.539999999986444, -0.3627707093676854 
11.54999999998642, -0.36309685080555953 
11.559999999986397, -0.3631910205237083 
11.569999999986374, -0.36316403485432996 
11.57999999998635, -0.36308978260122055 
11.589999999986327, -0.3630052874704267 
11.599999999986304, -0.3629241807427116 
11.60999999998628, -0.3628488568125398 
11.619999999986257, -0.3627777076641225 
11.629999999986234, -0.3627085464728529 
11.63999999998621, -0.36263998506509204 
11.649999999986187, -0.36257198842227306 
11.659999999986164, -0.3625062570039671 
11.66999999998614, -0.3624466877245854 
11.679999999986117, -0.36239985623133003 
11.689999999986094, -0.3623751743503513 
11.69999999998607, -0.36238415725644 
11.709999999986048, -0.36243826666068024 
11.719999999986024, -0.3625452640110655 
11.729999999986001, -0.3627048918883521 
11.739999999985978, -0.362905653482019 
11.749999999985954, -0.36312480391743945 
11.759999999985931, -0.36333263507240543 
11.769999999985908, -0.3634997282093411 
11.779999999985884, -0.3636037209456716 
11.789999999985861, -0.36363241171244864 
11.799999999985838, -0.36358256790866933 
11.809999999985815, -0.3634561554463028 
11.819999999985791, -0.36325614304817583 
11.829999999985768, -0.3629830631076283 
11.839999999985745, -0.36263244259549443 
11.849999999985721, -0.3621927178585486 
11.859999999985698, -0.3616433283832066 
11.869999999985675, -0.36095325705680936 
11.879999999985651, -0.3600814051558882 
11.889999999985628, -0.3589817460516171 
11.899999999985605, -0.3576169270495373 
11.909999999985581, -0.3559806679304696 
11.919999999985558, -0.35411967537841316 
11.929999999985535, -0.3521368375294134 
11.939999999985512, -0.3501649785928803 
11.949999999985488, -0.3483246772257318 
11.959999999985465, -0.34669333227615645 
11.969999999985442, -0.3452994388498174 
11.979999999985418, -0.34413529342677235 
11.989999999985395, -0.3431744406186922 
11.999999999985372, -0.3423853441989931 
12.009999999985348, -0.34173936238179164 
12.019999999985325, -0.3412143788425382 
12.029999999985302, -0.34079602162902456 
12.039999999985278, -0.3404779357383395 
12.049999999985255, -0.34026198799390295 
12.059999999985232, -0.3401588502394536 
12.069999999985209, -0.3401891040877789 
12.079999999985185, -0.34038469934000737 
12.089999999985162, -0.34079007359393915 
12.099999999985139, -0.34146124480333906 
12.109999999985115, -0.3424595704998547 
12.119999999985092, -0.34383524004418764 
12.129999999985069, -0.34559675881893204 
12.139999999985045, -0.3476723943753624 
12.149999999985022, -0.3498895620838892 
12.159999999984999, -0.35200872159449476 
12.169999999984976, -0.35381342264525617 
12.179999999984952, -0.35519428403597725 
12.189999999984929, -0.3561617361887469 
12.199999999984906, -0.3567961479594816 
12.209999999984882, -0.3571910887099937 
12.219999999984859, -0.3574229448728542 
12.229999999984836, -0.35754458801588906 
12.239999999984812, -0.3575897192764465 
12.249999999984789, -0.3575790180233792 
12.259999999984766, -0.3575249694509891 
12.269999999984742, -0.35743509576540644 
12.27999999998472, -0.3573141414151332 
12.289999999984696, -0.3571657892517402 
12.299999999984673, -0.35699426968221337 
12.30999999998465, -0.35680589896486764 
12.319999999984626, -0.35661017892760943 
12.329999999984603, -0.35641977017487025 
12.33999999998458, -0.35624873275139246 
12.349999999984556, -0.3561091085860847 
12.359999999984533, -0.356006917766276 
12.36999999998451, -0.35593929333090363 
12.379999999984486, -0.3558942726432638 
12.389999999984463, -0.3558536562432312 
12.39999999998444, -0.35579779669048106 
12.409999999984416, -0.3557101288571757 
12.419999999984393, -0.3555795519060715 
12.42999999998437, -0.35540018873995616 
12.439999999984346, -0.3551693599304338 
12.449999999984323, -0.35488494497950657 
12.4599999999843, -0.3545428416030348 
12.469999999984276, -0.3541346104207513 
12.479999999984253, -0.3536450083046549 
12.48999999998423, -0.35304907305459954 
12.499999999984206, -0.3523088357516001 
12.509999999984183, -0.351370965472495 
12.51999999998416, -0.3501691234987373 
12.529999999984136, -0.34863769081544166 
12.539999999984113, -0.3467421164150998 
12.54999999998409, -0.34451791743090066 
12.559999999984067, -0.3420896403305044 
12.569999999984043, -0.3396419285186102 
12.57999999998402, -0.3373542947268752 
12.589999999983997, -0.33534603581052824 
12.599999999983973, -0.33366204905018637 
12.60999999998395, -0.33229136252316643 
12.619999999983927, -0.33119453872046467 
12.629999999983903, -0.3303247918085298 
12.63999999998388, -0.3296396779435575 
12.649999999983857, -0.3291058754623044 
12.659999999983834, -0.3287002901061441 
12.66999999998381, -0.3284097433401636 
12.679999999983787, -0.32823047904260194 
12.689999999983764, -0.3281680537623852 
12.69999999998374, -0.32823778036025303 
12.709999999983717, -0.3284655876743114 
12.719999999983694, -0.32888873389572565 
12.72999999998367, -0.3295550508127535 
12.739999999983647, -0.3305181647685532 
12.749999999983624, -0.3318248146873706 
12.7599999999836, -0.33349085625832464 
12.769999999983577, -0.33546890613635916 
12.779999999983554, -0.33762532836760734 
12.78999999998353, -0.3397561015923091 
12.799999999983507, -0.3416526839963093 
12.809999999983484, -0.3431797322833 
12.81999999998346, -0.3443068149391592 
12.829999999983437, -0.34508190368015845 
12.839999999983414, -0.3455836062155563 
12.84999999998339, -0.345886885490685 
12.859999999983367, -0.34604956242705665 
12.869999999983344, -0.346111610474496 
12.87999999998332, -0.3460989665788131 
12.889999999983297, -0.3460276987312174 
12.899999999983274, -0.3459073309937797 
12.90999999998325, -0.3457433991041679 
12.919999999983228, -0.34553964550209215 
12.929999999983204, -0.3453001758850892 
12.939999999983181, -0.34503156231204896 
12.949999999983158, -0.3447443847583269 
12.959999999983134, -0.3444533300670617 
12.969999999983111, -0.34417516592858 
12.979999999983088, -0.34392485651109383 
12.989999999983064, -0.34371124871569103 
12.999999999983041, -0.34353423713340336 
13.009999999983018, -0.3433847301569827 
13.019999999982995, -0.34324745103330795 
13.029999999982971, -0.34310528858165956 
13.039999999982948, -0.3429432640961903 
13.049999999982925, -0.3427506242534947 
13.059999999982901, -0.3425207515285359 
13.069999999982878, -0.34224957730012195 
13.079999999982855, -0.34193340744625045 
13.089999999982831, -0.3415666944730148 
13.099999999982808, -0.3411397845532724 
13.109999999982785, -0.3406363285268713 
13.119999999982761, -0.34002997860847334 
13.129999999982738, -0.3392803749613562 
13.139999999982715, -0.3383297593501353 
13.149999999982692, -0.33710450021613153 
13.159999999982668, -0.33552960851397406 
13.169999999982645, -0.33356324172227947 
13.179999999982622, -0.3312423883919483 
13.189999999982598, -0.3287051443731074 
13.199999999982575, -0.326156128110191 
13.209999999982552, -0.3237905599008958 
13.219999999982528, -0.32173315548539305 
13.229999999982505, -0.32002566837263957 
13.239999999982482, -0.31865035062391417 
13.249999999982458, -0.3175610793534905 
13.259999999982435, -0.31670599269117794 
13.269999999982412, -0.3160393076787765 
13.279999999982389, -0.3155257210548292 
13.289999999982365, -0.3151410915757749 
13.299999999982342, -0.31487181394049074 
13.309999999982319, -0.3147141332944011 
13.319999999982295, -0.31467393755865525 
13.329999999982272, -0.3147671610632321 
13.339999999982249, -0.3150206167548662 
13.349999999982225, -0.3154726210970127 
13.359999999982202, -0.316171957807398 
13.369999999982179, -0.31717242445941707 
13.379999999982156, -0.3185189034058161 
13.389999999982132, -0.32022177340354874 
13.399999999982109, -0.32222393305823877 
13.409999999982086, -0.32438049795257073 
13.419999999982062, -0.32648130934946423 
13.429999999982039, -0.32832247024862093 
13.439999999982016, -0.3297820927237206 
13.449999999981992, -0.330843790473326 
13.459999999981969, -0.3315639065655983 
13.469999999981946, -0.3320232810863102 
13.479999999981922, -0.3322955968756649 
13.4899999999819, -0.3324363138861444 
13.499999999981876, -0.33248320969141826 
13.509999999981853, -0.332460590758767 
13.51999999998183, -0.33238350074106615 
13.529999999981806, -0.332261002156392 
13.539999999981783, -0.33209870463397995 
13.54999999998176, -0.33190095054921087 
13.559999999981736, -0.3316729225171633 
13.569999999981713, -0.331422567045271 
13.57999999998169, -0.33116176035057304 
13.589999999981666, -0.33090588342658156 
13.599999999981643, -0.33067132126152765 
13.60999999998162, -0.33047138856339436 
13.619999999981596, -0.33031220742849443 
13.629999999981573, -0.3301903602823758 
13.63999999998155, -0.33009348349955886 
13.649999999981526, -0.3300036722584679 
13.659999999981503, -0.32990222580595285 
13.66999999998148, -0.32977365074487813 
13.679999999981456, -0.32960744752313453 
13.689999999981433, -0.32939755268749576 
13.69999999998141, -0.32914031673399785 
13.709999999981386, -0.32883201073547524 
13.719999999981363, -0.3284663733085604 
13.72999999998134, -0.32803217813182645 
13.739999999981316, -0.32751052509327094 
13.749999999981293, -0.3268716536044005 
13.75999999998127, -0.3260717644698293 
13.769999999981247, -0.3250520668456779 
13.779999999981223, -0.3237451593290998 
13.7899999999812, -0.3220956729633363 
13.799999999981177, -0.32009618669664414 
13.809999999981153, -0.3178209847203239 
13.81999999998113, -0.31542496929284286 
13.829999999981107, -0.313094449134095 
13.839999999981083, -0.31098163777123244 
13.84999999998106, -0.3091679038007845 
13.859999999981037, -0.30766766405609325 
13.869999999981014, -0.3064535148168718 
13.87999999998099, -0.3054813250382663 
13.889999999980967, -0.30470647760082004 
13.899999999980944, -0.3040916741053918 
13.90999999998092, -0.30360954474896384 
13.919999999980897, -0.30324288567927454 
13.929999999980874, -0.3029842481775082 
13.93999999998085, -0.30283575594812107 
13.949999999980827, -0.3028095187222086 
13.959999999980804, -0.3029286801996505 
13.96999999998078, -0.3032287660175664 
13.979999999980757, -0.3037583180785704 
13.989999999980734, -0.3045765242912118 
13.99999999998071, -0.3057436468445365 
14.009999999980687, -0.30729876904988357 
14.019999999980664, -0.30922304205756496 
14.02999999998064, -0.31140168432431087 
14.039999999980617, -0.3136203703838428 
14.049999999980594, -0.3156283859958461 
14.05999999998057, -0.3172423555237082 
14.069999999980547, -0.31840879427226504 
14.079999999980524, -0.3191827401301356 
14.0899999999805, -0.3196634852737359 
14.099999999980477, -0.3199445421216124 
14.109999999980454, -0.320094730535193 
14.11999999998043, -0.32015882528718237 
14.129999999980408, -0.32016431515959093 
14.139999999980384, -0.32012779273965736 
14.149999999980361, -0.32005944155344285 
14.159999999980338, -0.3199659612711068 
14.169999999980314, -0.31985260480758926 
14.179999999980291, -0.31972483086471815 
14.189999999980268, -0.3195897655606873 
14.199999999980244, -0.3194572971566491 
14.209999999980221, -0.3193402878000659 
14.219999999980198, -0.3192532902560981 
14.229999999980175, -0.3192095291409732 
14.239999999980151, -0.3192167128337589 
14.249999999980128, -0.3192731127910845 
14.259999999980105, -0.31936578405997357 
14.269999999980081, -0.31947235250615125 
14.279999999980058, -0.31956623903599396 
14.289999999980035, -0.319623161742137 
14.299999999980011, -0.3196258718106623 
14.309999999979988, -0.3195653149692233 
14.319999999979965, -0.3194386360612325 
14.329999999979941, -0.3192457243308134 
14.339999999979918, -0.3189857731674416 
14.349999999979895, -0.3186544375467642 
14.359999999979872, -0.3182415007026543 
14.369999999979848, -0.31772881874034703 
14.379999999979825, -0.31708870358834085 
14.389999999979802, -0.3162838631030081 
14.399999999979778, -0.3152714619561549 
14.409999999979755, -0.31401478693005314 
14.419999999979732, -0.312503551182422 
14.429999999979708, -0.3107754164712794 
14.439999999979685, -0.30892195084175816 
14.449999999979662, -0.3070668090333945 
14.459999999979638, -0.3053260964659584 
14.469999999979615, -0.3037767091302796 
14.479999999979592, -0.3024484085949624 
14.489999999979569, -0.3013348766430085 
14.499999999979545, -0.3004105415722827 
14.509999999979522, -0.29964422889526965 
14.519999999979499, -0.29900727545648076 
14.529999999979475, -0.29847725552628035 
14.539999999979452, -0.2980392112718573 
14.549999999979429, -0.2976858806664461 
14.559999999979405, -0.29741784329359844 
14.569999999979382, -0.29724406501762074 
14.579999999979359, -0.2971830029782029 
14.589999999979335, -0.2972640831869151 
14.599999999979312, -0.29752873394827584 
14.609999999979289, -0.2980289062989881 
14.619999999979266, -0.29881892807087207 
14.629999999979242, -0.29993456268845875 
14.639999999979219, -0.30135568604501894 
14.649999999979196, -0.30296459992045083 
14.659999999979172, -0.3045403365442268 
14.669999999979149, -0.3058324044769868 
14.679999999979126, -0.3066856409022307 
14.689999999979102, -0.3071069566795061 
14.69999999997908, -0.3072173889764591 
14.709999999979056, -0.3071574033902026 
14.719999999979033, -0.3070290028272411 
14.72999999997901, -0.3068875300320267 
14.739999999978986, -0.30675607493975715 
14.749999999978963, -0.3066410718164484 
14.75999999997894, -0.30654236622993547 
14.769999999978916, -0.3064583535398313 
14.779999999978893, -0.30638826810065695 
14.78999999997887, -0.3063331944924808 
14.799999999978846, -0.3062966621454516 
14.809999999978823, -0.3062851707856596 
14.8199999999788, -0.30630862506205125 
14.829999999978776, -0.30638034267878456 
14.839999999978753, -0.3065160469983134 
14.84999999997873, -0.3067311888217376 
14.859999999978706, -0.30703626771120673 
14.869999999978683, -0.3074307377609341 
14.87999999997866, -0.3078975779422426 
14.889999999978636, -0.3084019639614667 
14.899999999978613, -0.3088969161908942 
14.90999999997859, -0.3093350040221257 
14.919999999978566, -0.30968043716891513 
14.929999999978543, -0.3099151809669209 
14.93999999997852, -0.3100372771285651 
14.949999999978496, -0.31005449146494274 
14.959999999978473, -0.3099775136311941 
14.96999999997845, -0.3098150258295701 
14.979999999978427, -0.30957089132366206 
14.989999999978403, -0.3092428426011061 
14.99999999997838, -0.30882217795592065 
15.009999999978357, -0.3082945714868316 
15.019999999978333, -0.3076427829099238 
15.02999999997831, -0.30685235210905026 
15.039999999978287, -0.30592042950150394 
15.049999999978263, -0.30486506524331014 
15.05999999997824, -0.3037290223879232 
15.069999999978217, -0.3025728376194162 
15.079999999978194, -0.30145871549243985 
15.08999999997817, -0.30043413476898523 
15.099999999978147, -0.2995236604716583 
15.109999999978124, -0.29873047435528266 
15.1199999999781, -0.29804344979816433 
15.129999999978077, -0.29744493766869884 
15.139999999978054, -0.29691659905074963 
15.14999999997803, -0.2964427389697867 
15.159999999978007, -0.2960116888596813 
15.169999999977984, -0.29561606285732983 
15.17999999997796, -0.29525257561612267 
15.189999999977937, -0.2949218275444942 
15.199999999977914, -0.2946281513959581 
15.20999999997789, -0.294379248064335 
15.219999999977867, -0.29418478524825087 
15.229999999977844, -0.29405223358153193 
15.23999999997782, -0.29397713334995856 
15.249999999977797, -0.2939252076129569 
15.259999999977774, -0.29380956871330627 
15.26999999997775, -0.2934825536654202 
15.279999999977727, -0.2927778277388259 
15.289999999977704, -0.291611668776069 
15.29999999997768, -0.2900683291035785 
15.309999999977657, -0.2883693507125531 
15.319999999977634, -0.2867488124951837 
15.32999999997761, -0.2853548093715083 
15.339999999977588, -0.28423505304151686 
15.349999999977564, -0.2833723699705454 
15.359999999977541, -0.28272346355391087 
15.369999999977518, -0.282242721766603 
15.379999999977494, -0.2818924412859866 
15.389999999977471, -0.2816454692454015 
15.399999999977448, -0.28148476034100944 
15.409999999977424, -0.2814021987935601 
15.419999999977401, -0.28139765979905296 
15.429999999977378, -0.2814785786278954 
15.439999999977355, -0.2816599105214672 
15.449999999977331, -0.28196403405204473 
15.459999999977308, -0.28241971248562936 
15.469999999977285, -0.2830586524319954 
15.479999999977261, -0.28390775847489613 
15.489999999977238, -0.2849757986953776 
15.499999999977215, -0.28623650999047356 
15.509999999977191, -0.28761673102580104 
15.519999999977168, -0.28900292093379887 
15.529999999977145, -0.2902717953849797 
15.539999999977121, -0.2913302646273806 
15.549999999977098, -0.2921385486368276 
15.559999999977075, -0.2927053117821246 
15.569999999977052, -0.29306643395963383 
15.579999999977028, -0.2932644958508608 
15.589999999977005, -0.2933368525410668 
15.599999999976982, -0.293311448478454 
15.609999999976958, -0.2932068828549184 
15.619999999976935, -0.2930341093660644 
15.629999999976912, -0.2927986069823238 
15.639999999976888, -0.2925028103273792 
15.649999999976865, -0.29214894387933554 
15.659999999976842, -0.2917422241106458 
15.669999999976818, -0.291293760107273 
15.679999999976795, -0.2908217815061205 
15.689999999976772, -0.2903498610993381 
15.699999999976749, -0.28990212389590225 
15.709999999976725, -0.2894973055004247 
15.719999999976702, -0.28914431688838726 
15.729999999976679, -0.28884104330214677 
15.739999999976655, -0.2885764081348784 
15.749999999976632, -0.28833443550970117 
15.759999999976609, -0.2880985471613072 
15.769999999976585, -0.28785459694324145 
15.779999999976562, -0.287591975343631 
15.789999999976539, -0.28730301558184657 
15.799999999976515, -0.2869813850972088 
15.809999999976492, -0.2866200435454446 
15.819999999976469, -0.28620895970957694 
15.829999999976446, -0.2857324084595627 
15.839999999976422, -0.2851655010124566 
15.849999999976399, -0.28446985563208516 
15.859999999976376, -0.28358950349836254 
15.869999999976352, -0.28245100976809406 
15.879999999976329, -0.2809759706267604 
15.889999999976306, -0.279114206973348 
15.899999999976282, -0.27689129183369826 
15.90999999997626, -0.2744361856157288 
15.919999999976236, -0.27195095819050646 
15.929999999976213, -0.2696336610987081 
15.93999999997619, -0.2676127714319241 
15.949999999976166, -0.2659320238893332 
15.959999999976143, -0.26457396892633883 
15.96999999997612, -0.2634921788411711 
15.979999999976096, -0.26263461875745386 
15.989999999976073, -0.26195568931152974 
15.99999999997605, -0.2614206007570147 
16.009999999976028, -0.2610059947907436 
16.019999999976005, -0.26069933193927675 
16.02999999997598, -0.2604983429673403 
16.039999999975958, -0.2604111141044356 
16.049999999975935, -0.2604569623252111 
16.05999999997591, -0.2606678915522743 
16.069999999975888, -0.2610897906205863 
16.079999999975865, -0.2617812498833622 
16.08999999997584, -0.26280565281026563 
16.099999999975818, -0.2642098628606528 
16.109999999975795, -0.26598474421863433 
16.11999999997577, -0.26801804455478845 
16.129999999975748, -0.2700802531296824 
16.139999999975725, -0.27189205824206386 
16.1499999999757, -0.2732534646233211 
16.15999999997568, -0.27412668688264374 
16.169999999975655, -0.2746048809000302 
16.17999999997563, -0.27482262933920565 
16.18999999997561, -0.27489192914648986 
16.199999999975585, -0.2748847026141685 
16.20999999997556, -0.27484060702854674 
16.21999999997554, -0.2747797120605097 
16.229999999975515, -0.27471203980136943 
16.239999999975492, -0.2746432289944737 
16.24999999997547, -0.27457763256269646 
16.259999999975445, -0.2745200994550575 
16.269999999975422, -0.27447720068330517 
16.2799999999754, -0.2744582074712597 
16.289999999975375, -0.27447574812852177 
16.299999999975352, -0.27454573808099925 
16.30999999997533, -0.27468595561480197 
16.319999999975305, -0.27491267414067966 
16.329999999975282, -0.2752352475589356 
16.33999999997526, -0.27564964530276026 
16.349999999975235, -0.2761335532326553 
16.359999999975212, -0.2766467776679012 
16.36999999997519, -0.27713923936412244 
16.379999999975166, -0.27756410200792864 
16.389999999975142, -0.277889216965454 
16.39999999997512, -0.278101112434622 
16.409999999975096, -0.2782013762734049 
16.419999999975072, -0.27819955591233025 
16.42999999997505, -0.27810661878450504 
16.439999999975026, -0.2779306686386172 
16.449999999975002, -0.2776747808596204 
16.45999999997498, -0.2773362995219499 
16.469999999974956, -0.27690726466959553 
16.479999999974932, -0.27637623765643143 
16.48999999997491, -0.2757322183858308 
16.499999999974886, -0.2749710305322581 
16.509999999974863, -0.2741028890930425 
16.51999999997484, -0.2731573020505632 
16.529999999974816, -0.2721806180599661 
16.539999999974793, -0.27122521310023096 
16.54999999997477, -0.27033549645181576 
16.559999999974746, -0.26953823663812854 
16.569999999974723, -0.26884081515669334 
16.5799999999747, -0.2682356468413346 
16.589999999974676, -0.2677068372928419 
16.599999999974653, -0.2672360655326291 
16.60999999997463, -0.26680642165451923 
16.619999999974606, -0.26640417956334606 
16.629999999974583, -0.2660190644334045 
16.63999999997456, -0.26564366563615077 
16.649999999974536, -0.2652724490175931 
16.659999999974513, -0.2649004955180848 
16.66999999997449, -0.264521711846838 
16.679999999974466, -0.26412581392321083 
16.689999999974443, -0.2636928958454173 
16.69999999997442, -0.26318426787829224 
16.709999999974396, -0.26252998315798826 
16.719999999974373, -0.26162010095922517 
16.72999999997435, -0.26031900758365767 
16.739999999974327, -0.2585255081770168 
16.749999999974303, -0.25626378894570995 
16.75999999997428, -0.2537245156625681 
16.769999999974257, -0.2511902699162676 
16.779999999974233, -0.2489030678942854 
16.78999999997421, -0.2469874956650842 
16.799999999974187, -0.24545962497634605 
16.809999999974163, -0.24427448143606917 
16.81999999997414, -0.2433678260029947 
16.829999999974117, -0.24267930976302537 
16.839999999974093, -0.24216132676831914 
16.84999999997407, -0.2417805520953579 
16.859999999974047, -0.24151683732713075 
16.869999999974024, -0.24136178233512723 
16.879999999974, -0.24131792243291686 
16.889999999973977, -0.24139879601461484 
16.899999999973954, -0.2416297741695465 
16.90999999997393, -0.24204909003137418 
16.919999999973907, -0.24270767131109441 
16.929999999973884, -0.2436648720815484 
16.93999999997386, -0.2449752457570919 
16.949999999973837, -0.24666123286719105 
16.959999999973814, -0.2486737235750483 
16.96999999997379, -0.2508619756573813 
16.979999999973767, -0.25299259302246735 
16.989999999973744, -0.2548336177550421 
16.99999999997372, -0.2562504773593558 
17.009999999973697, -0.2572361284277046 
17.019999999973674, -0.2578674004255337 
17.02999999997365, -0.2582434348347651 
17.039999999973627, -0.2584486227988986 
17.049999999973604, -0.25854264548875994 
17.05999999997358, -0.25856401293661646 
17.069999999973557, -0.25853670779551696 
17.079999999973534, -0.25847582427472776 
17.08999999997351, -0.25839154799539393 
17.099999999973488, -0.2582919286374035 
17.109999999973464, -0.2581849747894039 
17.11999999997344, -0.25808033969424726 
17.129999999973418, -0.2579905050230052 
17.139999999973394, -0.25793103103077825 
17.14999999997337, -0.2579192987318583 
17.159999999973348, -0.25797139822955917 
17.169999999973324, -0.2580974463724927 
17.1799999999733, -0.25829651056458414 
17.189999999973278, -0.2585532253765842 
17.199999999973254, -0.2588385149102369 
17.20999999997323, -0.2591155435642261 
17.219999999973208, -0.25934895816173337 
17.229999999973185, -0.259512929194551 
17.23999999997316, -0.25959426060862 
17.249999999973138, -0.2595903201819184 
17.259999999973115, -0.25950429192606694 
17.26999999997309, -0.259340402537237 
17.279999999973068, -0.2591004116597203 
17.289999999973045, -0.2587814733717913 
17.29999999997302, -0.2583751160530116 
17.309999999972998, -0.2578673886718095 
17.319999999972975, -0.2572408344901865 
17.32999999997295, -0.2564794076053702 
17.339999999972928, -0.2555768853245582 
17.349999999972905, -0.2545468044263225 
17.35999999997288, -0.2534282458419318 
17.36999999997286, -0.2522810875082375 
17.379999999972835, -0.2511704318525802 
17.38999999997281, -0.25014853510901064 
17.39999999997279, -0.2492441842816871 
17.409999999972765, -0.24846270204997767 
17.41999999997274, -0.24779280706371445 
17.42999999997272, -0.24721496714321023 
17.439999999972695, -0.24670797678861103 
17.449999999972672, -0.24625285761651367 
17.45999999997265, -0.24583447731961 
17.469999999972625, -0.24544167937004108 
17.479999999972602, -0.2450666352473528 
17.48999999997258, -0.24470384454819744 
17.499999999972555, -0.2443488472023046 
17.509999999972532, -0.24399629975388834 
17.51999999997251, -0.24363655714147256 
17.529999999972485, -0.2432493206758571 
17.539999999972462, -0.24279280462456648 
17.54999999997244, -0.24218919952249612 
17.559999999972415, -0.24131565940906805 
17.569999999972392, -0.24002443676493868 
17.57999999997237, -0.23821577342147604 
17.589999999972346, -0.23593636954665692 
17.599999999972322, -0.23340664998790067 
17.6099999999723, -0.23092190671016627 
17.619999999972276, -0.22871362215901433 
17.629999999972252, -0.2268864309470875 
17.63999999997223, -0.22544077521529604 
17.649999999972206, -0.22432435473421597 
17.659999999972182, -0.22347181509876987 
17.66999999997216, -0.22282483314292972 
17.679999999972136, -0.22233893262318963 
17.689999999972112, -0.22198408729382985 
17.69999999997209, -0.2217433720244117 
17.709999999972066, -0.2216116473649358 
17.719999999972043, -0.22159503336670688 
17.72999999997202, -0.22171134026125722 
17.739999999971996, -0.2219912355661256 
17.749999999971973, -0.22247935894993312 
17.75999999997195, -0.2232334568402393 
17.769999999971926, -0.2243176060992611 
17.779999999971903, -0.22578335348881012 
17.78999999997188, -0.22763377414667207 
17.799999999971856, -0.22977809552752926 
17.809999999971833, -0.23201129425306616 
17.81999999997181, -0.23406463439659916 
17.829999999971786, -0.23571969297416376 
17.839999999971763, -0.23689700252720006 
17.84999999997174, -0.23764821658923768 
17.859999999971716, -0.23808456920857993 
17.869999999971693, -0.2383141493620587 
17.87999999997167, -0.2384163895129578 
17.889999999971646, -0.23844205050000059 
17.899999999971623, -0.23842158457214882 
17.9099999999716, -0.23837320908700907 
17.919999999971576, -0.23830856430034836 
17.929999999971553, -0.23823634198436294 
17.93999999997153, -0.23816470113708768 
17.949999999971507, -0.23810305090561373 
17.959999999971483, -0.23806340698713982 
17.96999999997146, -0.2380611490835018 
17.979999999971437, -0.23811469447047603 
17.989999999971413, -0.23824347585578085 
17.99999999997139, -0.23846381043317533 
18.009999999971367, -0.2387829022105013 
18.019999999971343, -0.23919245317654672 
18.02999999997132, -0.23966495103018062 
18.039999999971297, -0.24015629677469458 
18.049999999971273, -0.2406159213964993 
18.05999999997125, -0.24100028961845038 
18.069999999971227, -0.24128254973180385 
18.079999999971204, -0.24145400600281625 
18.08999999997118, -0.24151898748846037 
18.099999999971157, -0.2414876668406777 
18.109999999971134, -0.24137024283485392 
18.11999999997111, -0.24117350227325768 
18.129999999971087, -0.24089937220474877 
18.139999999971064, -0.24054489294024353 
18.14999999997104, -0.2401034707734968 
18.159999999971017, -0.2395677308252402 
18.169999999970994, -0.23893428855868049 
18.17999999997097, -0.23820980296459685 
18.189999999970947, -0.23741581328973166 
18.199999999970924, -0.2365886228237053 
18.2099999999709, -0.2357722601356708 
18.219999999970877, -0.23500716676879443 
18.229999999970854, -0.23432048164834146 
18.23999999997083, -0.23372222125966644 
18.249999999970807, -0.23320739249536934 
18.259999999970784, -0.23276130936991932 
18.26999999997076, -0.2323652713118582 
18.279999999970737, -0.232000885097289 
18.289999999970714, -0.2316524284236336 
18.29999999997069, -0.23130741023565976 
18.309999999970668, -0.23095585297175977 
18.319999999970644, -0.23058882255767904 
18.32999999997062, -0.2301964704715572 
18.339999999970598, -0.22976549034065957 
18.349999999970574, -0.22927556677613908 
18.35999999997055, -0.22869428398536154 
18.369999999970528, -0.2279705535422368 
18.379999999970504, -0.22702903695053056 
18.38999999997048, -0.22577347429829428 
18.399999999970458, -0.22411263849217988 
18.409999999970434, -0.22201567497961663 
18.41999999997041, -0.21956965210533763 
18.429999999970388, -0.21697971904194652 
18.439999999970365, -0.21448920882524164 
18.44999999997034, -0.2122814077144663 
18.459999999970318, -0.2104367478839785 
18.469999999970295, -0.20895115594982397 
18.47999999997027, -0.2077763924093698 
18.489999999970248, -0.20685245000852376 
18.499999999970225, -0.20612490356371502 
18.5099999999702, -0.20555135242963574 
18.519999999970178, -0.20510239152832602 
18.529999999970155, -0.20476067889139218 
18.53999999997013, -0.20451990131168948 
18.549999999970108, -0.20438439632962319 
18.559999999970085, -0.2043696350672969 
18.56999999997006, -0.2045033417504222 
18.57999999997004, -0.20482632257735936 
18.589999999970015, -0.20539060222597877 
18.59999999996999, -0.20624981419882255 
18.60999999996997, -0.20743393535010296 
18.619999999969945, -0.2089032471676397 
18.62999999996992, -0.21049763536003058 
18.6399999999699, -0.21193781724058175 
18.649999999969875, -0.21293627305644006 
18.659999999969852, -0.21336277301358844 
18.66999999996983, -0.21330242422716544 
18.679999999969805, -0.21295590226494593 
18.689999999969782, -0.21250833480000714 
18.69999999996976, -0.21207212452109112 
18.709999999969735, -0.21169517733638266 
18.719999999969712, -0.21138839122126446 
18.72999999996969, -0.2111473735082367 
18.739999999969665, -0.21096437528926887 
18.749999999969642, -0.21083363118310441 
18.75999999996962, -0.21075346678872608 
18.769999999969595, -0.21072720396011513 
18.779999999969572, -0.2107638267395248 
18.78999999996955, -0.21087871641706143 
18.799999999969526, -0.21109430526924125 
18.809999999969502, -0.21144002644196544 
18.81999999996948, -0.2119503326313462 
18.829999999969456, -0.21265890124376813 
18.839999999969432, -0.21358706523766718 
18.84999999996941, -0.21472661678554378 
18.859999999969386, -0.21602318851090213 
18.869999999969362, -0.217373957650057 
18.87999999996934, -0.2186515311357738 
18.889999999969316, -0.21974636480074902 
18.899999999969292, -0.2206000408292823 
18.90999999996927, -0.22120900859226583 
18.919999999969246, -0.22160505393104465 
18.929999999969223, -0.22183195338393796 
18.9399999999692, -0.22193037539526078 
18.949999999969176, -0.22193196367607232 
18.959999999969153, -0.22185893759295286 
18.96999999996913, -0.22172594938408094 
18.979999999969106, -0.22154255877589618 
18.989999999969083, -0.22131582181397008 
18.99999999996906, -0.22105292263748172 
19.009999999969036, -0.22076367364079547 
19.019999999969013, -0.22046230241930323 
19.02999999996899, -0.220167614694904 
19.039999999968966, -0.2199008550866628 
19.049999999968943, -0.2196815193683237 
19.05999999996892, -0.21952244133512605 
19.069999999968896, -0.2194259267907881 
19.079999999968873, -0.21938240132559836 
19.08999999996885, -0.2193722943166622 
19.099999999968826, -0.21937077010766512 
19.109999999968803, -0.21935357675080897 
19.11999999996878, -0.2193015976589289 
19.129999999968756, -0.21920248761908406 
19.139999999968733, -0.21904947545021486 
19.14999999996871, -0.21883858973718273 
19.159999999968687, -0.21856558940116377 
19.169999999968663, -0.21822327519267742 
19.17999999996864, -0.2177993665759188 
19.189999999968617, -0.21727512034933844 
19.199999999968593, -0.21662539554288646 
19.20999999996857, -0.2158217581782384 
19.219999999968547, -0.21484071817831252 
19.229999999968523, -0.21367753281444202 
19.2399999999685, -0.2123606658776771 
19.249999999968477, -0.21095602828648702 
19.259999999968453, -0.20955259866614967 
19.26999999996843, -0.20823503362102325 
19.279999999968407, -0.20706031643110698 
19.289999999968384, -0.20605042619520533 
19.29999999996836, -0.20519919539579728 
19.309999999968337, -0.2044844611382794 
19.319999999968314, -0.20387864499803965 
19.32999999996829, -0.2033554082804458 
19.339999999968267, -0.202892773607729 
19.349999999968244, -0.20247390731500917 
19.35999999996822, -0.20208663655588635 
19.369999999968197, -0.2017223871711859 
19.379999999968174, -0.20137480372457633 
19.38999999996815, -0.20103787846110555 
19.399999999968127, -0.20070291125438205 
19.409999999968104, -0.20035300421757726 
19.41999999996808, -0.19995334141183305 
19.429999999968057, -0.1994366094315302 
19.439999999968034, -0.19868906323239893 
19.44999999996801, -0.19755696434997727 
19.459999999967987, -0.19590369434809823 
19.469999999967964, -0.1937152540483444 
19.47999999996794, -0.1911688413925106 
19.489999999967917, -0.1885682684552077 
19.499999999967894, -0.1861912770008946 
19.50999999996787, -0.18418870507626248 
19.519999999967848, -0.18258693291991174 
19.529999999967824, -0.18134101844357187 
19.5399999999678, -0.18038308242177908 
19.549999999967778, -0.17964900308174078 
19.559999999967754, -0.17908842265708227 
19.56999999996773, -0.17866640080709864 
19.579999999967708, -0.1783621746782967 
19.589999999967684, -0.17816766389676536 
19.59999999996766, -0.17808676571088933 
19.609999999967638, -0.17813573186231274 
19.619999999967614, -0.17834446356632722 
19.62999999996759, -0.17875791582786488 
19.639999999967568, -0.17943541837989613 
19.649999999967545, -0.18044305430468283 
19.65999999996752, -0.18183080678636593 
19.669999999967498, -0.1835869328774605 
19.679999999967475, -0.18557977351693555 
19.68999999996745, -0.18753848925285396 
19.699999999967428, -0.1891409534768046 
19.709999999967405, -0.19018248831987913 
19.71999999996738, -0.19067150539637784 
19.729999999967358, -0.19076582406764853 
19.739999999967335, -0.19064619967182608 
19.74999999996731, -0.1904426179975699 
19.759999999967288, -0.1902261688980647 
19.769999999967265, -0.19002820128023368 
19.77999999996724, -0.18985976649889588 
19.78999999996722, -0.18972396101593242 
19.799999999967195, -0.18962238899779774 
19.80999999996717, -0.18955834280015452 
19.81999999996715, -0.18953853802434492 
19.829999999967125, -0.18957436475951137 
19.8399999999671, -0.18968299303596517 
19.84999999996708, -0.18988818845634708 
19.859999999967055, -0.19022019399496257 
19.869999999967032, -0.19071342726612356 
19.87999999996701, -0.19140015286836864 
19.889999999966985, -0.19229842379713108 
19.899999999966962, -0.19339510957783485 
19.90999999996694, -0.19463116259263352 
19.919999999966915, -0.19590288085559432 
19.929999999966892, -0.19708855368550107 
19.93999999996687, -0.19808944276515214 
19.949999999966845, -0.1988578379328647 
19.959999999966822, -0.19939637111073322 
19.9699999999668, -0.19973785626766377 
19.979999999966775, -0.19992392167370054 
19.989999999966752, -0.19999208836691182 
19.99999999996673, -0.1999711388195114 
20.009999999966706, -0.1998812111064946 
20.019999999966682, -0.19973576884620767 
20.02999999996666, -0.19954409123618727 
20.039999999966636, -0.1993138754153152 
20.049999999966612, -0.19905382871585317 
20.05999999996659, -0.19877593815849387 
20.069999999966566, -0.1984967198978264 
20.079999999966542, -0.1982365983076395 
20.08999999996652, -0.19801702792841516 
20.099999999966496, -0.1978559445247244 
20.109999999966472, -0.1977629671653095 
20.11999999996645, -0.19773598910588067 
20.129999999966426, -0.1977605150326282 
20.139999999966403, -0.19781245241582446 
20.14999999996638, -0.19786379196932039 
20.159999999966356, -0.19788901331603284 
20.169999999966333, -0.19786947953831016 
20.17999999996631, -0.19779435810014598 
20.189999999966286, -0.19765862566548392 
20.199999999966263, -0.197459783173567 
20.20999999996624, -0.19719465669033645 
20.219999999966216, -0.19685691093137425 
20.229999999966193, -0.19643544999153406 
20.23999999996617, -0.19591397841529629 
20.249999999966146, -0.1952725249754045 
20.259999999966123, -0.19449225698991685 
20.2699999999661, -0.19356444796723157 
20.279999999966076, -0.19250172960530357 
20.289999999966053, -0.19134528820160157 
20.29999999996603, -0.1901602408358197 
20.309999999966006, -0.18901819000383485 
20.319999999965983, -0.18797646585054936 
20.32999999996596, -0.18706592249573661 
20.339999999965936, -0.18629107372836942 
20.349999999965913, -0.18563798339839088 
20.35999999996589, -0.1850836277710904 
20.369999999965867, -0.18460312059890535 
20.379999999965843, -0.18417393018514652 
20.38999999996582, -0.18377755419219682 
20.399999999965797, -0.18339945998074797 
20.409999999965773, -0.18302799635444866 
20.41999999996575, -0.18265269175569168 
20.429999999965727, -0.18226197855894474 
20.439999999965703, -0.18183998260214795 
20.44999999996568, -0.1813616712896853 
20.459999999965657, -0.1807856646000356 
20.469999999965633, -0.18004534791083243 
20.47999999996561, -0.17904350639291472 
20.489999999965587, -0.17766429160222255 
20.499999999965564, -0.17582025286200462 
20.50999999996554, -0.1735280907163296 
20.519999999965517, -0.17095350657950054 
20.529999999965494, -0.16835948517811963 
20.53999999996547, -0.16598730535978634 
20.549999999965447, -0.16397229977468478 
20.559999999965424, -0.16234074410218993 
20.5699999999654, -0.16105255954619202 
20.579999999965377, -0.1600439744119016 
20.589999999965354, -0.15925278703285506 
20.59999999996533, -0.15862865834529807 
20.609999999965307, -0.15813528584236683 
20.619999999965284, -0.15774943636865604 
20.62999999996526, -0.1574594071546655 
20.639999999965237, -0.1572639793890976 
20.649999999965214, -0.15717214100620164 
20.65999999996519, -0.15720332296141173 
20.669999999965167, -0.15738714268752482 
20.679999999965144, -0.15776014236751923 
20.68999999996512, -0.15835434219432498 
20.699999999965097, -0.15916977419903075 
20.709999999965074, -0.16012732875827096 
20.71999999996505, -0.16102395353190974 
20.729999999965028, -0.16155785274095885 
20.739999999965004, -0.1614796230395536 
20.74999999996498, -0.16077262779101373 
20.759999999964958, -0.15966110040381626 
20.769999999964934, -0.158438418194291 
20.77999999996491, -0.15731231752190242 
20.789999999964888, -0.15637180185848165 
20.799999999964864, -0.15562661284963436 
20.80999999996484, -0.15505242787213847 
20.819999999964818, -0.15461819781061764 
20.829999999964794, -0.15429805469111724 
20.83999999996477, -0.154075078948664 
20.849999999964748, -0.153941951026743 
20.859999999964725, -0.15390098870114763 
20.8699999999647, -0.15396459986803973 
20.879999999964678, -0.15415642695731455 
20.889999999964655, -0.15451291427483127 
20.89999999996463, -0.15508423129985088 
20.909999999964608, -0.1559319831256735 
20.919999999964585, -0.15711877740407185 
20.92999999996456, -0.15868298722127314 
20.939999999964538, -0.16059671516016255 
20.949999999964515, -0.16272470748892182 
20.95999999996449, -0.16482927447975193 
20.969999999964468, -0.16665400113290513 
20.979999999964445, -0.16803887865990003 
20.98999999996442, -0.16896856805942415 
20.9999999999644, -0.1695280582066882 
21.009999999964375, -0.16982972078541625 
21.01999999996435, -0.16996821927849592 
21.02999999996433, -0.1700089063111107 
21.039999999964305, -0.16999281393739182 
21.04999999996428, -0.16994512279779225 
21.05999999996426, -0.16988210843629575 
21.069999999964235, -0.16981590913172265 
21.079999999964212, -0.16975774573619484 
21.08999999996419, -0.16972024432173843 
21.099999999964165, -0.16971917830791355 
21.109999999964142, -0.16977455113149725 
21.11999999996412, -0.1699105649728822 
21.129999999964095, -0.17015371917720123 
21.139999999964072, -0.17052815465017454 
21.14999999996405, -0.17104771429827978 
21.159999999964025, -0.17170571819036215 
21.169999999964002, -0.17246663523738606 
21.17999999996398, -0.1732667952309398 
21.189999999963955, -0.17402888694767882 
21.199999999963932, -0.17468507795077534 
21.20999999996391, -0.17519506924365358 
21.219999999963886, -0.17554938794494165 
21.229999999963862, -0.17576035660299827 
21.23999999996384, -0.17584974634452127 
21.249999999963816, -0.17583961447875834 
21.259999999963792, -0.17574778332739757 
21.26999999996377, -0.17558673040510175 
21.279999999963746, -0.17536439549135288 
21.289999999963722, -0.1750860369474343 
21.2999999999637, -0.17475678655616975 
21.309999999963676, -0.1743846029696016 
21.319999999963652, -0.1739829084946894 
21.32999999996363, -0.17357166991316597 
21.339999999963606, -0.17317575309040276 
21.349999999963583, -0.17282049635297736 
21.35999999996356, -0.17252599851701972 
21.369999999963536, -0.17230231139049149 
21.379999999963513, -0.17214713852614047 
21.38999999996349, -0.17204659506445813 
21.399999999963466, -0.17197874708160757 
21.409999999963443, -0.1719188510053686 
21.41999999996342, -0.1718444572933358 
21.429999999963396, -0.17173854146034767 
21.439999999963373, -0.17158990396305343 
21.44999999996335, -0.17139141877286151 
21.459999999963326, -0.17113731125872986 
21.469999999963303, -0.1708204135277594 
21.47999999996328, -0.17042986760413953 
21.489999999963256, -0.16994955998603326 
21.499999999963233, -0.16935787930724808 
21.50999999996321, -0.168630090170446 
21.519999999963186, -0.16774510747078553 
21.529999999963163, -0.166697280145148 
21.53999999996314, -0.16550947579244177 
21.549999999963116, -0.1642383001396423 
21.559999999963093, -0.1629631879804468 
21.56999999996307, -0.16176253086549883 
21.579999999963047, -0.16069135522674813 
21.589999999963023, -0.1597725941854695 
21.599999999963, -0.15900190412946386 
21.609999999962977, -0.15835842831925837 
21.619999999962953, -0.1578148663518007 
21.62999999996293, -0.15734418969547753 
21.639999999962907, -0.15692301055052338 
21.649999999962883, -0.1565325049469426 
21.65999999996286, -0.15615780629169163 
21.669999999962837, -0.15578651473940858 
21.679999999962813, -0.15540660513942306 
21.68999999996279, -0.15500362083747105 
21.699999999962767, -0.15455666638313892 
21.709999999962744, -0.15403252488028316 
21.71999999996272, -0.15337779625712467 
21.729999999962697, -0.15251167433748708 
21.739999999962674, -0.15132849441653684 
21.74999999996265, -0.1497265291983128 
21.759999999962627, -0.147671315299934 
21.769999999962604, -0.14526016821267404 
21.77999999996258, -0.14271699643127314 
21.789999999962557, -0.14029691337985892 
21.799999999962534, -0.13817978836981307 
21.80999999996251, -0.13643314138511226 
21.819999999962487, -0.1350399554183116 
21.829999999962464, -0.13394368293223047 
21.83999999996244, -0.1330805790971637 
21.849999999962417, -0.1323952666770012 
21.859999999962394, -0.131845508933141 
21.86999999996237, -0.13140206363252077 
21.879999999962347, -0.1310470282985186 
21.889999999962324, -0.13077219782838428 
21.8999999999623, -0.13057789444723097 
21.909999999962277, -0.13047207827788 
21.919999999962254, -0.13046883526373226 
21.92999999996223, -0.13058410017098837 
21.939999999962208, -0.13082441171162443 
21.949999999962184, -0.13116267222563058 
21.95999999996216, -0.1314990534359306 
21.969999999962138, -0.13162798431566175 
21.979999999962114, -0.13127284822879104 
21.98999999996209, -0.13023904052721266 
21.999999999962068, -0.12858776877917782 
22.009999999962044, -0.12662378298510144 
22.01999999996202, -0.12469357589079715 
22.029999999961998, -0.12301633590786132 
22.039999999961974, -0.12166196608341966 
22.04999999996195, -0.12060982510525645 
22.059999999961928, -0.11980667962915315 
22.069999999961905, -0.11919872634981102 
22.07999999996188, -0.11874374870197027 
22.089999999961858, -0.11841366125859923 
22.099999999961835, -0.11819384486280853 
22.10999999996181, -0.11808222144630472 
22.119999999961788, -0.11808918402079153 
22.129999999961765, -0.1182386402441622 
22.13999999996174, -0.11856981260800326 
22.149999999961718, -0.11913838646613398 
22.159999999961695, -0.12001333225405582 
22.16999999996167, -0.12126176317682813 
22.179999999961648, -0.12291082606676182 
22.189999999961625, -0.12488378545016351 
22.1999999999616, -0.12694535976137397 
22.20999999996158, -0.1287412912805929 
22.219999999961555, -0.1299716968299988 
22.22999999996153, -0.13056201210184493 
22.23999999996151, -0.13065511494898902 
22.249999999961485, -0.13046646946398116 
22.25999999996146, -0.1301672907807195 
22.26999999996144, -0.1298554160185236 
22.279999999961415, -0.12957437172886704 
22.289999999961392, -0.12933889282101466 
22.29999999996137, -0.12915221042813696 
22.309999999961345, -0.12901525509311332 
22.319999999961322, -0.12893114385432355 
22.3299999999613, -0.1289075695816504 
22.339999999961275, -0.12895853764258794 
22.349999999961252, -0.1291060622818265 
22.35999999996123, -0.1293818175647889 
22.369999999961205, -0.12982803356334652 
22.379999999961182, -0.13049582590004644 
22.38999999996116, -0.1314375491290703 
22.399999999961135, -0.132688646858751 
22.409999999961112, -0.13423746963022942 
22.41999999996109, -0.1359941057477369 
22.429999999961066, -0.1377875204762176 
22.439999999961042, -0.1394163596896283 
22.44999999996102, -0.14073088224930536 
22.459999999960996, -0.14168212752799234 
22.469999999960972, -0.14230716137885388 
22.47999999996095, -0.14268148720660961 
22.489999999960926, -0.14288046007098715 
22.499999999960902, -0.14296288827635062 
22.50999999996088, -0.1429696601259417 
22.519999999960856, -0.14292804964208158 
22.529999999960832, -0.14285670249223775 
22.53999999996081, -0.14276975538795025 
22.549999999960786, -0.14268001502994618 
22.559999999960763, -0.14260143350563384 
22.56999999996074, -0.14255094932231513 
22.579999999960716, -0.14254945700788685 
22.589999999960693, -0.14262140132780451 
22.59999999996067, -0.14279236691624997 
22.609999999960646, -0.14308411425670198 
22.619999999960623, -0.14350701685825062 
22.6299999999606, -0.1440513423401743 
22.639999999960576, -0.14468147818518362 
22.649999999960553, -0.14533894878750536 
22.65999999996053, -0.14595672363406276 
22.669999999960506, -0.14647874699588945 
22.679999999960483, -0.14687331082693678 
22.68999999996046, -0.14713396999720507 
22.699999999960436, -0.1472713169261761 
22.709999999960413, -0.14730292917757815 
22.71999999996039, -0.14724619864367183 
22.729999999960366, -0.1471149047894715 
22.739999999960343, -0.1469185405324383 
22.74999999996032, -0.14666330158018012 
22.759999999960296, -0.14635411995889697 
22.769999999960273, -0.14599740112561393 
22.77999999996025, -0.1456039424593731 
22.789999999960227, -0.1451909887195429 
22.799999999960203, -0.1447820707561178 
22.80999999996018, -0.14440387648577074 
22.819999999960157, -0.14408089359881263 
22.829999999960133, -0.1438298112104938 
22.83999999996011, -0.14365564160438707 
22.849999999960087, -0.14355059427434605 
22.859999999960063, -0.14349591021698044 
22.86999999996004, -0.14346625657282638 
22.879999999960017, -0.143435415649707 
22.889999999959993, -0.1433812214200177 
22.89999999995997, -0.14328798783095317 
22.909999999959947, -0.14314607116667571 
22.919999999959924, -0.1429495354027311 
22.9299999999599, -0.14269324096758515 
22.939999999959877, -0.1423702665898715 
22.949999999959854, -0.1419701123955926 
22.95999999995983, -0.14147806966208043 
22.969999999959807, -0.14087650242009042 
22.979999999959784, -0.14014919036729057 
22.98999999995976, -0.1392894255093998 
22.999999999959737, -0.1383100999033021 
23.009999999959714, -0.13725005536730833 
23.01999999995969, -0.13616973036430663 
23.029999999959667, -0.13513519876645502 
23.039999999959644, -0.13419915019085532 
23.04999999995962, -0.1333895719138879 
23.059999999959597, -0.1327096595155942 
23.069999999959574, -0.13214489129836987 
23.07999999995955, -0.1316716287914536 
23.089999999959527, -0.13126397876585003 
23.099999999959504, -0.13089802590334004 
23.10999999995948, -0.13055366186490197 
23.119999999959457, -0.1302145706093174 
23.129999999959434, -0.12986696129035408 
23.13999999995941, -0.12949749673529481 
23.149999999959388, -0.12909060020021057 
23.159999999959364, -0.1286250673706071 
23.16999999995934, -0.128069898167944 
23.179999999959318, -0.1273799236861064 
23.189999999959294, -0.12649383061208555 
23.19999999995927, -0.12534081724673835 
23.209999999959248, -0.12386433879620265 
23.219999999959224, -0.12206313020448814 
23.2299999999592, -0.12002561720270347 
23.239999999959178, -0.11791852000182892 
23.249999999959154, -0.11592330542232399 
23.25999999995913, -0.11416821645326032 
23.269999999959108, -0.1127031632963736 
23.279999999959085, -0.1115165632661381 
23.28999999995906, -0.1105656187314032 
23.299999999959038, -0.10979981987394005 
23.309999999959015, -0.10917333947364397 
23.31999999995899, -0.10864945026677471 
23.329999999958968, -0.10820079252673309 
23.339999999958945, -0.10780794542039684 
23.34999999995892, -0.10745746391102748 
23.359999999958898, -0.10713968305080919 
23.369999999958875, -0.10684596114267128 
23.37999999995885, -0.10656438559419605 
23.389999999958828, -0.10627220415686897 
23.399999999958805, -0.10592286544450039 
23.40999999995878, -0.1054278006140833 
23.41999999995876, -0.10464296272879488 
23.429999999958735, -0.10338951809342874 
23.43999999995871, -0.10154245375455084 
23.44999999995869, -0.09915606801355673 
23.459999999958665, -0.09649648287799492 
23.46999999995864, -0.09390881864299347 
23.47999999995862, -0.09164458219368068 
23.489999999958595, -0.08979899610414724 
23.499999999958572, -0.08835274356793975 
23.50999999995855, -0.08723698347211464 
23.519999999958525, -0.08637646640589734 
23.529999999958502, -0.08570811095347838 
23.53999999995848, -0.08518551568222635 
23.549999999958455, -0.08477786710721508 
23.559999999958432, -0.08446755137012965 
23.56999999995841, -0.08424813357367654 
23.579999999958385, -0.08412305383852192 
23.589999999958362, -0.08410460596787382 
23.59999999995834, -0.08421180595988673 
23.609999999958315, -0.08446398199314606 
23.619999999958292, -0.0848641041196693 
23.62999999995827, -0.08536440170539009 
23.639999999958246, -0.0858168745725719 
23.649999999958222, -0.08594951834730023 
23.6599999999582, -0.0854539544236516 
23.669999999958176, -0.08419989798794977 
23.679999999958152, -0.08237735428714386 
23.68999999995813, -0.08037082902187345 
23.699999999958106, -0.07851122830627742 
23.709999999958082, -0.07695828866927476 
23.71999999995806, -0.0757332685193919 
23.729999999958036, -0.0747922400019822 
23.739999999958012, -0.07407662732839941 
23.74999999995799, -0.07353572480793363 
23.759999999957966, -0.07313323407437973 
23.769999999957943, -0.0728475112764628 
23.77999999995792, -0.07267040041543057 
23.789999999957896, -0.07260659247992948 
23.799999999957873, -0.07267406375294357 
23.80999999995785, -0.07290534192734381 
23.819999999957826, -0.07334824524856355 
23.829999999957803, -0.07406237849402679 
23.83999999995778, -0.0751032593216015 
23.849999999957756, -0.0764815083001246 
23.859999999957733, -0.07809245110417051 
23.86999999995771, -0.07965651361971596 
23.879999999957686, -0.08077731035629387 
23.889999999957663, -0.08116755405295681 
23.89999999995764, -0.08084933744994852 
23.909999999957616, -0.08009385654249766 
23.919999999957593, -0.07920046496338129 
23.92999999995757, -0.0783594989131079 
23.939999999957546, -0.07764828586406071 
23.949999999957523, -0.07707830278685894 
23.9599999999575, -0.07663532953926086 
23.969999999957476, -0.07630103094131625 
23.979999999957453, -0.07606198745145014 
23.98999999995743, -0.07591290958325866 
23.999999999957407, -0.0758579736374562 
24.009999999957383, -0.07591211951776614 
24.01999999995736, -0.07610300322168673 
24.029999999957337, -0.07647350262575058 
24.039999999957313, -0.07708352520838682 
24.04999999995729, -0.07800751765942043 
24.059999999957267, -0.07931995547965638 
24.069999999957243, -0.08105745315556638 
24.07999999995722, -0.08315409534149247 
24.089999999957197, -0.08538459357852121 
24.099999999957173, -0.0873994962985127 
24.10999999995715, -0.08889134365227834 
24.119999999957127, -0.08976117208067498 
24.129999999957104, -0.09011893799320007 
24.13999999995708, -0.09015485487912542 
24.149999999957057, -0.09003077034954399 
24.159999999957034, -0.08984781993285859 
24.16999999995701, -0.08965858287953858 
24.179999999956987, -0.08948769384544131 
24.189999999956964, -0.0893470467512303 
24.19999999995694, -0.0892446645344232 
24.209999999956917, -0.08918961200695177 
24.219999999956894, -0.0891950460275712 
24.22999999995687, -0.08928062966378113 
24.239999999956847, -0.08947480869961981 
24.249999999956824, -0.08981677102539548 
24.2599999999568, -0.090356960700256 
24.269999999956777, -0.09115344499129562 
24.279999999956754, -0.09225936699354939 
24.28999999995673, -0.09369637822362747 
24.299999999956707, -0.09541652756299589 
24.309999999956684, -0.09727563022864953 
24.31999999995666, -0.09905767101179584 
24.329999999956637, -0.1005595470425634 
24.339999999956614, -0.10167627219440041 
24.34999999995659, -0.10241720610643075 
24.359999999956568, -0.10285923803605683 
24.369999999956544, -0.10309238914117594 
24.37999999995652, -0.1031906772440857 
24.389999999956498, -0.10320605259142057 
24.399999999956474, -0.10317271921465691 
24.40999999995645, -0.10311347563246409 
24.419999999956428, -0.103045063989422 
24.429999999956404, -0.10298215704673701 
24.43999999995638, -0.10294034926435076 
24.449999999956358, -0.1029384574073976 
24.459999999956334, -0.10300012135160723 
24.46999999995631, -0.10315431158677953 
24.479999999956288, -0.10343392969383866 
24.489999999956265, -0.10387125571916607 
24.49999999995624, -0.10448888676039625 
24.509999999956218, -0.10528617810093795 
24.519999999956195, -0.10622558912205868 
24.52999999995617, -0.10722934121833813 
24.539999999956148, -0.10819630391829749 
24.549999999956125, -0.10903484516781041 
24.5599999999561, -0.10969099001982643 
24.569999999956078, -0.11015456133654311 
24.579999999956055, -0.11044590840419717 
24.58999999995603, -0.11059772008691952 
24.599999999956008, -0.11064226449250776 
24.609999999955985, -0.11060584797417475 
24.61999999995596, -0.11050808728619788 
24.62999999995594, -0.11036344586118903 
24.639999999955915, -0.11018358223974527 
24.64999999995589, -0.109979882957147 
24.65999999995587, -0.1097658151517787 
24.669999999955845, -0.10955861689762281 
24.67999999995582, -0.10937967522164846 
24.6899999999558, -0.10925305077722489 
24.699999999955775, -0.10920207042791934 
24.709999999955752, -0.10924444695861953 
24.71999999995573, -0.10938678413102461 
24.729999999955705, -0.10961987549013978 
24.739999999955682, -0.10991710413469277 
24.74999999995566, -0.11023838653863031 
24.759999999955635, -0.1105397151337065 
24.769999999955612, -0.11078426327361182 
24.77999999995559, -0.11094939136332642 
24.789999999955565, -0.11102696806587412 
24.799999999955542, -0.11101890889142249 
24.80999999995552, -0.1109315693074879 
24.819999999955495, -0.11077146766160328 
24.829999999955472, -0.11054305725558362 
24.83999999995545, -0.11024835204935506 
24.849999999955426, -0.10988810378947918 
24.859999999955402, -0.10946433892926737 
24.86999999995538, -0.10898386106323643 
24.879999999955356, -0.10846160221511855 
24.889999999955332, -0.10792190027503859 
24.89999999995531, -0.10739598895310007 
24.909999999955286, -0.10691586324720108 
24.919999999955262, -0.10650700245487003 
24.92999999995524, -0.10618299645442839 
24.939999999955216, -0.10594359977792037 
24.949999999955192, -0.10577599997118685 
24.95999999995517, -0.10565843584735893 
24.969999999955146, -0.10556518872456702 
24.979999999955123, -0.10547162072439056 
24.9899999999551, -0.105357716962506 
24.999999999955076, -0.10520919085010216 
