t, s[1].omega / s[0].omega 
0, -2.4499962436797698 
0.009999999999999995, -2.4493971194052553 
0.019999999999999934, -2.4483052286426417 
0.029999999999999874, -2.446624280951979 
0.04000000000000012, -2.44451804305217 
0.050000000000000405, -2.4429299510491047 
0.06000000000000069, -2.4426672611244316 
0.07000000000000098, -2.4429934676485745 
0.08000000000000126, -2.4431141970727768 
0.09000000000000155, -2.4429035919804973 
0.10000000000000184, -2.4424450163810754 
0.11000000000000212, -2.4418857709785264 
0.12000000000000241, -2.4414740080772006 
0.130000000000002, -2.441358552484828 
0.1400000000000009, -2.441401787231394 
0.1499999999999998, -2.4414028064357525 
0.1599999999999987, -2.441227742981772 
0.1699999999999976, -2.440762529622008 
0.1799999999999965, -2.439829414175395 
0.1899999999999954, -2.4380806866668943 
0.1999999999999943, -2.4350978267741756 
0.2099999999999932, -2.4316475418241064 
0.2199999999999921, -2.4308920333985498 
0.229999999999991, -2.433042804763676 
0.2399999999999899, -2.4349931087212777 
0.2499999999999888, -2.4358465281590607 
0.2599999999999877, -2.4359593632621266 
0.2699999999999866, -2.4356553801286256 
0.2799999999999855, -2.435113649345459 
0.2899999999999844, -2.4344676578269113 
0.2999999999999833, -2.4338490551921703 
0.3099999999999822, -2.43338427992872 
0.3199999999999811, -2.4331142982089107 
0.32999999999998, -2.4328965237303075 
0.3399999999999789, -2.4325367617300797 
0.3499999999999778, -2.431884881155305 
0.35999999999997667, -2.4307973116015833 
0.36999999999997557, -2.429361880475106 
0.37999999999997447, -2.428657412891358 
0.38999999999997337, -2.429877522228762 
0.39999999999997227, -2.4318694190820085 
0.40999999999997117, -2.4332342446184594 
0.41999999999997006, -2.4338012078999345 
0.42999999999996896, -2.4337797659742706 
0.43999999999996786, -2.4333133164683773 
0.44999999999996676, -2.432438433181514 
0.45999999999996566, -2.4311489020074553 
0.46999999999996456, -2.429587436429477 
0.47999999999996346, -2.428334039959661 
0.48999999999996235, -2.427934039982697 
0.49999999999996125, -2.4280041670483294 
0.5099999999999602, -2.427973185576049 
0.519999999999959, -2.427680216062328 
0.529999999999958, -2.4271514077637306 
0.5399999999999568, -2.4265238602483827 
0.5499999999999557, -2.426128190675636 
0.5599999999999546, -2.426195873696188 
0.5699999999999535, -2.42649105778416 
0.5799999999999524, -2.426687642407733 
0.5899999999999513, -2.426636621390057 
0.5999999999999502, -2.4262619884496983 
0.6099999999999491, -2.4254416306117053 
0.619999999999948, -2.4239142938777363 
0.6299999999999469, -2.421294383222587 
0.6399999999999458, -2.4177716083049705 
0.6499999999999447, -2.4155819486136005 
0.6599999999999436, -2.416324943006283 
0.6699999999999425, -2.4178249353519066 
0.6799999999999414, -2.4186066867454405 
0.6899999999999403, -2.4187253073007935 
0.6999999999999392, -2.418448928825819 
0.7099999999999381, -2.4179572664844113 
0.719999999999937, -2.4174043708807655 
0.7299999999999359, -2.41692779748252 
0.7399999999999348, -2.4165905863114916 
0.7499999999999337, -2.4163738683502722 
0.7599999999999326, -2.416164703392938 
0.7699999999999315, -2.415805081951278 
0.7799999999999304, -2.4151346708868684 
0.7899999999999293, -2.413930396066603 
0.7999999999999282, -2.4119949749574703 
0.8099999999999271, -2.4100813945215522 
0.819999999999926, -2.410497733095365 
0.8299999999999249, -2.413105585011769 
0.8399999999999238, -2.415364100500405 
0.8499999999999227, -2.4164904497179793 
0.8599999999999216, -2.416788544294951 
0.8699999999999205, -2.4165671109984848 
0.8799999999999194, -2.415981721390918 
0.8899999999999183, -2.415106374331041 
0.8999999999999172, -2.41403986293426 
0.9099999999999161, -2.4130487143730064 
0.919999999999915, -2.4124961840857306 
0.9299999999999139, -2.412343739237694 
0.9399999999999128, -2.4122171377586037 
0.9499999999999117, -2.411893764606412 
0.9599999999999106, -2.4113133336880086 
0.9699999999999095, -2.410526055647081 
0.9799999999999084, -2.409897417222745 
0.9899999999999073, -2.4100116447762447 
0.9999999999999062, -2.41074169489092 
1.0099999999999052, -2.411426162520921 
1.019999999999904, -2.4117457386806604 
1.029999999999903, -2.411665284750533 
1.039999999999902, -2.4111763267530955 
1.0499999999999008, -2.4101902199853162 
1.0599999999998997, -2.408512494847494 
1.0699999999998986, -2.406012658223603 
1.0799999999998975, -2.403364694013743 
1.0899999999998964, -2.4022609163894932 
1.0999999999998953, -2.4027569361009706 
1.1099999999998942, -2.4033665305759446 
1.119999999999893, -2.403523567987331 
1.129999999999892, -2.4033034620547893 
1.1399999999998909, -2.402849584809731 
1.1499999999998898, -2.402323084034757 
1.1599999999998887, -2.4019201147127105 
1.1699999999998876, -2.4017207824549023 
1.1799999999998865, -2.401635110464329 
1.1899999999998854, -2.4015310245434707 
1.1999999999998843, -2.4012801551876994 
1.2099999999998832, -2.400748483751998 
1.219999999999882, -2.399731494673646 
1.229999999999881, -2.3978648532255855 
1.2399999999998799, -2.3948841424688045 
1.2499999999998788, -2.3921741260906977 
1.2599999999998777, -2.392751912217576 
1.2699999999998766, -2.3954941972076154 
1.2799999999998755, -2.3975126872326937 
1.2899999999998744, -2.3983658021234886 
1.2999999999998733, -2.3984804648505156 
1.3099999999998722, -2.3981708149359195 
1.319999999999871, -2.3976020373454796 
1.32999999999987, -2.39689124761908 
1.3399999999998689, -2.396171330640948 
1.3499999999998678, -2.3956126354342815 
1.3599999999998666, -2.395308082120643 
1.3699999999998655, -2.395114255536728 
1.3799999999998644, -2.394811825568131 
1.3899999999998633, -2.3942561090330106 
1.3999999999998622, -2.3933390326736683 
1.4099999999998611, -2.392124962180044 
1.41999999999986, -2.3914058832799223 
1.429999999999859, -2.392234397672559 
1.4399999999998578, -2.393921137143345 
1.4499999999998567, -2.39521635257925 
1.4599999999998556, -2.3958192543335968 
1.4699999999998545, -2.395859030049586 
1.4799999999998534, -2.3954530907407516 
1.4899999999998523, -2.3946261777747866 
1.4999999999998512, -2.3933428804130736 
1.5099999999998501, -2.3916586288561392 
1.519999999999849, -2.390067916004349 
1.529999999999848, -2.3893550501932888 
1.5399999999998468, -2.389410814235782 
1.5499999999998457, -2.3895155346234898 
1.5599999999998446, -2.389362470033557 
1.5699999999998435, -2.3889491648970758 
1.5799999999998424, -2.388362873196232 
1.5899999999998413, -2.387833180893455 
1.5999999999998402, -2.3876681719851653 
1.6099999999998391, -2.38785023188003 
1.619999999999838, -2.3880766537626457 
1.629999999999837, -2.3881345782665124 
1.6399999999998358, -2.387926030200556 
1.6499999999998347, -2.387359187997487 
1.6599999999998336, -2.3862536338375824 
1.6699999999998325, -2.384270269533073 
1.6799999999998314, -2.381113176513611 
1.6899999999998303, -2.377736001033157 
1.6999999999998292, -2.3768153522648134 
1.709999999999828, -2.3782355509989843 
1.719999999999827, -2.3795704412267966 
1.729999999999826, -2.3801103079641828 
1.7399999999998248, -2.380085205591942 
1.7499999999998237, -2.379732459189189 
1.7599999999998226, -2.379211792749164 
1.7699999999998215, -2.3786736857220725 
1.7799999999998204, -2.378237794369999 
1.7899999999998193, -2.377943855160584 
1.7999999999998182, -2.3777498210585764 
1.809999999999817, -2.3775278601672194 
1.819999999999816, -2.3771249691996137 
1.8299999999998149, -2.3763782713153434 
1.8399999999998138, -2.3750484093957076 
1.8499999999998127, -2.372967227837945 
1.8599999999998116, -2.3710757788772474 
1.8699999999998105, -2.371724448567769 
1.8799999999998094, -2.374449862477505 
1.8899999999998083, -2.3767129152175634 
1.8999999999998072, -2.3778315498211837 
1.909999999999806, -2.3781302196612675 
1.919999999999805, -2.3779197619753996 
1.9299999999998039, -2.3773609019433493 
1.9399999999998028, -2.376537167702614 
1.9499999999998017, -2.3755499886220868 
1.9599999999998006, -2.374630659124943 
1.9699999999997995, -2.374087056477694 
1.9799999999997984, -2.3739050670294506 
1.9899999999997973, -2.373762694437137 
1.9999999999997962, -2.3734400253390904 
2.0099999999998173, -2.3728577529445998 
2.0199999999998384, -2.3720271245466047 
2.0299999999998595, -2.371264628500603 
2.0399999999998806, -2.3712692174046746 
2.0499999999999017, -2.37212162128803 
2.059999999999923, -2.373059472600974 
2.069999999999944, -2.3736060264520407 
2.079999999999965, -2.3737044353816192 
2.089999999999986, -2.3733874768131846 
2.100000000000007, -2.372632262490505 
2.1100000000000283, -2.3713279855565674 
2.1200000000000494, -2.3693475696902278 
2.1300000000000705, -2.3669463843423206 
2.1400000000000916, -2.365290140906308 
2.1500000000001127, -2.365163858173966 
2.160000000000134, -2.3656302677878385 
2.170000000000155, -2.365845456754113 
2.180000000000176, -2.365701109838425 
2.190000000000197, -2.365294184022619 
2.2000000000002182, -2.3647575369619145 
2.2100000000002393, -2.36430378251395 
2.2200000000002604, -2.364109057748595 
2.2300000000002815, -2.3641099226737916 
2.2400000000003026, -2.3641265415920687 
2.2500000000003237, -2.3640180790825664 
2.260000000000345, -2.3636736573719066 
2.270000000000366, -2.362954946268325 
2.280000000000387, -2.36160446397714 
2.290000000000408, -2.3592030449716637 
2.3000000000004293, -2.3557000751013497 
2.3100000000004504, -2.3531220449017125 
2.3200000000004715, -2.3539669622957797 
2.3300000000004926, -2.3562639396577643 
2.3400000000005137, -2.357743284464949 
2.3500000000005348, -2.358272629223756 
2.360000000000556, -2.358223707901973 
2.370000000000577, -2.357844506381259 
2.380000000000598, -2.357284814655153 
2.390000000000619, -2.356675539133656 
2.4000000000006403, -2.3561375971834635 
2.4100000000006614, -2.3557599139143988 
2.4200000000006825, -2.3555326969242296 
2.4300000000007036, -2.355309143651591 
2.4400000000007247, -2.3549201369653567 
2.450000000000746, -2.354216424959696 
2.460000000000767, -2.3530208755194835 
2.470000000000788, -2.3513350442728056 
2.480000000000809, -2.3502053269433065 
2.49000000000083, -2.3512900144724935 
2.5000000000008513, -2.353699245708693 
2.5100000000008724, -2.3555616043796643 
2.5200000000008935, -2.3564709299653854 
2.5300000000009146, -2.356677208055858 
2.5400000000009357, -2.3564076024359872 
2.550000000000957, -2.355772625740731 
2.560000000000978, -2.3548190778333975 
2.570000000000999, -2.353631004518461 
2.58000000000102, -2.352494100763727 
2.5900000000010412, -2.351843936069417 
2.6000000000010624, -2.351694381552756 
2.6100000000010835, -2.351631354389699 
2.6200000000011046, -2.351388354473948 
2.6300000000011257, -2.3508998188300874 
2.6400000000011468, -2.3501931169332737 
2.650000000001168, -2.349511014222368 
2.660000000001189, -2.3493743468946016 
2.67000000000121, -2.34991196455181 
2.680000000001231, -2.350596888345907 
2.6900000000012523, -2.351017328035172 
2.7000000000012734, -2.3510722393297425 
2.7100000000012945, -2.3507492049407936 
2.7200000000013156, -2.349992562510135 
2.7300000000013367, -2.3486524230097094 
2.740000000001358, -2.346526808942579 
2.750000000001379, -2.3437633587128666 
2.7600000000014, -2.341634308045527 
2.770000000001421, -2.3413863704545723 
2.780000000001442, -2.342069137335213 
2.7900000000014633, -2.342509427597234 
2.8000000000014844, -2.3425128512033635 
2.8100000000015055, -2.3422010338472266 
2.8200000000015266, -2.341707762898699 
2.8300000000015477, -2.341206091647069 
2.840000000001569, -2.340881162226878 
2.85000000000159, -2.3407595179241794 
2.860000000001611, -2.3407194927237356 
2.870000000001632, -2.340625657360383 
2.8800000000016532, -2.340357584645722 
2.8900000000016743, -2.3397869576206283 
2.9000000000016954, -2.3387053094031844 
2.9100000000017165, -2.3367432571271203 
2.9200000000017377, -2.3336187622395377 
2.9300000000017588, -2.3305632056552783 
2.94000000000178, -2.3305654144507844 
2.950000000001801, -2.3330272502473393 
2.960000000001822, -2.3350637137040895 
2.970000000001843, -2.3359908672591567 
2.9800000000018643, -2.3361699793264123 
2.9900000000018854, -2.335919954495494 
3.0000000000019065, -2.3354182010703557 
3.0100000000019276, -2.3347908920229288 
3.0200000000019487, -2.3341626512192875 
3.03000000000197, -2.33365635146261 
3.040000000001991, -2.333344742365847 
3.050000000002012, -2.3331443435260484 
3.060000000002033, -2.3328720813059016 
3.070000000002054, -2.3323740775099635 
3.0800000000020753, -2.3315044199367203 
3.0900000000020964, -2.330137946517252 
3.1000000000021175, -2.3286409833350943 
3.1100000000021386, -2.3285033556242416 
3.1200000000021597, -2.3303621258418055 
3.130000000002181, -2.3325404448924227 
3.140000000002202, -2.333902448026108 
3.150000000002223, -2.3344513098651953 
3.160000000002244, -2.3344295293722235 
3.1700000000022652, -2.3339937878598214 
3.1800000000022863, -2.3332081487752996 
3.1900000000023074, -2.3321087516761025 
3.2000000000023285, -2.330833595123324 
3.2100000000023496, -2.3297794444293434 
3.2200000000023707, -2.329326171961017 
3.230000000002392, -2.32927050131354 
3.240000000002413, -2.329184194453556 
3.250000000002434, -2.328882049799623 
3.260000000002455, -2.328335483088777 
3.2700000000024763, -2.3276136291544183 
3.2800000000024974, -2.327041575168536 
3.2900000000025185, -2.327097903072617 
3.3000000000025396, -2.327703648575381 
3.3100000000025607, -2.3283218879679297 
3.3200000000025818, -2.328644890806134 
3.330000000002603, -2.328609536431829 
3.340000000002624, -2.3281969262537525 
3.350000000002645, -2.3273316229830057 
3.360000000002666, -2.3258446092832026 
3.3700000000026873, -2.3235549719241564 
3.3800000000027084, -2.320769620869607 
3.3900000000027295, -2.3189238623694903 
3.4000000000027506, -2.3189328550159383 
3.4100000000027717, -2.31962231378071 
3.420000000002793, -2.3199957485200327 
3.430000000002814, -2.319949291466682 
3.440000000002835, -2.319608471355021 
3.450000000002856, -2.319105261464346 
3.460000000002877, -2.318617965620672 
3.4700000000028983, -2.3183244053571714 
3.4800000000029194, -2.318230973725353 
3.4900000000029405, -2.3182065546260637 
3.5000000000029616, -2.3181158261161032 
3.5100000000029827, -2.3178417392378594 
3.520000000003004, -2.3172580890604695 
3.530000000003025, -2.3161562226281442 
3.540000000003046, -2.314168242962371 
3.550000000003067, -2.3110074753890095 
3.5600000000030882, -2.307833384633908 
3.5700000000031094, -2.307591886801924 
3.5800000000031305, -2.3099044068437964 
3.5900000000031516, -2.311926817331961 
3.6000000000031727, -2.312876059165642 
3.6100000000031938, -2.3130776641238286 
3.620000000003215, -2.312848345629283 
3.630000000003236, -2.312368451721997 
3.640000000003257, -2.3117669247981585 
3.650000000003278, -2.311168387717805 
3.6600000000032993, -2.3106843376180453 
3.6700000000033204, -2.3103772789976382 
3.6800000000033415, -2.310178187908113 
3.6900000000033626, -2.3099187234344187 
3.7000000000033837, -2.3094456693434644 
3.710000000003405, -2.308607516557425 
3.720000000003426, -2.3072338006975923 
3.730000000003447, -2.305503085256899 
3.740000000003468, -2.304809708701886 
3.750000000003489, -2.306430286727906 
3.7600000000035103, -2.3089032503748683 
3.7700000000035314, -2.3106270646308316 
3.7800000000035525, -2.3114222488550182 
3.7900000000035736, -2.311561496478073 
3.8000000000035947, -2.311255887698597 
3.810000000003616, -2.310609094520852 
3.820000000003637, -2.3096751626004823 
3.830000000003658, -2.308552706523993 
3.840000000003679, -2.307515865355418 
3.8500000000037002, -2.306929335126294 
3.8600000000037213, -2.306773185944243 
3.8700000000037424, -2.3066826722111697 
3.8800000000037635, -2.3064196884135053 
3.8900000000037847, -2.305912153311695 
3.9000000000038058, -2.305168006824584 
3.910000000003827, -2.3044125182596336 
3.920000000003848, -2.304224156503547 
3.930000000003869, -2.304857053351174 
3.94000000000389, -2.3057477183009762 
3.9500000000039113, -2.306366179734588 
3.9600000000039324, -2.306577345325791 
3.9700000000039535, -2.3063929685660067 
3.9800000000039746, -2.3058048727856657 
3.9900000000039957, -2.304732485210217 
4.000000000004016, -2.3030386294909095 
4.010000000003993, -2.300734628296306 
4.02000000000397, -2.2985282190954286 
4.030000000003946, -2.29763340611418 
4.040000000003923, -2.297923574048344 
4.0500000000039, -2.2983200352699873 
4.0600000000038765, -2.2983803051602347 
4.070000000003853, -2.2981258307152896 
4.08000000000383, -2.2976563459287354 
4.090000000003807, -2.297120812129619 
4.100000000003783, -2.296748854165251 
4.11000000000376, -2.2966650921939804 
4.120000000003737, -2.296743571035098 
4.130000000003713, -2.296794796546472 
4.14000000000369, -2.2966889739986764 
4.150000000003667, -2.296326936467118 
4.1600000000036434, -2.295577400241411 
4.17000000000362, -2.2941948617613916 
4.180000000003597, -2.291791528084787 
4.1900000000035735, -2.2882819944374004 
4.20000000000355, -2.2853232787880016 
4.210000000003527, -2.2854014738967834 
4.220000000003504, -2.287295400007597 
4.23000000000348, -2.288726395065203 
4.240000000003457, -2.2892993864621864 
4.250000000003434, -2.2893030081395955 
4.26000000000341, -2.2889758052806064 
4.270000000003387, -2.2884701926464426 
4.280000000003364, -2.2879242842571834 
4.2900000000033405, -2.287459052462485 
4.300000000003317, -2.287132978171397 
4.310000000003294, -2.2869288723963246 
4.320000000003271, -2.286740350140394 
4.330000000003247, -2.2864211491328263 
4.340000000003224, -2.2858270227673545 
4.350000000003201, -2.2847615777967776 
4.360000000003177, -2.2829686595513414 
4.370000000003154, -2.2806425928016303 
4.380000000003131, -2.2796067123701707 
4.390000000003107, -2.2814807676254305 
4.400000000003084, -2.284334989319718 
4.410000000003061, -2.286249986653728 
4.4200000000030375, -2.287103154498066 
4.430000000003014, -2.287259547319282 
4.440000000002991, -2.2869819996508705 
4.450000000002968, -2.286409004178684 
4.460000000002944, -2.2856300247087953 
4.470000000002921, -2.2847590674422027 
4.480000000002898, -2.2839951395996274 
4.490000000002874, -2.2835439861670777 
4.500000000002851, -2.28335634585508 
4.510000000002828, -2.2831793973381176 
4.520000000002804, -2.2828285764167293 
4.530000000002781, -2.282207350783825 
4.540000000002758, -2.281270864639729 
4.5500000000027345, -2.280251793456162 
4.560000000002711, -2.2799944337818108 
4.570000000002688, -2.2810355820326422 
4.580000000002665, -2.2825365415244634 
4.590000000002641, -2.2836249552794516 
4.600000000002618, -2.2841256023349996 
4.610000000002595, -2.2841320456181626 
4.620000000002571, -2.2837262764633226 
4.630000000002548, -2.282922044876109 
4.640000000002525, -2.2816875127186567 
4.6500000000025015, -2.280057978732924 
4.660000000002478, -2.2784080655075867 
4.670000000002455, -2.277460526985627 
4.6800000000024315, -2.277359956908593 
4.690000000002408, -2.2774905299105384 
4.700000000002385, -2.2774342752831087 
4.710000000002362, -2.277120562232561 
4.720000000002338, -2.2765888847921762 
4.730000000002315, -2.2759725339385493 
4.740000000002292, -2.2755840774099427 
4.750000000002268, -2.2756727079159815 
4.760000000002245, -2.276052576570238 
4.770000000002222, -2.276382171364644 
4.7800000000021985, -2.276483002474209 
4.790000000002175, -2.2762872749446883 
4.800000000002152, -2.275728292697868 
4.810000000002129, -2.274668247282289 
4.820000000002105, -2.272862776131738 
4.830000000002082, -2.270104721411785 
4.840000000002059, -2.266948189792295 
4.850000000002035, -2.265264280636403 
4.860000000002012, -2.265721178081417 
4.870000000001989, -2.266700312038726 
4.880000000001965, -2.2672106559128355 
4.890000000001942, -2.267235115168295 
4.900000000001919, -2.2669400552425243 
4.9100000000018955, -2.266464946525413 
4.920000000001872, -2.265966703068844 
4.930000000001849, -2.2656077123511467 
4.940000000001826, -2.265430914447637 
4.950000000001802, -2.265353461978493 
4.960000000001779, -2.2652577111536796 
4.970000000001756, -2.265024034584465 
4.980000000001732, -2.26453017044537 
4.990000000001709, -2.2635992918521564 
5.000000000001686, -2.26191849323347 
5.0100000000016625, -2.2591359492688503 
5.020000000001639, -2.2558222919547957 
5.030000000001616, -2.2546367581552875 
5.0400000000015925, -2.2566161483144853 
5.050000000001569, -2.2590695367703613 
5.060000000001546, -2.260475919097855 
5.070000000001523, -2.2609709671112466 
5.080000000001499, -2.2609199346084354 
5.090000000001476, -2.2605489824358442 
5.100000000001453, -2.259995061984287 
5.110000000001429, -2.2593784516046664 
5.120000000001406, -2.25881733103238 
5.130000000001383, -2.2584087825791794 
5.1400000000013595, -2.25816771135451 
5.150000000001336, -2.2579725996159703 
5.160000000001313, -2.2576583365946936 
5.17000000000129, -2.257085220302611 
5.180000000001266, -2.256091250285162 
5.190000000001243, -2.2545283495969652 
5.20000000000122, -2.252797231428846 
5.210000000001196, -2.252551831645346 
5.220000000001173, -2.2545939575800285 
5.23000000000115, -2.2571129851606253 
5.240000000001126, -2.258757301587816 
5.250000000001103, -2.259489847264839 
5.26000000000108, -2.259596592324266 
5.2700000000010565, -2.259282544774563 
5.280000000001033, -2.2586531529325695 
5.29000000000101, -2.257773368636573 
5.300000000000987, -2.2567483530557935 
5.310000000000963, -2.2558171988473785 
5.32000000000094, -2.255271205717346 
5.330000000000917, -2.2550912666268994 
5.340000000000893, -2.2549736123446884 
5.35000000000087, -2.2546989644195174 
5.360000000000847, -2.254180875156102 
5.3700000000008234, -2.253394155808416 
5.3800000000008, -2.2525078828797582 
5.390000000000777, -2.2521428632396026 
5.4000000000007535, -2.2528154743536093 
5.41000000000073, -2.254007847821209 
5.420000000000707, -2.254966584392932 
5.430000000000684, -2.2554475127951634 
5.44000000000066, -2.2554794087598315 
5.450000000000637, -2.2551115977913563 
5.460000000000614, -2.254338444289182 
5.47000000000059, -2.2531003390682125 
5.480000000000567, -2.251368217370806 
5.490000000000544, -2.2494211692675257 
5.5000000000005205, -2.248067914144213 
5.510000000000497, -2.2477933477116085 
5.520000000000474, -2.24801250688632 
5.5300000000004506, -2.248106367828571 
5.540000000000427, -2.2479242752067297 
5.550000000000404, -2.247499755768335 
5.560000000000381, -2.2469239647855566 
5.570000000000357, -2.2464160617585036 
5.580000000000334, -2.246266133273516 
5.590000000000311, -2.2464834771562274 
5.600000000000287, -2.246788455872589 
5.610000000000264, -2.2469530970792255 
5.620000000000241, -2.246873538681258 
5.6300000000002175, -2.246482684083913 
5.640000000000194, -2.2456732167981475 
5.650000000000171, -2.244239487779288 
5.660000000000148, -2.241895246110718 
5.670000000000124, -2.2386670512980364 
5.680000000000101, -2.2358726385383165 
5.690000000000078, -2.235347153011401 
5.700000000000054, -2.2363721243390633 
5.710000000000031, -2.237271180710863 
5.720000000000008, -2.237600580190066 
5.729999999999984, -2.237499524161574 
5.739999999999961, -2.2371312336674913 
5.749999999999938, -2.2366326195927835 
5.7599999999999145, -2.236165613821009 
5.769999999999891, -2.235861535460933 
5.779999999999868, -2.2357187342315954 
5.789999999999845, -2.2356437454501146 
5.799999999999821, -2.2355202534296024 
5.809999999999798, -2.2352306779515088 
5.819999999999775, -2.2346476657001935 
5.829999999999751, -2.233570628386702 
5.839999999999728, -2.2316588622482323 
5.849999999999705, -2.2286422169587983 
5.8599999999996815, -2.2254926555850445 
5.869999999999658, -2.2249665783895036 
5.879999999999635, -2.227227464701701 
5.8899999999996115, -2.229531853704022 
5.899999999999588, -2.230768864434478 
5.909999999999565, -2.2311673485367822 
5.919999999999542, -2.2310677602316327 
5.929999999999518, -2.2306745928604785 
5.939999999999495, -2.230118334623183 
5.949999999999472, -2.2295190336218442 
5.959999999999448, -2.2289901648302566 
5.969999999999425, -2.228614810947321 
5.979999999999402, -2.228391443925656 
5.9899999999993785, -2.2281972614396293 
5.999999999999355, -2.227875756186989 
6.009999999999332, -2.2272895281525136 
6.019999999999309, -2.226268917544363 
6.029999999999285, -2.2246375198019863 
6.039999999999262, -2.2227212088813295 
6.049999999999239, -2.222179917805509 
6.059999999999215, -2.2241320184448883 
6.069999999999192, -2.2268347924090177 
6.079999999999169, -2.228691029779912 
6.089999999999145, -2.229567688153387 
6.099999999999122, -2.229768099484411 
6.109999999999099, -2.2295285602070813 
6.1199999999990755, -2.2289774940979896 
6.129999999999052, -2.2281929457871334 
6.139999999999029, -2.22727124881128 
6.149999999999006, -2.226398754027561 
6.159999999998982, -2.225823030486655 
6.169999999998959, -2.2255867702434777 
6.179999999998936, -2.225453324240851 
6.189999999998912, -2.225197858098603 
6.199999999998889, -2.2247099273089064 
6.209999999998866, -2.2239268962235776 
6.2199999999988425, -2.2229134089102933 
6.229999999998819, -2.222205825502186 
6.239999999998796, -2.222645898213745 
6.2499999999987725, -2.2240498203057815 
6.259999999998749, -2.225419017505807 
6.269999999998726, -2.2262549886683263 
6.279999999998703, -2.2265516840301074 
6.289999999998679, -2.226407103986805 
6.299999999998656, -2.2258774895272007 
6.309999999998633, -2.224961966315495 
6.319999999998609, -2.2236436264592245 
6.329999999998586, -2.2220273426635315 
6.339999999998563, -2.2205693949515433 
6.3499999999985395, -2.2198670837066565 
6.359999999998516, -2.2198388183320477 
6.369999999998493, -2.21991748548355 
6.37999999999847, -2.219798189140623 
6.389999999998446, -2.219435010317211 
6.399999999998423, -2.2188621285544885 
6.4099999999984, -2.2182225446342074 
6.419999999998376, -2.217863904214684 
6.429999999998353, -2.218056485211813 
6.43999999999833, -2.218580052401504 
6.449999999998306, -2.219042534265332 
6.459999999998283, -2.2192477963120014 
6.46999999999826, -2.2191398111684633 
6.4799999999982365, -2.2186798719439134 
6.489999999998213, -2.2177793078693595 
6.49999999999819, -2.2162722017523393 
6.509999999998167, -2.2139912156272197 
6.519999999998143, -2.211182001376039 
6.52999999999812, -2.2090840162522367 
6.539999999998097, -2.2087693218417246 
6.549999999998073, -2.2094049085149687 
6.55999999999805, -2.2098876907144165 
6.569999999998027, -2.209963867470575 
6.5799999999980034, -2.209720718615118 
6.58999999999798, -2.2092709919915845 
6.599999999997957, -2.2087559465092577 
6.6099999999979335, -2.2083757984352346 
6.61999999999791, -2.2082488777633187 
6.629999999997887, -2.2082890995548246 
6.639999999997864, -2.2083349804664816 
6.64999999999784, -2.2082594509424287 
6.659999999997817, -2.207963749799702 
6.669999999997794, -2.207334363640269 
6.67999999999777, -2.2061757533419217 
6.689999999997747, -2.204157742031737 
6.699999999997724, -2.2010005296449373 
6.7099999999977005, -2.197455123479279 
6.719999999997677, -2.1959701644792693 
6.729999999997654, -2.197220314522343 
6.7399999999976306, -2.1989600278773294 
6.749999999997607, -2.1999484533376377 
6.759999999997584, -2.2002411345646253 
6.769999999997561, -2.2001016487406573 
6.779999999997537, -2.1997087737899075 
6.789999999997514, -2.199196770388816 
6.799999999997491, -2.1987034053949643 
6.809999999997467, -2.1983308820529115 
6.819999999997444, -2.1980979885054484 
6.829999999997421, -2.1979508866587576 
6.8399999999973975, -2.1977786598556666 
6.849999999997374, -2.197453077267432 
6.859999999997351, -2.1968390411628356 
6.869999999997328, -2.195733414608588 
6.879999999997304, -2.1938273532821504 
6.889999999997281, -2.191045015568693 
6.899999999997258, -2.188759643359838 
6.909999999997234, -2.1894064726595044 
6.919999999997211, -2.1922121655618185 
6.929999999997188, -2.1946107768976555 
6.939999999997164, -2.1958681633292114 
6.949999999997141, -2.196286925925376 
6.959999999997118, -2.1962011152588077 
6.9699999999970945, -2.1958067057877604 
6.979999999997071, -2.1952234900151444 
6.989999999997048, -2.194559480147085 
6.999999999997025, -2.1939347592800056 
7.009999999997001, -2.1934700490619603 
7.019999999996978, -2.1932053239489675 
7.029999999996955, -2.193023961481057 
7.039999999996931, -2.1927534812182072 
7.049999999996908, -2.192258812795483 
7.059999999996885, -2.191404241546395 
7.0699999999968615, -2.1900503334185255 
7.079999999996838, -2.1884004030024844 
7.089999999996815, -2.187708359275353 
7.0999999999967915, -2.189194180481863 
7.109999999996768, -2.191717292833184 
7.119999999996745, -2.1936713514696873 
7.129999999996722, -2.1947058400198696 
7.139999999996698, -2.1950397547423934 
7.149999999996675, -2.1948994596280302 
7.159999999996652, -2.194417042277953 
7.169999999996628, -2.1936642873604493 
7.179999999996605, -2.19271308252869 
7.189999999996582, -2.191714675605419 
7.1999999999965585, -2.1909400773811267 
7.209999999996535, -2.190570897140129 
7.219999999996512, -2.1904470081023946 
7.229999999996489, -2.1902885628375754 
7.239999999996465, -2.1899410041670526 
7.249999999996442, -2.1893345302219847 
7.259999999996419, -2.1884540793690443 
7.269999999996395, -2.187540997734731 
7.279999999996372, -2.1873244125449824 
7.289999999996349, -2.188258405011693 
7.299999999996325, -2.1896726060245317 
7.309999999996302, -2.1907789312508466 
7.319999999996279, -2.191355269687471 
7.3299999999962555, -2.1914564053163916 
7.339999999996232, -2.1911578621291445 
7.349999999996209, -2.1904860206377523 
7.359999999996186, -2.1894236248647365 
7.369999999996162, -2.187972264658444 
7.379999999996139, -2.1863270994795156 
7.389999999996116, -2.1850435175204197 
7.399999999996092, -2.184577617572129 
7.409999999996069, -2.1846299255196757 
7.419999999996046, -2.184673592645544 
7.4299999999960225, -2.1844977247940482 
7.439999999995999, -2.1840840341761134 
7.449999999995976, -2.183476517800971 
7.4599999999959525, -2.182850523281162 
7.469999999995929, -2.1825810272565564 
7.479999999995906, -2.1828838137011033 
7.489999999995883, -2.1834734721897346 
7.499999999995859, -2.1839620177544807 
7.509999999995836, -2.184174482106788 
7.519999999995813, -2.1840665307435385 
7.529999999995789, -2.183607023524742 
7.539999999995766, -2.1827187955847265 
7.549999999995743, -2.181259842672263 
7.5599999999957195, -2.1790978391195632 
7.569999999995696, -2.1764639959996335 
7.579999999995673, -2.174429644120381 
7.58999999999565, -2.1739750509186537 
7.599999999995626, -2.174462826540153 
7.609999999995603, -2.174884598423106 
7.61999999999558, -2.1749487294914385 
7.629999999995556, -2.1747082805946256 
7.639999999995533, -2.1742589998745174 
7.64999999999551, -2.173732337502938 
7.659999999995486, -2.1733398963364396 
7.669999999995463, -2.1732384831254894 
7.67999999999544, -2.1733506484587672 
7.6899999999954165, -2.173484397120414 
7.699999999995393, -2.1734953177760956 
7.70999999999537, -2.173290288417997 
7.719999999995347, -2.1727790162738474 
7.729999999995323, -2.171815108124317 
7.7399999999953, -2.1701426727626187 
7.749999999995277, -2.1674560910166116 
7.759999999995253, -2.163946880702265 
7.76999999999523, -2.161294683493056 
7.779999999995207, -2.161221261654827 
7.789999999995183, -2.162574792399235 
7.79999999999516, -2.1636496617309264 
7.809999999995137, -2.1640815659308457 
7.8199999999951135, -2.1640475483990587 
7.82999999999509, -2.1637262071493177 
7.839999999995067, -2.1632504396009806 
7.849999999995044, -2.162764534620208 
7.85999999999502, -2.1624057785264794 
7.869999999994997, -2.1622119575821754 
7.879999999994974, -2.1621203014308925 
7.88999999999495, -2.1620270875890393 
7.899999999994927, -2.161817846017665 
7.909999999994904, -2.161378123999409 
7.9199999999948805, -2.1605561941409386 
7.929999999994857, -2.159090857263359 
7.939999999994834, -2.1566251987643374 
7.9499999999948106, -2.153247165110907 
7.959999999994787, -2.150780860519123 
7.969999999994764, -2.151452884712927 
7.979999999994741, -2.1539026871031823 
7.989999999994717, -2.1558278746336375 
7.999999999994694, -2.1567565719196513 
8.00999999999467, -2.1569910746890395 
8.019999999994647, -2.156813378929256 
8.029999999994624, -2.15639161081482 
8.0399999999946, -2.155848030914703 
8.049999999994577, -2.155302711551338 
8.059999999994554, -2.1548550214532782 
8.06999999999453, -2.154553651469683 
8.079999999994508, -2.154368619272514 
8.089999999994484, -2.1541840913882937 
8.099999999994461, -2.1538629015419337 
8.109999999994438, -2.1532733763382454 
8.119999999994414, -2.1522344897040524 
8.129999999994391, -2.150497288765167 
8.139999999994368, -2.1480940251054332 
8.149999999994344, -2.1463727914108515 
8.159999999994321, -2.1473824236391645 
8.169999999994298, -2.1502739284439865 
8.179999999994275, -2.1527444161778972 
8.189999999994251, -2.1541014801250222 
8.199999999994228, -2.154608114414843 
8.209999999994205, -2.1545845677244158 
8.219999999994181, -2.1542263831134463 
8.229999999994158, -2.153648564626134 
8.239999999994135, -2.152948026757061 
8.249999999994111, -2.15224138790975 
8.259999999994088, -2.151671315626376 
8.269999999994065, -2.15133263504002 
8.279999999994041, -2.151150159739791 
8.289999999994018, -2.150941588089983 
8.299999999993995, -2.150559142394334 
8.309999999993972, -2.1498861505514295 
8.319999999993948, -2.1487942461236402 
8.329999999993925, -2.147300017730795 
8.339999999993902, -2.1461460291330425 
8.349999999993878, -2.146740996748977 
8.359999999993855, -2.1489706704074782 
8.369999999993832, -2.1512113823580243 
8.379999999993808, -2.152629830507226 
8.389999999993785, -2.1532668288212826 
8.399999999993762, -2.1533486954716343 
8.409999999993738, -2.153039368428216 
8.419999999993715, -2.152428711888998 
8.429999999993692, -2.151576090316781 
8.439999999993669, -2.1505730351712753 
8.449999999993645, -2.1496182025190915 
8.459999999993622, -2.1489836170670342 
8.469999999993599, -2.148732761651993 
8.479999999993575, -2.148627131982874 
8.489999999993552, -2.1484253769957866 
8.499999999993529, -2.148012445002992 
8.509999999993505, -2.147328113893974 
8.519999999993482, -2.1463834383665703 
8.529999999993459, -2.1455168536843785 
8.539999999993436, -2.1455234065300046 
8.549999999993412, -2.1466859452017357 
8.559999999993389, -2.148197580063082 
8.569999999993366, -2.149323758330238 
8.579999999993342, -2.1498994629166814 
8.589999999993319, -2.1499989541920366 
8.599999999993296, -2.149705696239877 
8.609999999993272, -2.1490558961606885 
8.619999999993249, -2.1480489212684244 
8.629999999993226, -2.1467053624614603 
8.639999999993202, -2.145208338058125 
8.64999999999318, -2.1440239551605775 
8.659999999993156, -2.1435381646434206 
8.669999999993133, -2.1435257312711613 
8.67999999999311, -2.1435319597555393 
8.689999999993086, -2.14334485581069 
8.699999999993063, -2.142925760628799 
8.70999999999304, -2.1422945155946476 
8.719999999993016, -2.141596636461135 
8.729999999992993, -2.141231778162053 
8.73999999999297, -2.1415527733824553 
8.749999999992946, -2.1423258630530064 
8.759999999992923, -2.143053023494284 
8.7699999999929, -2.143476928473445 
8.779999999992876, -2.143548069544943 
8.789999999992853, -2.1432676819539944 
8.79999999999283, -2.1426114077280833 
8.809999999992806, -2.1415069695966116 
8.819999999992783, -2.1398633131366345 
8.82999999999276, -2.1377349789687417 
8.839999999992736, -2.135671615157359 
8.849999999992713, -2.1345948125851324 
8.85999999999269, -2.1346035497169376 
8.869999999992666, -2.134913989391281 
8.879999999992643, -2.135020264501091 
8.88999999999262, -2.1348448909465385 
8.899999999992596, -2.134435944356173 
8.909999999992573, -2.1338797078915364 
8.91999999999255, -2.133369407912846 
8.929999999992527, -2.13318121304622 
8.939999999992503, -2.1333818540577623 
8.94999999999248, -2.1337373973342655 
8.959999999992457, -2.134002043444286 
8.969999999992433, -2.1340512278334063 
8.97999999999241, -2.1338238645739316 
8.989999999992387, -2.1332530940817724 
8.999999999992363, -2.1322174629865778 
9.00999999999234, -2.13052177893269 
9.019999999992317, -2.128000357451973 
9.029999999992294, -2.1249793064526363 
9.03999999999227, -2.1228003856385422 
9.049999999992247, -2.1225194895445347 
9.059999999992224, -2.1232553313215203 
9.0699999999922, -2.1238549237801254 
9.079999999992177, -2.124028855265132 
9.089999999992154, -2.123861471900685 
9.09999999999213, -2.12346581379508 
9.109999999992107, -2.122961173999841 
9.119999999992084, -2.1225240737582074 
9.12999999999206, -2.122318263413155 
9.139999999992037, -2.1223341711121884 
9.149999999992014, -2.1224253552416372 
9.15999999999199, -2.122449767551825 
9.169999999991967, -2.122304704026754 
9.179999999991944, -2.1219008767260585 
9.18999999999192, -2.1211151619183934 
9.199999999991897, -2.1197338185465524 
9.209999999991874, -2.117445583567855 
9.21999999999185, -2.1141290723623625 
9.229999999991827, -2.110773336713744 
9.239999999991804, -2.1095080300925475 
9.24999999999178, -2.110524392940289 
9.259999999991757, -2.1119218793049743 
9.269999999991734, -2.1127186848638755 
9.27999999999171, -2.1129354493881736 
9.289999999991688, -2.1127744176293968 
9.299999999991664, -2.1123846839129503 
9.309999999991641, -2.1118929640401674 
9.319999999991618, -2.1114458490437276 
9.329999999991594, -2.1111551235525168 
9.339999999991571, -2.111020075191168 
9.349999999991548, -2.1109589555644277 
9.359999999991524, -2.1108641498478766 
9.369999999991501, -2.110626713512675 
9.379999999991478, -2.110136053468103 
9.389999999991455, -2.109234509851168 
9.399999999991431, -2.1076523487827012 
9.409999999991408, -2.105045077686006 
9.419999999991385, -2.101543857430644 
9.429999999991361, -2.098919554245738 
9.439999999991338, -2.0992813683282296 
9.449999999991315, -2.1014607407861257 
9.459999999991291, -2.1032770625259825 
9.469999999991268, -2.104185890712258 
9.479999999991245, -2.104430778138027 
9.489999999991221, -2.104273974686875 
9.499999999991198, -2.1038787981961673 
9.509999999991175, -2.103367651039748 
9.519999999991152, -2.1028649449747316 
9.529999999991128, -2.102469739473474 
9.539999999991105, -2.1022143159378586 
9.549999999991082, -2.102061282959146 
9.559999999991058, -2.101911339100142 
9.569999999991035, -2.1016422693307053 
9.579999999991012, -2.10113280913251 
9.589999999990988, -2.1002192481768347 
9.599999999990965, -2.0986360152674886 
9.609999999990942, -2.0961215706976994 
9.619999999990918, -2.093161384897631 
9.629999999990895, -2.09190403453064 
9.639999999990872, -2.093682160469706 
9.649999999990849, -2.096485424572111 
9.659999999990825, -2.09845393443141 
9.669999999990802, -2.0993972732816895 
9.679999999990779, -2.0996518072004005 
9.689999999990755, -2.099491267623379 
9.699999999990732, -2.0990768652195495 
9.709999999990709, -2.098521270152742 
9.719999999990685, -2.0979345213303633 
9.729999999990662, -2.0974216330317104 
9.739999999990639, -2.0970570248422615 
9.749999999990616, -2.0968409048620265 
9.759999999990592, -2.0966706731741924 
9.769999999990569, -2.0964055799000105 
9.779999999990546, -2.0959202382957507 
9.789999999990522, -2.095066952928564 
9.799999999990499, -2.0936316280393035 
9.809999999990476, -2.09149988899213 
9.819999999990452, -2.0894183927294616 
9.829999999990429, -2.0893754955727752 
9.839999999990406, -2.091830008622696 
9.849999999990382, -2.0946796985819542 
9.85999999999036, -2.0965580158702783 
9.869999999990336, -2.0974508011305555 
9.879999999990313, -2.09768297995206 
9.88999999999029, -2.0975008117224205 
9.899999999990266, -2.097048138772728 
9.909999999990243, -2.0964225519039412 
9.91999999999022, -2.0957231296742913 
9.929999999990196, -2.095070850399869 
9.939999999990173, -2.094592287770838 
9.94999999999015, -2.094327015102617 
9.959999999990126, -2.0941589970807217 
9.969999999990103, -2.093919762162361 
9.97999999999008, -2.093480874745752 
9.989999999990056, -2.0927213619921115 
9.999999999990033, -2.091496979670057 
10.00999999999001, -2.0898324761016815 
10.019999999989986, -2.0885510661792255 
10.029999999989963, -2.0891760931800114 
10.03999999998994, -2.0916032469465025 
10.049999999989916, -2.0940876272395377 
10.059999999989893, -2.095695564229746 
10.06999999998987, -2.0964575524491385 
10.079999999989846, -2.0966274163017053 
10.089999999989823, -2.0963976510631017 
10.0999999999898, -2.095880978705837 
10.109999999989776, -2.0951530459848486 
10.119999999989753, -2.0943019981530346 
10.12999999998973, -2.0934736960921017 
10.139999999989707, -2.0928637101791114 
10.149999999989683, -2.0925582233170807 
10.15999999998966, -2.092413065045806 
10.169999999989637, -2.0922171824152427 
10.179999999989613, -2.0918364383928636 
10.18999999998959, -2.091179026551892 
10.199999999989567, -2.090166249125954 
10.209999999989543, -2.0889117727084288 
10.21999999998952, -2.0881604254094444 
10.229999999989497, -2.0889447632501046 
10.239999999989474, -2.0909480675926915 
10.24999999998945, -2.0928938580923115 
10.259999999989427, -2.0941523196808527 
10.269999999989404, -2.0947360447833234 
10.27999999998938, -2.0948117247586575 
10.289999999989357, -2.0945086090862306 
10.299999999989334, -2.0938991403385603 
10.30999999998931, -2.093029463816562 
10.319999999989287, -2.091974331800467 
10.329999999989264, -2.090915079461307 
10.33999999998924, -2.0901432767639103 
10.349999999989217, -2.0898052510565455 
10.359999999989194, -2.0897071551125443 
10.36999999998917, -2.089573723425258 
10.379999999989147, -2.089260066860699 
10.389999999989124, -2.0887018008034626 
10.3999999999891, -2.087870540904412 
10.409999999989077, -2.0869133972228067 
10.419999999989054, -2.0864256609407095 
10.42999999998903, -2.087076586536615 
10.439999999989007, -2.088555560449403 
10.449999999988984, -2.089979091944235 
10.45999999998896, -2.090903291274837 
10.469999999988937, -2.091305755263691 
10.479999999988914, -2.0912764273370414 
10.48999999998889, -2.090885122426706 
10.499999999988868, -2.0901601374970835 
10.509999999988844, -2.089110377389957 
10.519999999988821, -2.087791147360628 
10.529999999988798, -2.0864288572637717 
10.539999999988774, -2.085448455212548 
10.549999999988751, -2.0850819000497833 
10.559999999988728, -2.0850600062864744 
10.569999999988704, -2.085013231275193 
10.579999999988681, -2.0847777327166135 
10.589999999988658, -2.084313273402162 
10.599999999988635, -2.0836257270944523 
10.609999999988611, -2.0828577398391688 
10.619999999988588, -2.0824543247467675 
10.629999999988565, -2.0828678539810404 
10.639999999988541, -2.083880383601463 
10.649999999988518, -2.084884426082355 
10.659999999988495, -2.0855407494495077 
10.669999999988471, -2.085793058289955 
10.679999999988448, -2.085672237066082 
10.689999999988425, -2.0851981670717543 
10.699999999988401, -2.084354950783417 
10.709999999988378, -2.083106391629829 
10.719999999988355, -2.0814754783681066 
10.729999999988332, -2.0797314908677 
10.739999999988308, -2.0784723296747356 
10.749999999988285, -2.07806610743694 
10.759999999988262, -2.0781517350569887 
10.769999999988238, -2.07822373208495 
10.779999999988215, -2.0780836233212265 
10.789999999988192, -2.07771143663822 
10.799999999988168, -2.077136598734693 
10.809999999988145, -2.076481185016494 
10.819999999988122, -2.076069507661768 
10.829999999988098, -2.0762398604093875 
10.839999999988075, -2.0768838750334364 
10.849999999988052, -2.077579733094891 
10.859999999988029, -2.078045309248984 
10.869999999988005, -2.0781951675442416 
10.879999999987982, -2.0780166689696915 
10.889999999987959, -2.07749074227289 
10.899999999987935, -2.0765612919507306 
10.909999999987912, -2.0751415310338697 
10.919999999987889, -2.073200641656366 
10.929999999987865, -2.0710175747956816 
10.939999999987842, -2.0693776175365475 
10.949999999987819, -2.068878200114297 
10.959999999987796, -2.069093923550727 
10.969999999987772, -2.0693272157743987 
10.979999999987749, -2.0693109119095294 
10.989999999987726, -2.0690387273070803 
10.999999999987702, -2.0685600950679155 
11.009999999987679, -2.0679762912848654 
11.019999999987656, -2.067522137913203 
11.029999999987632, -2.0674759200580195 
11.039999999987609, -2.067832539460799 
11.049999999987586, -2.0683050323590932 
11.059999999987562, -2.068645021212871 
11.06999999998754, -2.068741923470874 
11.079999999987516, -2.0685509711328125 
11.089999999987493, -2.0680260009753555 
11.09999999998747, -2.067081274001292 
11.109999999987446, -2.065583222702666 
11.119999999987423, -2.063425063007586 
11.1299999999874, -2.0608184825121847 
11.139999999987376, -2.05867014419997 
11.149999999987353, -2.0579335387803424 
11.15999999998733, -2.0582615907314183 
11.169999999987306, -2.0587075043719527 
11.179999999987283, -2.0588612235662733 
11.18999999998726, -2.05871191538831 
11.199999999987236, -2.0583308486273113 
11.209999999987213, -2.0578080064497444 
11.21999999998719, -2.057312897724514 
11.229999999987166, -2.0570825408019227 
11.239999999987143, -2.0572015686772622 
11.24999999998712, -2.0574994734883227 
11.259999999987096, -2.0577566679261476 
11.269999999987073, -2.0578407441401314 
11.27999999998705, -2.057681673113264 
11.289999999987026, -2.057217296534565 
11.299999999987003, -2.0563491812302646 
11.30999999998698, -2.054916461068996 
11.319999999986956, -2.05273504489623 
11.329999999986933, -2.0498570216209426 
11.33999999998691, -2.047112402928526 
11.349999999986887, -2.045857660413574 
11.359999999986863, -2.0461628502829745 
11.36999999998684, -2.046860277381063 
11.379999999986817, -2.0472542115869037 
11.389999999986793, -2.047273571246287 
11.39999999998677, -2.047011689652904 
11.409999999986747, -2.0465632187252956 
11.419999999986723, -2.0460534093507134 
11.4299999999867, -2.0456767258304627 
11.439999999986677, -2.0455835943926597 
11.449999999986654, -2.0457207055313953 
11.45999999998663, -2.045910267008605 
11.469999999986607, -2.0460037760025873 
11.479999999986584, -2.045908299152559 
11.48999999998656, -2.0455516228706982 
11.499999999986537, -2.044838856398725 
11.509999999986514, -2.04361218179713 
11.51999999998649, -2.041645835904031 
11.529999999986467, -2.0388018635711154 
11.539999999986444, -2.0355684083271903 
11.54999999998642, -2.033440974587011 
11.559999999986397, -2.0333376984533524 
11.569999999986374, -2.0342272583092886 
11.57999999998635, -2.034947821890916 
11.589999999986327, -2.035215051538069 
11.599999999986304, -2.035119690073386 
11.60999999998628, -2.0347793174455826 
11.619999999986257, -2.0343002146133626 
11.629999999986234, -2.033830722723974 
11.63999999998621, -2.0335468443872093 
11.649999999986187, -2.0335105056559475 
11.659999999986164, -2.0336173804643476 
11.66999999998614, -2.0337180523337883 
11.679999999986117, -2.0336977149668667 
11.689999999986094, -2.033472131592566 
11.69999999998607, -2.0329556500549146 
11.709999999986048, -2.032017713045549 
11.719999999986024, -2.0304465832238003 
11.729999999986001, -2.0279902681916107 
11.739999999985978, -2.0246900099881957 
11.749999999985954, -2.021598014950917 
11.759999999985931, -2.02041325882663 
11.769999999985908, -2.021112407980742 
11.779999999985884, -2.022183931293081 
11.789999999985861, -2.0228153121176295 
11.799999999985838, -2.022971913933771 
11.809999999985815, -2.0227963098913397 
11.819999999985791, -2.0224075213306234 
11.829999999985768, -2.0219204135373765 
11.839999999985745, -2.0214914654805316 
11.849999999985721, -2.021264216990107 
11.859999999985698, -2.021245834527808 
11.869999999985675, -2.021321813426086 
11.879999999985651, -2.0213630428551035 
11.889999999985628, -2.02126757338273 
11.899999999985605, -2.020950921777687 
11.909999999985581, -2.020313361930188 
11.919999999985558, -2.0191946822176496 
11.929999999985535, -2.017347014733081 
11.939999999985512, -2.0145365268558755 
11.949999999985488, -2.0110422896737994 
11.959999999985465, -2.0083362788182777 
11.969999999985442, -2.007901241012433 
11.979999999985418, -2.008987784170815 
11.989999999985395, -2.0100682564030192 
11.999999999985372, -2.0106129238202124 
12.009999999985348, -2.010696615824168 
12.019999999985325, -2.0104727334736507 
12.029999999985302, -2.0100578692069826 
12.039999999985278, -2.0095721071519246 
12.049999999985255, -2.0091718096330164 
12.059999999985232, -2.00897555959487 
12.069999999985209, -2.008964086879613 
12.079999999985185, -2.00902283543377 
12.089999999985162, -2.0090322722911442 
12.099999999985139, -2.0088952711208927 
12.109999999985115, -2.008526027507626 
12.119999999985092, -2.007815819357522 
12.129999999985069, -2.006587707730941 
12.139999999985045, -2.004579111214121 
12.149999999985022, -2.001588741055017 
12.159999999984999, -1.998061061137848 
12.169999999984976, -1.9956426040481827 
12.179999999984952, -1.9955686949694986 
12.189999999984929, -1.9967780823129442 
12.199999999984906, -1.9978298928898262 
12.209999999984882, -1.9983258464928866 
12.219999999984859, -1.9983752060836721 
12.229999999984836, -1.9981303335372989 
12.239999999984812, -1.9977053567962866 
12.249999999984789, -1.997222027584688 
12.259999999984766, -1.9968357052857957 
12.269999999984742, -1.9966549973459302 
12.27999999998472, -1.996651562300214 
12.289999999984696, -1.9967104230539618 
12.299999999984673, -1.9967145924842218 
12.30999999998465, -1.9965688514444448 
12.319999999984626, -1.9961880211792267 
12.329999999984603, -1.9954627220368917 
12.33999999998458, -1.9942155940694373 
12.349999999984556, -1.9921875213366338 
12.359999999984533, -1.9891891087372258 
12.36999999998451, -1.985675475413153 
12.379999999984486, -1.9832651997228763 
12.389999999984463, -1.9831579833889843 
12.39999999998444, -1.9843258161136237 
12.409999999984416, -1.9853575801168337 
12.419999999984393, -1.9858493071261194 
12.42999999998437, -1.9859006151205094 
12.439999999984346, -1.9856592156984232 
12.449999999984323, -1.9852367877732426 
12.4599999999843, -1.9847531858975374 
12.469999999984276, -1.9843651068926693 
12.479999999984253, -1.9841879066488335 
12.48999999998423, -1.984197459303621 
12.499999999984206, -1.9842756757700868 
12.509999999984183, -1.984302119617103 
12.51999999998416, -1.9841814874164605 
12.529999999984136, -1.9838318254906842 
12.539999999984113, -1.9831520577424737 
12.54999999998409, -1.981980828182381 
12.559999999984067, -1.9800790583582697 
12.569999999984043, -1.9772447197091612 
12.57999999998402, -1.9737918250909232 
12.589999999983997, -1.9711256625135918 
12.599999999983973, -1.9706073364773804 
12.60999999998395, -1.9715646030281266 
12.619999999983927, -1.9725758169777947 
12.629999999983903, -1.9731033898249393 
12.63999999998388, -1.9731915534649864 
12.649999999983857, -1.9729778767509774 
12.659999999983834, -1.9725709062233516 
12.66999999998381, -1.9720841663018231 
12.679999999983787, -1.9716760324912386 
12.689999999983764, -1.9714856612126983 
12.69999999998374, -1.9715110293776097 
12.709999999983717, -1.9716297961367428 
12.719999999983694, -1.9717093906577923 
12.72999999998367, -1.9716501445009773 
12.739999999983647, -1.9713744310591585 
12.749999999983624, -1.9707963042896786 
12.7599999999836, -1.9697838645874957 
12.769999999983577, -1.9681359738205013 
12.779999999983554, -1.9656423387156465 
12.78999999998353, -1.9624053715099983 
12.799999999983507, -1.9594205795759767 
12.809999999983484, -1.9581665319254218 
12.81999999998346, -1.9586514672175466 
12.829999999983437, -1.9595772601235955 
12.839999999983414, -1.960162352548671 
12.84999999998339, -1.9603202700380087 
12.859999999983367, -1.9601604172721174 
12.869999999983344, -1.9597856582768454 
12.87999999998332, -1.9592975349036532 
12.889999999983297, -1.9588488342639025 
12.899999999983274, -1.9586146428118814 
12.90999999998325, -1.95864603315657 
12.919999999983228, -1.9588259984849477 
12.929999999983204, -1.9589959151336989 
12.939999999983181, -1.9590400334280254 
12.949999999983158, -1.9588816688737196 
12.959999999983134, -1.9584522255570396 
12.969999999983111, -1.957656343011402 
12.979999999983088, -1.956345534454987 
12.989999999983064, -1.9543340005667598 
12.999999999983041, -1.9515602624757542 
13.009999999983018, -1.9485174730747983 
13.019999999982995, -1.9464509715547067 
13.029999999982971, -1.9461193570363722 
13.039999999982948, -1.9467576984162391 
13.049999999982925, -1.9473672696599043 
13.059999999982901, -1.9476170000949693 
13.069999999982878, -1.9475384195985295 
13.079999999982855, -1.9472189231521344 
13.089999999982831, -1.9467425533778298 
13.099999999982808, -1.9462392022948165 
13.109999999982785, -1.9459112017439413 
13.119999999982761, -1.9459043600591834 
13.129999999982738, -1.9461510610321793 
13.139999999982715, -1.9464557502544513 
13.149999999982692, -1.946658334179374 
13.159999999982668, -1.9466682397759354 
13.169999999982645, -1.946429372260583 
13.179999999982622, -1.9458817857813553 
13.189999999982598, -1.944933558047941 
13.199999999982575, -1.9434538095379803 
13.209999999982552, -1.9413285824760245 
13.219999999982528, -1.9386764919200172 
13.229999999982505, -1.936190899705106 
13.239999999982482, -1.9348852704725026 
13.249999999982458, -1.9348861742670125 
13.259999999982435, -1.9353622131260273 
13.269999999982412, -1.9356844219963925 
13.279999999982389, -1.9357076625133949 
13.289999999982365, -1.9354710139050275 
13.299999999982342, -1.9350353597929046 
13.309999999982319, -1.9344889955084412 
13.319999999982295, -1.9340162463210007 
13.329999999982272, -1.9338672372985084 
13.339999999982249, -1.934124548844805 
13.349999999982225, -1.9345976123138329 
13.359999999982202, -1.9350357359841166 
13.369999999982179, -1.9352894198377624 
13.379999999982156, -1.9352953086702525 
13.389999999982132, -1.9350198129943146 
13.399999999982109, -1.934420734378428 
13.409999999982086, -1.9334294477728171 
13.419999999982062, -1.931960355205781 
13.429999999982039, -1.9299845589087947 
13.439999999982016, -1.9277253661039222 
13.449999999981992, -1.9258367111281238 
13.459999999981969, -1.924978890705259 
13.469999999981946, -1.9250120238292616 
13.479999999981922, -1.9252837254858277 
13.4899999999819, -1.9253956249157298 
13.499999999981876, -1.9252633767126912 
13.509999999981853, -1.9249068811771235 
13.51999999998183, -1.9243674931103918 
13.529999999981806, -1.923754449995642 
13.539999999981783, -1.9233306845111848 
13.54999999998176, -1.9234046074528455 
13.559999999981736, -1.9239803587483137 
13.569999999981713, -1.9247325150960468 
13.57999999998169, -1.925353227535681 
13.589999999981666, -1.9257045667430064 
13.599999999981643, -1.9257539723751826 
13.60999999998162, -1.9254973284612995 
13.619999999981596, -1.9249210984970393 
13.629999999981573, -1.9239925944569989 
13.63999999998155, -1.9226773727836135 
13.649999999981526, -1.9210071202828733 
13.659999999981503, -1.9192187332744528 
13.66999999998148, -1.91781593169445 
13.679999999981456, -1.9171930922093803 
13.689999999981433, -1.9171660770720453 
13.69999999998141, -1.9172697511877832 
13.709999999981386, -1.9172324582716942 
13.719999999981363, -1.9169839599470806 
13.72999999998134, -1.9165191269490627 
13.739999999981316, -1.9158612213805266 
13.749999999981293, -1.9151482704433789 
13.75999999998127, -1.9147532155129405 
13.769999999981247, -1.915084938080891 
13.779999999981223, -1.9160672531648797 
13.7899999999812, -1.917198411806882 
13.799999999981177, -1.9180844323186215 
13.809999999981153, -1.9185954273941892 
13.81999999998113, -1.9187377895154203 
13.829999999981107, -1.9185468677110507 
13.839999999981083, -1.918045628105751 
13.84999999998106, -1.9172398174848868 
13.859999999981037, -1.9161375859326566 
13.869999999981014, -1.9148020955801872 
13.87999999998099, -1.9134371073766434 
13.889999999980967, -1.91239397105729 
13.899999999980944, -1.9119040247921646 
13.90999999998092, -1.9118123020560134 
13.919999999980897, -1.911793519813839 
13.929999999980874, -1.9116475306972458 
13.93999999998085, -1.9113016110132972 
13.949999999980827, -1.9107217790198436 
13.959999999980804, -1.9099047096167587 
13.96999999998078, -1.9090110631401387 
13.979999999980757, -1.908560684402931 
13.989999999980734, -1.9091506542925647 
13.99999999998071, -1.9106441320734813 
14.009999999980687, -1.9122843124394548 
14.019999999980664, -1.9135322178840248 
14.02999999998064, -1.914260660432062 
14.039999999980617, -1.9145295423498467 
14.049999999980594, -1.9144265327896623 
14.05999999998057, -1.9140166272369084 
14.069999999980547, -1.913341573819911 
14.079999999980524, -1.912441533071447 
14.0899999999805, -1.9113941785107227 
14.099999999980477, -1.910362326059272 
14.109999999980454, -1.9095807010222796 
14.11999999998043, -1.909182353674208 
14.129999999980408, -1.9090473110435155 
14.139999999980384, -1.9089440563261615 
14.149999999980361, -1.9087151874084363 
14.159999999980338, -1.9082788416029473 
14.169999999980314, -1.9075664668305563 
14.179999999980291, -1.9065295978957288 
14.189999999980268, -1.9053224414016487 
14.199999999980244, -1.9046302487209732 
14.209999999980221, -1.905367774139902 
14.219999999980198, -1.9074132878504464 
14.229999999980175, -1.9096587377351575 
14.239999999980151, -1.9113322173360985 
14.249999999980128, -1.9123011351237242 
14.259999999980105, -1.912697673694375 
14.269999999980081, -1.9126749216920274 
14.279999999980058, -1.912342710041321 
14.289999999980035, -1.9117743733481198 
14.299999999980011, -1.9110340043241933 
14.309999999979988, -1.910207238962172 
14.319999999979965, -1.9094235897774414 
14.329999999979941, -1.9088360095010959 
14.339999999979918, -1.9085136618228742 
14.349999999979895, -1.9083590557208496 
14.359999999979872, -1.9082000262987928 
14.369999999979848, -1.9079052277787707 
14.379999999979825, -1.9073802620926898 
14.389999999979802, -1.9065161146363632 
14.399999999979778, -1.905196382460413 
14.409999999979755, -1.9035147662346916 
14.419999999979732, -1.9022785348976665 
14.429999999979708, -1.9028338296925469 
14.439999999979685, -1.9052504314605005 
14.449999999979662, -1.9080362440744918 
14.459999999979638, -1.9100916069885188 
14.469999999979615, -1.911256463275445 
14.479999999979592, -1.9117418949478495 
14.489999999979569, -1.9117681641858972 
14.499999999979545, -1.9114848159611735 
14.509999999979522, -1.9109893298711487 
14.519999999979499, -1.910363490881241 
14.529999999979475, -1.909699243053004 
14.539999999979452, -1.9091018642554798 
14.549999999979429, -1.9086659496872198 
14.559999999979405, -1.908414493563468 
14.569999999979382, -1.9082603499401762 
14.579999999979359, -1.9080676393348788 
14.589999999979335, -1.9077206163150229 
14.599999999979312, -1.9071114267691933 
14.609999999979289, -1.9060896804157204 
14.619999999979266, -1.9044579465605942 
14.629999999979242, -1.9021905753720216 
14.639999999979219, -1.9000844526976124 
14.649999999979196, -1.8998911074302416 
14.659999999979172, -1.902136182077113 
14.669999999979149, -1.9051151937919486 
14.679999999979126, -1.9073532716219368 
14.689999999979102, -1.9085999686801745 
14.69999999997908, -1.9091098126757076 
14.709999999979056, -1.909146750149958 
14.719999999979033, -1.908883540505102 
14.72999999997901, -1.908431336753234 
14.739999999978986, -1.907884819823397 
14.749999999978963, -1.9073431650127373 
14.75999999997894, -1.906894553962698 
14.769999999978916, -1.9065884229336347 
14.779999999978893, -1.9064104663381176 
14.78999999997887, -1.9062760181180458 
14.799999999978846, -1.90607146854235 
14.809999999978823, -1.9056912968379727 
14.8199999999788, -1.9050184684933864 
14.829999999978776, -1.9038735453653584 
14.839999999978753, -1.9019948941279843 
14.84999999997873, -1.8992174257453744 
14.859999999978706, -1.8961429414807025 
14.869999999978683, -1.8946466834230868 
14.87999999997866, -1.8959086272503114 
14.889999999978636, -1.8984807676864996 
14.899999999978613, -1.9005924937425793 
14.90999999997859, -1.9017835471955693 
14.919999999978566, -1.9022593097318432 
14.929999999978543, -1.9022797109550909 
14.93999999997852, -1.9020177627032928 
14.949999999978496, -1.901587549313741 
14.959999999978473, -1.90109394926028 
14.96999999997845, -1.9006481929459489 
14.979999999978427, -1.9003302905452635 
14.989999999978403, -1.900152245169491 
14.99999999997838, -1.900064611249584 
15.009999999978357, -1.8999788087829788 
15.019999999978333, -1.8997955662567265 
15.02999999997831, -1.8994200364650602 
15.039999999978287, -1.8987392970446506 
15.049999999978263, -1.8975771280007152 
15.05999999997824, -1.8956675896479087 
15.069999999978217, -1.8927666397638263 
15.079999999978194, -1.8891628053326925 
15.08999999997817, -1.8863633740813346 
15.099999999978147, -1.88601843365967 
15.109999999978124, -1.887541526195782 
15.1199999999781, -1.8891993717896647 
15.129999999978077, -1.8902175282668305 
15.139999999978054, -1.8906252488618158 
15.14999999997803, -1.8906193669035427 
15.159999999978007, -1.8903499564104576 
15.169999999977984, -1.8899237534742817 
15.17999999997796, -1.8894538445935631 
15.189999999977937, -1.889075316164299 
15.199999999977914, -1.888880982633967 
15.20999999997789, -1.8888550841222436 
15.219999999977867, -1.888905173405206 
15.229999999977844, -1.8889254455232745 
15.23999999997782, -1.8888239569236038 
15.249999999977797, -1.8885214700956783 
15.259999999977774, -1.8879288669773326 
15.26999999997775, -1.886914037979605 
15.279999999977727, -1.8852812680892939 
15.289999999977704, -1.8828221835280718 
15.29999999997768, -1.879582522692092 
15.309999999977657, -1.8763778992796685 
15.319999999977634, -1.8746490959543223 
15.32999999997761, -1.8747977994421716 
15.339999999977588, -1.8757252697685682 
15.349999999977564, -1.8764667995458448 
15.359999999977541, -1.8767846799242651 
15.369999999977518, -1.8767519483019506 
15.379999999977494, -1.8764710670599336 
15.389999999977471, -1.876027343162281 
15.399999999977448, -1.8755330230303595 
15.409999999977424, -1.875162441153212 
15.419999999977401, -1.875071267150983 
15.429999999977378, -1.8752497933951442 
15.439999999977355, -1.8755414771454877 
15.449999999977331, -1.8757841415557794 
15.459999999977308, -1.875873104515859 
15.469999999977285, -1.8757459836659702 
15.479999999977261, -1.8753510972002818 
15.489999999977238, -1.8746207201997902 
15.499999999977215, -1.873457241030653 
15.509999999977191, -1.8717500086386365 
15.519999999977168, -1.8694724036734425 
15.529999999977145, -1.8669154794704022 
15.539999999977121, -1.8648516015638914 
15.549999999977098, -1.8639847796117661 
15.559999999977075, -1.864102109189607 
15.569999999977052, -1.8644739690027994 
15.579999999977028, -1.864671209110142 
15.589999999977005, -1.8646085752927228 
15.599999999976982, -1.8643146698176178 
15.609999999976958, -1.863832624188713 
15.619999999976935, -1.8632446188689655 
15.629999999976912, -1.862751680182198 
15.639999999976888, -1.8626499789670774 
15.649999999976865, -1.8630623144196086 
15.659999999976842, -1.8637732706774368 
15.669999999976818, -1.864464908398816 
15.679999999976795, -1.8649445761041203 
15.689999999976772, -1.8651452478811152 
15.699999999976749, -1.8650543803221082 
15.709999999976725, -1.864666736263319 
15.719999999976702, -1.8639653596977994 
15.729999999976679, -1.8629235972940397 
15.739999999976655, -1.8615345470970528 
15.749999999976632, -1.8598880162670166 
15.759999999976609, -1.8582784710906168 
15.769999999976585, -1.8571536784007705 
15.779999999976562, -1.8567205813916527 
15.789999999976539, -1.8567164437164965 
15.799999999976515, -1.8567622584508563 
15.809999999976492, -1.8566615120691907 
15.819999999976469, -1.8563586637215557 
15.829999999976446, -1.8558375116522403 
15.839999999976422, -1.8551071171338964 
15.849999999976399, -1.854303242785227 
15.859999999976376, -1.8538405975250005 
15.869999999976352, -1.854234786494991 
15.879999999976329, -1.8554764024479113 
15.889999999976306, -1.8569789040576947 
15.899999999976282, -1.8582198998551334 
15.90999999997626, -1.859013267052156 
15.919999999976236, -1.859372097395974 
15.929999999976213, -1.859362630686889 
15.93999999997619, -1.8590436305444242 
15.949999999976166, -1.8584551670787768 
15.959999999976143, -1.8576305474659485 
15.96999999997612, -1.856624557398756 
15.979999999976096, -1.8555550254305235 
15.989999999976073, -1.854625228630093 
15.99999999997605, -1.854033501130542 
16.009999999976028, -1.853786329906789 
16.019999999976005, -1.853691582604236 
16.02999999997598, -1.8535508935619185 
16.039999999975958, -1.853251388431278 
16.049999999975935, -1.8527221548466184 
16.05999999997591, -1.8518877651545391 
16.069999999975888, -1.8507106311020867 
16.079999999975865, -1.8494254659888174 
16.08999999997584, -1.8488507144676003 
16.099999999975818, -1.8498852969590793 
16.109999999975795, -1.85221974176708 
16.11999999997577, -1.8546553291388388 
16.129999999975748, -1.856440529105544 
16.139999999975725, -1.8574755976503166 
16.1499999999757, -1.857916201937078 
16.15999999997568, -1.85793210460491 
16.169999999975655, -1.8576456163637776 
16.17999999997563, -1.857140171409649 
16.18999999997561, -1.856487206872055 
16.199999999975585, -1.8557708034267528 
16.20999999997556, -1.8550975309159459 
16.21999999997554, -1.8545789774334902 
16.229999999975515, -1.854268572789988 
16.239999999975492, -1.8541023463970145 
16.24999999997547, -1.8539439459066724 
16.259999999975445, -1.85367041360442 
16.269999999975422, -1.8531828590300043 
16.2799999999754, -1.8523615306239953 
16.289999999975375, -1.851034467749988 
16.299999999975352, -1.8490657597702154 
16.30999999997533, -1.8467760289796313 
16.319999999975305, -1.8454986912439986 
16.329999999975282, -1.8466219678601175 
16.33999999997526, -1.8494700088220664 
16.349999999975235, -1.8522424828881756 
16.359999999975212, -1.8540805815429902 
16.36999999997519, -1.8550273213259867 
16.379999999975166, -1.8553564916610887 
16.389999999975142, -1.85529072396839 
16.39999999997512, -1.8549718824205708 
16.409999999975096, -1.8544987291267703 
16.419999999975072, -1.8539648813951142 
16.42999999997505, -1.8534673745187202 
16.439999999975026, -1.8530819785716137 
16.449999999975002, -1.8528367196820326 
16.45999999997498, -1.8526981985129674 
16.469999999974956, -1.8525787307771295 
16.479999999974932, -1.8523741372791895 
16.48999999997491, -1.8519870053601362 
16.499999999974886, -1.8513041522101428 
16.509999999974863, -1.8501508377604594 
16.51999999997484, -1.8482676393628026 
16.529999999974816, -1.8454334815184876 
16.539999999974793, -1.8419860504651726 
16.54999999997477, -1.839462254074982 
16.559999999974746, -1.8394660328763404 
16.569999999974723, -1.8413590930683341 
16.5799999999747, -1.8433541197826746 
16.589999999974676, -1.8446267487691164 
16.599999999974653, -1.8452042338048322 
16.60999999997463, -1.8453085691935798 
16.619999999974606, -1.845112786734493 
16.629999999974583, -1.844731113662402 
16.63999999997456, -1.8442652008438345 
16.649999999974536, -1.8438355929614332 
16.659999999974513, -1.8435509381362718 
16.66999999997449, -1.843440301541618 
16.679999999974466, -1.8434461017590145 
16.689999999974443, -1.8434735406295595 
16.69999999997442, -1.8434276558410996 
16.709999999974396, -1.8432260018143953 
16.719999999974373, -1.8427889092102336 
16.72999999997435, -1.8420121114883643 
16.739999999974327, -1.840738661017341 
16.749999999974303, -1.8387616388352412 
16.75999999997428, -1.8359410633270454 
16.769999999974257, -1.8325675176936556 
16.779999999974233, -1.829746198001748 
16.78999999997421, -1.8286833666895113 
16.799999999974187, -1.8291740937841852 
16.809999999974163, -1.8300650779396013 
16.81999999997414, -1.830666509834312 
16.829999999974117, -1.8308732048875478 
16.839999999974093, -1.8307697315491365 
16.84999999997407, -1.830444243391631 
16.859999999974047, -1.8299753906152136 
16.869999999974024, -1.8294821718603398 
16.879999999974, -1.8291506518513496 
16.889999999973977, -1.8291348562231984 
16.899999999973954, -1.8294064667880199 
16.90999999997393, -1.8297889493651893 
16.919999999973907, -1.8301096134938273 
16.929999999973884, -1.8302635887202547 
16.93999999997386, -1.8301953062167349 
16.949999999973837, -1.8298655294019965 
16.959999999973814, -1.8292271774994902 
16.96999999997379, -1.8282148726614416 
16.979999999973767, -1.8267572126977616 
16.989999999973744, -1.8248384882792148 
16.99999999997372, -1.8226440785933815 
17.009999999973697, -1.8206971973758375 
17.019999999973674, -1.8196018513138585 
17.02999999997365, -1.8194050976803182 
17.039999999973627, -1.8196012855851997 
17.049999999973604, -1.8197510368824283 
17.05999999997358, -1.8196979505710433 
17.069999999973557, -1.819427138563512 
17.079999999973534, -1.8189525630052412 
17.08999999997351, -1.8183130384331931 
17.099999999973488, -1.8176575536515833 
17.109999999973464, -1.8173274000117345 
17.11999999997344, -1.8176674408683975 
17.129999999973418, -1.818617938815077 
17.139999999973394, -1.8197534163744469 
17.14999999997337, -1.8207023607855437 
17.159999999973348, -1.8213125288173402 
17.169999999973324, -1.821569289534797 
17.1799999999733, -1.8215021620559366 
17.189999999973278, -1.821140779900049 
17.199999999973254, -1.820503851209025 
17.20999999997323, -1.8196075674850811 
17.219999999973208, -1.818492429836366 
17.229999999973185, -1.8172702722552436 
17.23999999997316, -1.8161617036343558 
17.249999999973138, -1.8154173106671465 
17.259999999973115, -1.815098347985185 
17.26999999997309, -1.8150144641418842 
17.279999999973068, -1.81493133126345 
17.289999999973045, -1.8147131550237403 
17.29999999997302, -1.8142929577345135 
17.309999999972998, -1.8136125433668542 
17.319999999972975, -1.8126255028672429 
17.32999999997295, -1.8114369191125221 
17.339999999972928, -1.8105883520961652 
17.349999999972905, -1.8109725554030844 
17.35999999997288, -1.8128137372331345 
17.36999999997286, -1.8152251966215107 
17.379999999972835, -1.8172694869589905 
17.38999999997281, -1.8186143010841467 
17.39999999997279, -1.819317882419158 
17.409999999972765, -1.8195361758564956 
17.41999999997274, -1.8194035744107893 
17.42999999997272, -1.8190143483359162 
17.439999999972695, -1.8184390937366455 
17.449999999972672, -1.8177492385743232 
17.45999999997265, -1.8170350113891245 
17.469999999972625, -1.8164058708724433 
17.479999999972602, -1.815958523290607 
17.48999999997258, -1.8157085508803115 
17.499999999972555, -1.815562638586614 
17.509999999972532, -1.8153871496202256 
17.51999999997251, -1.8150724764212058 
17.529999999972485, -1.8145220024221724 
17.539999999972462, -1.8136059510639275 
17.54999999997244, -1.8121401897811853 
17.559999999972415, -1.809999159005288 
17.569999999972392, -1.8075660228371162 
17.57999999997237, -1.8062336518543198 
17.589999999972346, -1.8073328825093848 
17.599999999972322, -1.810132938875169 
17.6099999999723, -1.8128646503939716 
17.619999999972276, -1.8146856478667925 
17.629999999972252, -1.8156313780874822 
17.63999999997223, -1.8159684287894948 
17.649999999972206, -1.8159165136891229 
17.659999999972182, -1.815616641595366 
17.66999999997216, -1.8151674593037033 
17.679999999972136, -1.8146634893493154 
17.689999999972112, -1.814203746917275 
17.69999999997209, -1.8138623168030634 
17.709999999972066, -1.8136587938693443 
17.719999999972043, -1.8135554467876787 
17.72999999997202, -1.8134713034091803 
17.739999999971996, -1.8133109944581176 
17.749999999971973, -1.8129846591755623 
17.75999999997195, -1.812393587089105 
17.769999999971926, -1.8113931770609373 
17.779999999971903, -1.8097624341810157 
17.78999999997188, -1.8072454200390429 
17.799999999971856, -1.8038308708286515 
17.809999999971833, -1.8003534038900142 
17.81999999997181, -1.7984854146226616 
17.829999999971786, -1.7989081976375527 
17.839999999971763, -1.800412767554597 
17.84999999997174, -1.8017154698864952 
17.859999999971716, -1.8024383560777975 
17.869999999971693, -1.8026733553338619 
17.87999999997167, -1.802575836463402 
17.889999999971646, -1.8022589274374792 
17.899999999971623, -1.8018135698070825 
17.9099999999716, -1.80135498424353 
17.919999999971576, -1.8010303863728416 
17.929999999971553, -1.8009393099459934 
17.93999999997153, -1.8010518796053574 
17.949999999971507, -1.801247675780715 
17.959999999971483, -1.8014032951548802 
17.96999999997146, -1.8014281414587434 
17.979999999971437, -1.8012581191096828 
17.989999999971413, -1.8008351083087093 
17.99999999997139, -1.8000855873583306 
18.009999999971367, -1.798909019339846 
18.019999999971343, -1.797193449627024 
18.02999999997132, -1.7948993300491751 
18.039999999971297, -1.7922597360962356 
18.049999999971273, -1.7899581928199466 
18.05999999997125, -1.7887564523877786 
18.069999999971227, -1.7886654126997186 
18.079999999971204, -1.7890256111679164 
18.08999999997118, -1.7893094943088474 
18.099999999971157, -1.7893519293904805 
18.109999999971134, -1.7891568687238188 
18.11999999997111, -1.7887577612458994 
18.129999999971087, -1.7881992051773008 
18.139999999971064, -1.7875976548368946 
18.14999999997104, -1.7872116940232545 
18.159999999971017, -1.787337723480729 
18.169999999970994, -1.7880048563286386 
18.17999999997097, -1.788918029159467 
18.189999999970947, -1.7897500728438303 
18.199999999970924, -1.7903265899473044 
18.2099999999709, -1.7905987582532439 
18.219999999970877, -1.790570641568007 
18.229999999970854, -1.790255745450573 
18.23999999997083, -1.7896612426233927 
18.249999999970807, -1.7887903710845716 
18.259999999970784, -1.787662423640736 
18.26999999997076, -1.7863557243419081 
18.279999999970737, -1.7850619753423125 
18.289999999970714, -1.78406644652283 
18.29999999997069, -1.783549480785835 
18.309999999970668, -1.7834032345687092 
18.319999999970644, -1.7833656355798155 
18.32999999997062, -1.7832447873282675 
18.339999999970598, -1.782952699351135 
18.349999999970574, -1.782438781176032 
18.35999999997055, -1.7816520119639 
18.369999999970528, -1.7805909603711236 
18.379999999970504, -1.77950256211528 
18.38999999997048, -1.7790904078777565 
18.399999999970458, -1.7800742300879826 
18.409999999970434, -1.7822200048470058 
18.41999999997041, -1.7845467803402122 
18.429999999970388, -1.7863541493262118 
18.439999999970365, -1.7874808467639949 
18.44999999997034, -1.788027812197107 
18.459999999970318, -1.7881415376094392 
18.469999999970295, -1.787939638947742 
18.47999999997027, -1.7875055318147584 
18.489999999970248, -1.7869066665854494 
18.499999999970225, -1.7862166225632268 
18.5099999999702, -1.7855277899017867 
18.519999999970178, -1.784944844310317 
18.529999999970155, -1.7845472732597893 
18.53999999997013, -1.7843289034814194 
18.549999999970108, -1.7841894871897197 
18.559999999970085, -1.7840035299715573 
18.56999999997006, -1.7836688897077047 
18.57999999997004, -1.783088834826313 
18.589999999970015, -1.7821274268840515 
18.59999999996999, -1.780589128259153 
18.60999999996997, -1.778323958296376 
18.619999999969945, -1.7756552555090437 
18.62999999996992, -1.7739123205214007 
18.6399999999699, -1.7745511668454945 
18.649999999969875, -1.7770991443604451 
18.659999999969852, -1.7798050613312337 
18.66999999996983, -1.7816869779392928 
18.679999999969805, -1.7826977447946533 
18.689999999969782, -1.7830858589260181 
18.69999999996976, -1.7830741327693105 
18.709999999969735, -1.782808044600466 
18.719999999969712, -1.7823875477408204 
18.72999999996969, -1.7819074058478894 
18.739999999969665, -1.7814711833491148 
18.749999999969642, -1.7811604884503105 
18.75999999996962, -1.780995644557121 
18.769999999969595, -1.7809354275560323 
18.779999999969572, -1.7809012083282496 
18.78999999996955, -1.780803265855392 
18.799999999969526, -1.7805582919858467 
18.809999999969502, -1.780082396090842 
18.81999999996948, -1.7792638903518174 
18.829999999969456, -1.7779355059092352 
18.839999999969432, -1.7758794183377078 
18.84999999996941, -1.7729497702493304 
18.859999999969386, -1.769437517855346 
18.869999999969362, -1.7664510665969924 
18.87999999996934, -1.765253204420619 
18.889999999969316, -1.7657489964484785 
18.899999999969292, -1.7667763267263248 
18.90999999996927, -1.7675435402421358 
18.919999999969246, -1.7678877788816139 
18.929999999969223, -1.7678885587688555 
18.9399999999692, -1.7676431489288418 
18.949999999969176, -1.767227381877778 
18.959999999969153, -1.76673156681059 
18.96999999996913, -1.7663070377951495 
18.979999999969106, -1.7661374528726004 
18.989999999969083, -1.7662983523011397 
18.99999999996906, -1.766681158737033 
19.009999999969036, -1.7670998270247469 
19.019999999969013, -1.7674101744570205 
19.02999999996899, -1.7675320783868447 
19.039999999968966, -1.7674236064105564 
19.049999999968943, -1.767053601231091 
19.05999999996892, -1.7663848784463767 
19.069999999968896, -1.7653708626949822 
19.079999999968873, -1.7639725278721259 
19.08999999996885, -1.762213230873261 
19.099999999968826, -1.7602832874728875 
19.109999999968803, -1.758606771054455 
19.11999999996878, -1.757624621183147 
19.129999999968756, -1.7573636639884103 
19.139999999968733, -1.7574472181130296 
19.14999999996871, -1.7575205960069513 
19.159999999968687, -1.7574311171977608 
19.169999999968663, -1.757142310233308 
19.17999999996864, -1.756643871462435 
19.189999999968617, -1.7559400745719835 
19.199999999968593, -1.7551289381878508 
19.20999999996857, -1.7545455643856265 
19.219999999968547, -1.754712436343161 
19.229999999968523, -1.7558332743969358 
19.2399999999685, -1.7574786270755145 
19.249999999968477, -1.7590438525884817 
19.259999999968453, -1.7601999053961646 
19.26999999996843, -1.76088650041886 
19.279999999968407, -1.7611587946102447 
19.289999999968384, -1.761092438148053 
19.29999999996836, -1.7607506256398626 
19.309999999968337, -1.7601824519933345 
19.319999999968314, -1.7594362649858215 
19.32999999996829, -1.758580300962271 
19.339999999968267, -1.7577216524094095 
19.349999999968244, -1.7570020150334205 
19.35999999996822, -1.7565334362221736 
19.369999999968197, -1.756302771388358 
19.379999999968174, -1.7561769517743986 
19.38999999996815, -1.756009360788261 
19.399999999968127, -1.7556971256405594 
19.409999999968104, -1.7551557218037648 
19.41999999996808, -1.754274475757527 
19.429999999968057, -1.7529090597117016 
19.439999999968034, -1.7510057791204467 
19.44999999996801, -1.7489980200982385 
19.459999999967987, -1.748136883085634 
19.469999999967964, -1.7494899592525972 
19.47999999996794, -1.752371457974077 
19.489999999967917, -1.7552103791942961 
19.499999999967894, -1.7571890799523182 
19.50999999996787, -1.75828894551926 
19.519999999967848, -1.7587486474070322 
19.529999999967824, -1.75878721865153 
19.5399999999678, -1.7585520218611328 
19.549999999967778, -1.7581424589794672 
19.559999999967754, -1.7576454255328842 
19.56999999996773, -1.7571543389635185 
19.579999999967708, -1.7567542463133463 
19.589999999967684, -1.7564896851316771 
19.59999999996766, -1.7563498328210758 
19.609999999967638, -1.7562739698338827 
19.619999999967614, -1.756173428137373 
19.62999999996759, -1.755959322698891 
19.639999999967568, -1.7555468777624008 
19.649999999967545, -1.7548313687858736 
19.65999999996752, -1.7536551814282002 
19.669999999967498, -1.7517953506375576 
19.679999999967475, -1.7490437584494631 
19.68999999996745, -1.7455221052248693 
19.699999999967428, -1.7421721278216988 
19.709999999967405, -1.7404693794604686 
19.71999999996738, -1.7407968537741805 
19.729999999967358, -1.7420364089740208 
19.739999999967335, -1.7431182921449522 
19.74999999996731, -1.7437174019144226 
19.759999999967288, -1.7438947968650396 
19.769999999967265, -1.7437728091920615 
19.77999999996724, -1.7434442848970413 
19.78999999996722, -1.7429885009114965 
19.799999999967195, -1.7425177522711768 
19.80999999996717, -1.7421952055682186 
19.81999999996715, -1.7421553416230187 
19.829999999967125, -1.7423868279235541 
19.8399999999671, -1.7427477962543967 
19.84999999996708, -1.7430815235435353 
19.859999999967055, -1.7432808168857328 
19.869999999967032, -1.743284587605522 
19.87999999996701, -1.7430541159666793 
19.889999999966985, -1.7425524814634463 
19.899999999966962, -1.74173381737272 
19.90999999996694, -1.7405469097262176 
19.919999999966915, -1.7389641368413709 
19.929999999966892, -1.7370554457162897 
19.93999999996687, -1.735098168157308 
19.949999999966845, -1.733572150917523 
19.959999999966822, -1.7328245205635018 
19.9699999999668, -1.7327173440846118 
19.979999999966775, -1.7328347529402996 
19.989999999966752, -1.7328804074785356 
19.99999999996673, -1.7327478009376063 
20.009999999966706, -1.732414433413486 
20.019999999966682, -1.7318714704750444 
20.02999999996666, -1.731131076975764 
20.039999999966636, -1.7303214687135786 
20.049999999966612, -1.729822220495047 
20.05999999996659, -1.730149322387358 
20.069999999966566, -1.7314207624593423 
20.079999999966542, -1.7331470619880296 
20.08999999996652, -1.7347378433513327 
20.099999999966496, -1.7358957291893073 
20.109999999966472, -1.7365780193945266 
20.11999999996645, -1.736846840733815 
20.129999999966426, -1.736781073170595 
20.139999999966403, -1.736446503070852 
20.14999999996638, -1.7358951644820277 
20.159999999966356, -1.7351784511515351 
20.169999999966333, -1.734365658376276 
20.17999999996631, -1.7335584459487556 
20.189999999966286, -1.7328837259644108 
20.199999999966263, -1.7324383911741594 
20.20999999996624, -1.7322100918800605 
20.219999999966216, -1.7320798676585483 
20.229999999966193, -1.7319114894999086 
20.23999999996617, -1.7316040509217685 
20.249999999966146, -1.7310714904743274 
20.259999999966123, -1.7301993858317997 
20.2699999999661, -1.7288264335924395 
20.279999999966076, -1.7268300234614036 
20.289999999966053, -1.7244703620633763 
20.29999999996603, -1.7228575699530335 
20.309999999966006, -1.7233731064518776 
20.319999999965983, -1.725868983068159 
20.32999999996596, -1.7287797021883768 
20.339999999965936, -1.730978276927513 
20.349999999965913, -1.7322700572817342 
20.35999999996589, -1.7328631095212734 
20.369999999965867, -1.732992717357175 
20.379999999965843, -1.7328237473611474 
20.38999999996582, -1.7324640994642564 
20.399999999965797, -1.7320019393799218 
20.409999999965773, -1.731532780279931 
20.41999999996575, -1.7311513402110132 
20.429999999965727, -1.7309123301229825 
20.439999999965703, -1.730807558479142 
20.44999999996568, -1.730778609494654 
20.459999999965657, -1.7307420411354504 
20.469999999965633, -1.7306132483106667 
20.47999999996561, -1.730315395398188 
20.489999999965587, -1.7297656479564676 
20.499999999965564, -1.7288500871590518 
20.50999999996554, -1.7274060420361903 
20.519999999965517, -1.7252444852793325 
20.529999999965494, -1.7222865564113963 
20.53999999996547, -1.7188860180295176 
20.549999999965447, -1.7160661444685261 
20.559999999965424, -1.7148610693595785 
20.5699999999654, -1.71514823569239 
20.579999999965377, -1.7159527019333445 
20.589999999965354, -1.7165827899306312 
20.59999999996533, -1.7168628771433507 
20.609999999965307, -1.7168381005154134 
20.619999999965284, -1.7165817298720536 
20.62999999996526, -1.7161535154098586 
20.639999999965237, -1.715630602343873 
20.649999999965214, -1.7151627558760925 
20.65999999996519, -1.714969284420927 
20.669999999965167, -1.7151917994932642 
20.679999999965144, -1.7157467631637722 
20.68999999996512, -1.7164047059211076 
20.699999999965097, -1.7169653769794386 
20.709999999965074, -1.717321130717237 
20.71999999996505, -1.71743080825182 
20.729999999965028, -1.717282115088945 
20.739999999965004, -1.7168685569126338 
20.74999999996498, -1.7161810698381401 
20.759999999964958, -1.7152126822484182 
20.769999999964934, -1.7139793892475699 
20.77999999996491, -1.7125628681698308 
20.789999999964888, -1.7111610048479169 
20.799999999964864, -1.7100646754056357 
20.80999999996484, -1.7094686724528976 
20.819999999964818, -1.7092878252622559 
20.829999999964794, -1.7092637468059402 
20.83999999996477, -1.7091886876683895 
20.849999999964748, -1.7089629409624592 
20.859999999964725, -1.7085367590202583 
20.8699999999647, -1.7078604291740451 
20.879999999964678, -1.7068917877704526 
20.889999999964655, -1.7057106966749989 
20.89999999996463, -1.7047585793906337 
20.909999999964608, -1.7048604656423396 
20.919999999964585, -1.7064688913506239 
20.92999999996456, -1.7089813966713099 
20.939999999964538, -1.711400133590169 
20.949999999964515, -1.71318015849487 
20.95999999996449, -1.7142584106779233 
20.969999999964468, -1.7147689611342494 
20.979999999964445, -1.7148659672192028 
20.98999999996442, -1.7146688707346 
20.9999999999644, -1.7142633854134108 
21.009999999964375, -1.7137207769598741 
21.01999999996435, -1.7131170038356327 
21.02999999996433, -1.712537491063803 
21.039999999964305, -1.7120627427573756 
21.04999999996428, -1.7117410928703496 
21.05999999996426, -1.7115586838185055 
21.069999999964235, -1.7114373835546357 
21.079999999964212, -1.7112751156340327 
21.08999999996419, -1.7109799819306761 
21.099999999964165, -1.7104620189095936 
21.109999999964142, -1.7095985076336082 
21.11999999996412, -1.7082009858681997 
21.129999999964095, -1.706029171597006 
21.139999999964072, -1.7029709935985629 
21.14999999996405, -1.6995216970420777 
21.159999999964025, -1.6971065687209077 
21.169999999964002, -1.6969630500879422 
21.17999999996398, -1.6985498144970428 
21.189999999963955, -1.7003976951043343 
21.199999999963932, -1.7016965566294648 
21.20999999996391, -1.7023675552322868 
21.219999999963886, -1.7025727439097103 
21.229999999963862, -1.7024669817841525 
21.23999999996384, -1.7021554200818394 
21.249999999963816, -1.7017216780931037 
21.259999999963792, -1.7012690581718324 
21.26999999996377, -1.7009322002363114 
21.279999999963746, -1.700818219547734 
21.289999999963722, -1.7009266179240032 
21.2999999999637, -1.7011576034726985 
21.309999999963676, -1.7013879768750833 
21.319999999963652, -1.701520201650288 
21.32999999996363, -1.7014880871679048 
21.339999999963606, -1.7012433135898242 
21.349999999963583, -1.7007388221918098 
21.35999999996356, -1.6999178300283255 
21.369999999963536, -1.698715256020019 
21.379999999963513, -1.6970827661011447 
21.38999999996349, -1.6950577304707053 
21.399999999963466, -1.692879261271305 
21.409999999963443, -1.6910341459071607 
21.41999999996342, -1.6899852465909824 
21.429999999963396, -1.6897308990193725 
21.439999999963373, -1.6898584656040658 
21.44999999996335, -1.6899891877057052 
21.459999999963326, -1.6899593312820855 
21.469999999963303, -1.689732815080874 
21.47999999996328, -1.6893045642295033 
21.489999999963256, -1.6886739004776026 
21.499999999963233, -1.6878909632621195 
21.50999999996321, -1.6871761557977938 
21.519999999963186, -1.6869864452113212 
21.529999999963163, -1.6877243967445579 
21.53999999996314, -1.6892582850093945 
21.549999999963116, -1.6910189740017114 
21.559999999963093, -1.6925182535472616 
21.56999999996307, -1.6935600900735246 
21.579999999963047, -1.6941440262679284 
21.589999999963023, -1.694340096647128 
21.599999999963, -1.6942246819151474 
21.609999999962977, -1.6938608823062555 
21.619999999962953, -1.6933011085976961 
21.62999999996293, -1.6926002416031956 
21.639999999962907, -1.6918309943262966 
21.649999999962883, -1.691091447875074 
21.65999999996286, -1.6904910540296114 
21.669999999962837, -1.6901007513350284 
21.679999999962813, -1.689895497569092 
21.68999999996279, -1.6897661246481674 
21.699999999962767, -1.6895916092418564 
21.709999999962744, -1.6892778959272896 
21.71999999996272, -1.6887385300025322 
21.729999999962697, -1.687854763681323 
21.739999999962674, -1.6864506345981276 
21.74999999996265, -1.6843439456080826 
21.759999999962627, -1.6816141354395822 
21.769999999962604, -1.6791071112262164 
21.77999999996258, -1.6783350427763744 
21.789999999962557, -1.6798638888395168 
21.799999999962534, -1.6824812988413727 
21.80999999996251, -1.6847770589687017 
21.819999999962487, -1.6862491214129847 
21.829999999962464, -1.6869929828466326 
21.83999999996244, -1.6872331280201922 
21.849999999962417, -1.687146347244902 
21.859999999962394, -1.686848037422783 
21.86999999996237, -1.6864252592353384 
21.879999999962347, -1.685972520376104 
21.889999999962324, -1.685599881421154 
21.8999999999623, -1.6853919457465747 
21.909999999962277, -1.6853573001127742 
21.919999999962254, -1.685432791226249 
21.92999999996223, -1.6855268550430371 
21.939999999962208, -1.685552619900605 
21.949999999962184, -1.6854392742680289 
21.95999999996216, -1.6851262186764178 
21.969999999962138, -1.684547831637845 
21.979999999962114, -1.683619934483508 
21.98999999996209, -1.6822394880425875 
21.999999999962068, -1.680316109123678 
22.009999999962044, -1.6778684368041206 
22.01999999996202, -1.6751945750592796 
22.029999999961998, -1.6729462589804307 
22.039999999961974, -1.6717442881549558 
22.04999999996195, -1.6715670564839775 
22.059999999961928, -1.671856625579243 
22.069999999961905, -1.6721327132742125 
22.07999999996188, -1.6722099576823783 
22.089999999961858, -1.672067302079369 
22.099999999961835, -1.6717221917726242 
22.10999999996181, -1.6711930799158772 
22.119999999961788, -1.670530660305553 
22.129999999961765, -1.6699034135723998 
22.13999999996174, -1.6696513841339513 
22.149999999961718, -1.670102517365412 
22.159999999961695, -1.6712224940867586 
22.16999999996167, -1.6726153588016768 
22.179999999961648, -1.6738783570965023 
22.189999999961625, -1.674805937011321 
22.1999999999616, -1.6753548861440817 
22.20999999996158, -1.6755556257285602 
22.219999999961555, -1.6754569871366634 
22.22999999996153, -1.675104392789974 
22.23999999996151, -1.6745374284075898 
22.249999999961485, -1.6737988382138709 
22.25999999996146, -1.6729500606918137 
22.26999999996144, -1.6720858778336585 
22.279999999961415, -1.6713323360859005 
22.289999999961392, -1.6708018600021617 
22.29999999996137, -1.67051399160449 
22.309999999961345, -1.6703725752020695 
22.319999999961322, -1.67023994742435 
22.3299999999613, -1.6700069062666998 
22.339999999961275, -1.6695920943198381 
22.349999999961252, -1.6689038158329326 
22.35999999996123, -1.6678063945439763 
22.369999999961205, -1.666131493838932 
22.379999999961182, -1.6638330695736978 
22.38999999996116, -1.6613966709073948 
22.399999999961135, -1.6601067176237099 
22.409999999961112, -1.6610475153516646 
22.41999999996109, -1.6636394229471136 
22.429999999961066, -1.6663673680669238 
22.439999999961042, -1.6683457628192344 
22.44999999996102, -1.6694838612701772 
22.459999999960996, -1.669990422603267 
22.469999999960972, -1.6700780797606811 
22.47999999996095, -1.6698937305478947 
22.489999999960926, -1.6695353042800936 
22.499999999960902, -1.6690874346349553 
22.50999999996088, -1.6686477440011842 
22.519999999960856, -1.6683170316675462 
22.529999999960832, -1.6681524907945473 
22.53999999996081, -1.6681375624664496 
22.549999999960786, -1.668201931734164 
22.559999999960763, -1.6682583626752776 
22.56999999996074, -1.6682266233091354 
22.579999999960716, -1.6680399835512438 
22.589999999960693, -1.667636255403546 
22.59999999996067, -1.6669421715276531 
22.609999999960646, -1.665862732733963 
22.619999999960623, -1.6642885512682875 
22.6299999999606, -1.6621446537019604 
22.639999999960576, -1.6595147906251069 
22.649999999960553, -1.6568159485984442 
22.65999999996053, -1.6547686840123152 
22.669999999960506, -1.653866254370372 
22.679999999960483, -1.6538837636132275 
22.68999999996046, -1.6542217067891183 
22.699999999960436, -1.6544730382558417 
22.709999999960413, -1.6545095377801147 
22.71999999996039, -1.6543288367712374 
22.729999999960366, -1.6539502876021737 
22.739999999960343, -1.6533940322194423 
22.74999999996032, -1.6527224714599456 
22.759999999960296, -1.6521282993365527 
22.769999999960273, -1.6519656640698757 
22.77999999996025, -1.6525302922209388 
22.789999999960227, -1.6537325740388173 
22.799999999960203, -1.6551589134199527 
22.80999999996018, -1.6564243284731035 
22.819999999960157, -1.657342728682139 
22.829999999960133, -1.6578808558774205 
22.83999999996011, -1.6580730022269694 
22.849999999960087, -1.6579697292834017 
22.859999999960063, -1.657617905101818 
22.86999999996004, -1.6570589184590747 
22.879999999960017, -1.6563375753101837 
22.889999999959993, -1.6555164742495834 
22.89999999995997, -1.6546880500490313 
22.909999999959947, -1.6539700737791336 
22.919999999959924, -1.653463835477422 
22.9299999999599, -1.6531846309720302 
22.939999999959877, -1.6530425574023506 
22.949999999959854, -1.6529082223012914 
22.95999999995983, -1.6526760796751774 
22.969999999959807, -1.6522649465502781 
22.979999999959784, -1.6515824105605745 
22.98999999995976, -1.65049039580203 
22.999999999959737, -1.6488067825850492 
23.009999999959714, -1.646430162946612 
23.01999999995969, -1.643713655685343 
23.029999999959667, -1.641833310108159 
23.039999999959644, -1.6420733288261762 
23.04999999995962, -1.6442348001405294 
23.059999999959597, -1.6468694370383496 
23.069999999959574, -1.6489126632870872 
23.07999999995955, -1.6501399019580383 
23.089999999959527, -1.6507180836521294 
23.099999999959504, -1.6508579343857601 
23.10999999995948, -1.6507118546548898 
23.119999999959457, -1.6503801953657882 
23.129999999959434, -1.649945718857343 
23.13999999995941, -1.6495052005386281 
23.149999999959388, -1.6491691717328785 
23.159999999959364, -1.6490142428064307 
23.16999999995934, -1.6490359199790336 
23.179999999959318, -1.6491608552782906 
23.189999999959294, -1.6492937019210359 
23.19999999995927, -1.6493493136742596 
23.209999999959248, -1.6492614563829213 
23.219999999959224, -1.6489758734170556 
23.2299999999592, -1.648436988224945 
23.239999999959178, -1.6475778100110479 
23.249999999959154, -1.646321406254182 
23.25999999995913, -1.6446056770450201 
23.269999999959108, -1.6424511511025586 
23.279999999959085, -1.6400776422774463 
23.28999999995906, -1.6379706700409842 
23.299999999959038, -1.6366566853488638 
23.309999999959015, -1.6362413776560445 
23.31999999995899, -1.6363461686033935 
23.329999999958968, -1.6365378159741055 
23.339999999958945, -1.6365955317196472 
23.34999999995892, -1.6364612210273308 
23.359999999958898, -1.6361299328839132 
23.369999999958875, -1.6355994732466796 
23.37999999995885, -1.6348826159810195 
23.389999999958828, -1.6340861148310348 
23.399999999958805, -1.6335291320543734 
23.40999999995878, -1.6336983816231327 
23.41999999995876, -1.634836991766317 
23.429999999958735, -1.6366201678628816 
23.43999999995871, -1.6384579123610332 
23.44999999995869, -1.6399436741237747 
23.459999999958665, -1.6409461050274374 
23.46999999995864, -1.6414927787596454 
23.47999999995862, -1.6416630334118316 
23.489999999958595, -1.6415366551171136 
23.499999999958572, -1.6411794489682965 
23.50999999995855, -1.6406474469941845 
23.519999999958525, -1.6399993638708008 
23.529999999958502, -1.639308106612857 
23.53999999995848, -1.6386615790385548 
23.549999999958455, -1.6381459153863784 
23.559999999958432, -1.6378089088402397 
23.56999999995841, -1.63762409255265 
23.579999999958385, -1.6375007420161574 
23.589999999958362, -1.6373346101954187 
23.59999999995834, -1.6370381973173014 
23.609999999958315, -1.6365278569618842 
23.619999999958292, -1.6356904576744622 
23.62999999995827, -1.6343540992220809 
23.639999999958246, -1.6322985190400565 
23.649999999958222, -1.629397798962922 
23.6599999999582, -1.6260080665417422 
23.669999999958176, -1.6233165263868563 
23.679999999958152, -1.6226335808311116 
23.68999999995813, -1.6238817987357677 
23.699999999958106, -1.625773487941927 
23.709999999958082, -1.6273045419912702 
23.71999999995806, -1.6282144105283944 
23.729999999958036, -1.6286067662156989 
23.739999999958012, -1.6286391450731794 
23.74999999995799, -1.6284282334262739 
23.759999999957966, -1.6280545728094065 
23.769999999957943, -1.6275977069328214 
23.77999999995792, -1.6271715509682416 
23.789999999957896, -1.6269183268486778 
23.799999999957873, -1.6269320806723058 
23.80999999995785, -1.6271845792714537 
23.819999999957826, -1.6275527448526774 
23.829999999957803, -1.627902622049049 
23.83999999995778, -1.6281368424632272 
23.849999999957756, -1.6281964836699203 
23.859999999957733, -1.6280458994462337 
23.86999999995771, -1.6276578999298104 
23.879999999957686, -1.6270056085332278 
23.889999999957663, -1.626063378791932 
23.89999999995764, -1.6248199692456382 
23.909999999957616, -1.6233100438188628 
23.919999999957593, -1.6216648166025347 
23.92999999995757, -1.6201449671177564 
23.939999999957546, -1.61905659866957 
23.949999999957523, -1.618528849952139 
23.9599999999575, -1.6184044623841007 
23.969999999957476, -1.6184112777861361 
23.979999999957453, -1.61835746862386 
23.98999999995743, -1.6181560274324611 
23.999999999957407, -1.6177646175631506 
24.009999999957383, -1.6171389228795565 
24.01999999995736, -1.616229292590593 
24.029999999957337, -1.6150522116903538 
24.039999999957313, -1.6138790258555964 
24.04999999995729, -1.6134011267863428 
24.059999999957267, -1.6143598750274688 
24.069999999957243, -1.6166876839165643 
24.07999999995722, -1.6194740595683388 
24.089999999957197, -1.6218607124637128 
24.099999999957173, -1.623516388710231 
24.10999999995715, -1.6244809018580864 
24.119999999957127, -1.6249145471723891 
24.129999999957104, -1.6249711444460069 
24.13999999995708, -1.6247652971416247 
24.149999999957057, -1.624380223854628 
24.159999999957034, -1.6238879911537984 
24.16999999995701, -1.623366006621763 
24.179999999956987, -1.6228953456309196 
24.189999999956964, -1.62253928214143 
24.19999999995694, -1.622320585344421 
24.209999999956917, -1.6222126897881277 
24.219999999956894, -1.6221484851325567 
24.22999999995687, -1.6220451563605238 
24.239999999956847, -1.6218251845517409 
24.249999999956824, -1.6214146373367195 
24.2599999999568, -1.6207239652605963 
24.269999999956777, -1.6196270559220007 
24.279999999956754, -1.6179563702957065 
24.28999999995673, -1.6155488014692936 
24.299999999956707, -1.6124041652881327 
24.309999999956684, -1.6089650588358766 
24.31999999995666, -1.6062053976960613 
24.329999999956637, -1.604977896321957 
24.339999999956614, -1.6051448793188594 
24.34999999995659, -1.6058678973802984 
24.359999999956568, -1.6065004256969622 
24.369999999956544, -1.6068309090213115 
24.37999999995652, -1.606870910054639 
24.389999999956498, -1.6066784366651092 
24.399999999956474, -1.6063005886073731 
24.40999999995645, -1.605783582218684 
24.419999999956428, -1.6052206156564792 
24.429999999956404, -1.6048053542563507 
24.43999999995638, -1.6047951894155752 
24.449999999956358, -1.6053215527302211 
24.459999999956334, -1.606247033257986 
24.46999999995631, -1.6072814060559395 
24.479999999956288, -1.6081824524519663 
24.489999999956265, -1.608827237172656 
24.49999999995624, -1.6091814239071458 
24.509999999956218, -1.6092537256202832 
24.519999999956195, -1.6090672735054838 
24.52999999995617, -1.6086473804990675 
24.539999999956148, -1.6080205367398386 
24.549999999956125, -1.6072218489233727 
24.5599999999561, -1.6063086628725105 
24.569999999956078, -1.6053743733140895 
24.579999999956055, -1.6045468675792052 
24.58999999995603, -1.6039463666703941 
24.599999999956008, -1.6036080500683272 
24.609999999955985, -1.6034500600083341 
24.61999999995596, -1.6033364535702497 
24.62999999995594, -1.6031526925094712 
24.639999999955915, -1.6028183359466208 
24.64999999995589, -1.6022560502030618 
24.65999999995587, -1.6013559511031148 
24.669999999955845, -1.5999605634154208 
24.67999999995582, -1.597921315466205 
24.6899999999558, -1.595334535731526 
24.699999999955775, -1.5929469639166378 
24.709999999955752, -1.5920822024216144 
24.71999999995573, -1.5933794496464357 
24.729999999955705, -1.5959298601481975 
24.739999999955682, -1.5983865988286208 
24.74999999995566, -1.6001045167704444 
24.759999999955635, -1.6010712503348183 
24.769999999955612, -1.6014828941648063 
24.77999999995559, -1.601523735222474 
24.789999999955565, -1.6013198062454048 
24.799999999955542, -1.6009571031826972 
24.80999999995552, -1.600515363039675 
24.819999999955495, -1.6000948743405736 
24.829999999955472, -1.59980789411578 
24.83999999995545, -1.599724526953605 
24.849999999955426, -1.5998276439406318 
24.859999999955402, -1.6000320357663362 
24.86999999995538, -1.6002362306483768 
24.879999999955356, -1.600355413961929 
24.889999999955332, -1.600328138334119 
24.89999999995531, -1.60010869826589 
24.909999999955286, -1.5996558418408076 
24.919999999955262, -1.598925421205482 
24.92999999995524, -1.5978718399439829 
24.939999999955216, -1.5964635265978395 
24.949999999955192, -1.5947209300059595 
24.95999999995517, -1.5927804729771706 
24.969999999955146, -1.5909443578046463 
24.979999999955123, -1.5895956039354202 
24.9899999999551, -1.588929678512486 
24.999999999955076, -1.5887893165046152 
