t, s[1].omega / s[0].omega 
0, -1.5399971952274336 
0.009999999999999995, -1.5396106078898502 
0.019999999999999934, -1.5390167991029424 
0.029999999999999874, -1.5382274583511297 
0.04000000000000012, -1.5372725731956958 
0.050000000000000405, -1.5362152586003068 
0.06000000000000069, -1.5351642011653461 
0.07000000000000098, -1.5342627248860619 
0.08000000000000126, -1.5336309528517462 
0.09000000000000155, -1.5332869825229811 
0.10000000000000184, -1.5331338887818098 
0.11000000000000212, -1.5330337295493075 
0.12000000000000241, -1.5328779629018279 
0.130000000000002, -1.532596730867212 
0.1400000000000009, -1.5321316605857924 
0.1499999999999998, -1.5314065856308432 
0.1599999999999987, -1.5303133773127269 
0.1699999999999976, -1.5287386170482393 
0.1799999999999965, -1.5266893205049887 
0.1899999999999954, -1.524547287847887 
0.1999999999999943, -1.5231937734694738 
0.2099999999999932, -1.5234495990214774 
0.2199999999999921, -1.5251689595656686 
0.229999999999991, -1.5273778596534773 
0.2399999999999899, -1.5292388942429123 
0.2499999999999888, -1.5304663874430595 
0.2599999999999877, -1.5311220324310681 
0.2699999999999866, -1.5313589747181309 
0.2799999999999855, -1.531308826655136 
0.2899999999999844, -1.5310625947740029 
0.2999999999999833, -1.530687127053453 
0.3099999999999822, -1.530251713996689 
0.3199999999999811, -1.529849214427927 
0.32999999999998, -1.5295874517443084 
0.3399999999999789, -1.5295394914646931 
0.3499999999999778, -1.529695931886709 
0.35999999999997667, -1.5299745242924163 
0.36999999999997557, -1.5302705668410905 
0.37999999999997447, -1.5304959628393313 
0.38999999999997337, -1.5305903825780696 
0.39999999999997227, -1.5305158370549232 
0.40999999999997117, -1.5302471631272092 
0.41999999999997006, -1.5297652902954628 
0.42999999999996896, -1.529055946373252 
0.43999999999996786, -1.5281149268615406 
0.44999999999996676, -1.52696142474985 
0.45999999999996566, -1.5256599070775818 
0.46999999999996456, -1.5243420622149908 
0.47999999999996346, -1.5231984371024971 
0.48999999999996235, -1.5224006711281137 
0.49999999999996125, -1.5219866053682556 
0.5099999999999602, -1.5218361278469672 
0.519999999999959, -1.521773497666298 
0.529999999999958, -1.5216665603367987 
0.5399999999999568, -1.5214414789546291 
0.5499999999999557, -1.5210498661582272 
0.5599999999999546, -1.5204358477018025 
0.5699999999999535, -1.5195214782662436 
0.5799999999999524, -1.5182296214614381 
0.5899999999999513, -1.5165897441371503 
0.5999999999999502, -1.5149501490348318 
0.6099999999999491, -1.514085139575545 
0.619999999999948, -1.5147250896832154 
0.6299999999999469, -1.5167507091086685 
0.6399999999999458, -1.5192541942946378 
0.6499999999999447, -1.5214003873301531 
0.6599999999999436, -1.5228698894142072 
0.6699999999999425, -1.5237066741255956 
0.6799999999999414, -1.524068987096755 
0.6899999999999403, -1.5241032218209656 
0.6999999999999392, -1.5239142336705038 
0.7099999999999381, -1.5235760464509442 
0.719999999999937, -1.523154728185528 
0.7299999999999359, -1.522729183124094 
0.7399999999999348, -1.5223921488913479 
0.7499999999999337, -1.5222186143408478 
0.7599999999999326, -1.5222247737421737 
0.7699999999999315, -1.5223618068688405 
0.7799999999999304, -1.522547162194018 
0.7899999999999293, -1.522698665552646 
0.7999999999999282, -1.5227512480241256 
0.8099999999999271, -1.522657891391571 
0.819999999999926, -1.522382908248502 
0.8299999999999249, -1.521895126524536 
0.8399999999999238, -1.5211656925410897 
0.8499999999999227, -1.5201729433483195 
0.8599999999999216, -1.518916745066187 
0.8699999999999205, -1.5174446993415736 
0.8799999999999194, -1.5158851964042754 
0.8899999999999183, -1.5144568527112732 
0.8999999999999172, -1.5133975821834134 
0.9099999999999161, -1.512815670934658 
0.919999999999915, -1.5126111345109714 
0.9299999999999139, -1.5125744282222902 
0.9399999999999128, -1.512530621643902 
0.9499999999999117, -1.5123846108250176 
0.9599999999999106, -1.512089418154333 
0.9699999999999095, -1.5116055223187392 
0.9799999999999084, -1.5108789672755292 
0.9899999999999073, -1.5098496181422805 
0.9999999999999062, -1.5085190421285222 
1.0099999999999052, -1.5071115212995143 
1.019999999999904, -1.5062254341371002 
1.029999999999903, -1.5065968133818 
1.039999999999902, -1.508388897797793 
1.0499999999999008, -1.5109232701466073 
1.0599999999998997, -1.5133212283291781 
1.0699999999998986, -1.515106519611313 
1.0799999999998975, -1.5162194681099748 
1.0899999999998964, -1.516788198826311 
1.0999999999998953, -1.5169667144486687 
1.1099999999998942, -1.5168764183524786 
1.119999999999893, -1.51660281413166 
1.129999999999892, -1.516212491135652 
1.1399999999998909, -1.5157740588566255 
1.1499999999998898, -1.5153693621794806 
1.1599999999998887, -1.515079709234419 
1.1699999999998876, -1.5149507793236505 
1.1799999999998865, -1.5149697672471962 
1.1899999999998854, -1.5150771356447923 
1.1999999999998843, -1.5151960280735486 
1.2099999999998832, -1.5152553897837338 
1.219999999999882, -1.5151989809161575 
1.229999999999881, -1.5149829419366523 
1.2399999999998799, -1.5145687870083138 
1.2499999999998788, -1.5139185572510854 
1.2599999999998777, -1.5129963414005079 
1.2699999999998766, -1.511779166116247 
1.2799999999998755, -1.510280834619496 
1.2899999999998744, -1.5085895670138378 
1.2999999999998733, -1.5069019201155192 
1.3099999999998722, -1.5054967941405777 
1.319999999999871, -1.5045967424452342 
1.32999999999987, -1.5042071947178652 
1.3399999999998689, -1.5041307363819736 
1.3499999999998678, -1.5041375250544873 
1.3599999999998666, -1.5040812568164224 
1.3699999999998655, -1.503895423621537 
1.3799999999998644, -1.5035460665726963 
1.3899999999998633, -1.5029965726187835 
1.3999999999998622, -1.5021977753987605 
1.4099999999998611, -1.501116750950404 
1.41999999999986, -1.4998368166386906 
1.429999999999859, -1.4987237779572475 
1.4399999999998578, -1.4984485864410024 
1.4499999999998567, -1.4995346198767254 
1.4599999999998556, -1.501761785544072 
1.4699999999998545, -1.5043192874603968 
1.4799999999998534, -1.5064983678310118 
1.4899999999998523, -1.50802159160745 
1.4999999999998512, -1.5089217168183666 
1.5099999999998501, -1.5093405651463603 
1.519999999999849, -1.5094178704873862 
1.529999999999848, -1.509258904135642 
1.5399999999998468, -1.5089394099497222 
1.5499999999998457, -1.5085235571468156 
1.5599999999998446, -1.5080819329369852 
1.5699999999998435, -1.5076956834404507 
1.5799999999998424, -1.5074359021923511 
1.5899999999998413, -1.5073313566320148 
1.5999999999998402, -1.5073564329159181 
1.6099999999998391, -1.5074482122558615 
1.619999999999838, -1.5075329117733005 
1.629999999999837, -1.5075444339096562 
1.6399999999998358, -1.507430146608945 
1.6499999999998347, -1.5071468545186364 
1.6599999999998336, -1.5066539520379512 
1.6699999999998325, -1.5059100939411778 
1.6799999999998314, -1.5048773380438665 
1.6899999999998303, -1.5035361530288007 
1.6999999999998292, -1.5019150930073613 
1.709999999999828, -1.5001330311181986 
1.719999999999827, -1.4984256399182736 
1.729999999999826, -1.4970883614952817 
1.7399999999998248, -1.4963064768286791 
1.7499999999998237, -1.4960188526171199 
1.7599999999998226, -1.495992634552946 
1.7699999999998215, -1.4960060804046145 
1.7799999999998204, -1.4959337517120486 
1.7899999999998193, -1.495722216567368 
1.7999999999998182, -1.4953414798009528 
1.809999999999817, -1.4947548745531187 
1.819999999999816, -1.4939158253064706 
1.8299999999998149, -1.4928073323212792 
1.8399999999998138, -1.4915552810741994 
1.8499999999998127, -1.4905848019075707 
1.8599999999998116, -1.490569717803859 
1.8699999999998105, -1.491914241659986 
1.8799999999998094, -1.494260756602372 
1.8899999999998083, -1.496787922503099 
1.8999999999998072, -1.4988663838106369 
1.909999999999806, -1.5002860858169829 
1.919999999999805, -1.5011059722164386 
1.9299999999998039, -1.5014693316019965 
1.9399999999998028, -1.5015097014458603 
1.9499999999998017, -1.5013263678588549 
1.9599999999998006, -1.500991672415196 
1.9699999999997995, -1.5005691195073823 
1.9799999999997984, -1.5001301395483837 
1.9899999999997973, -1.4997556295631609 
1.9999999999997962, -1.4995131701351396 
2.0099999999998173, -1.4994258342135542 
2.0199999999998384, -1.4994633890244038 
2.0299999999998595, -1.499561083154616 
2.0399999999998806, -1.4996456194020324 
2.0499999999999017, -1.4996524542036842 
2.059999999999923, -1.4995305051643406 
2.069999999999944, -1.4992377663947534 
2.079999999999965, -1.4987348137018734 
2.089999999999986, -1.4979821243979048 
2.100000000000007, -1.49694477037306 
2.1100000000000283, -1.4956075320302864 
2.1200000000000494, -1.4940036755311088 
2.1300000000000705, -1.4922544111339868 
2.1400000000000916, -1.4905907961343834 
2.1500000000001127, -1.4892947613132268 
2.160000000000134, -1.4885370787367662 
2.170000000000155, -1.4882536338908499 
2.180000000000176, -1.488220111262963 
2.190000000000197, -1.4882239823298935 
2.2000000000002182, -1.4881438047087534 
2.2100000000002393, -1.4879261349639665 
2.2200000000002604, -1.487539249323525 
2.2300000000002815, -1.4869437570457675 
2.2400000000003026, -1.4860884996464836 
2.2500000000003237, -1.4849477932137731 
2.260000000000345, -1.4836328739751665 
2.270000000000366, -1.4825553815390324 
2.280000000000387, -1.4824029192504125 
2.290000000000408, -1.4836357073705666 
2.3000000000004293, -1.485945608899994 
2.3100000000004504, -1.4885024413021262 
2.3200000000004715, -1.4906354917310134 
2.3300000000004926, -1.4921054141850107 
2.3400000000005137, -1.492962546997261 
2.3500000000005348, -1.493352012260845 
2.360000000000556, -1.4934112839167875 
2.370000000000577, -1.4932424768289314 
2.380000000000598, -1.492919034702959 
2.390000000000619, -1.4925042110580966 
2.4000000000006403, -1.492069160871829 
2.4100000000006614, -1.4916967181925993 
2.4200000000006825, -1.491459511494384 
2.4300000000007036, -1.4913858378111198 
2.4400000000007247, -1.491447098311458 
2.450000000000746, -1.491576733998647 
2.460000000000767, -1.491698780843091 
2.470000000000788, -1.4917469022489267 
2.480000000000809, -1.4916698960154895 
2.49000000000083, -1.491427853898887 
2.5000000000008513, -1.490985873171637 
2.5100000000008724, -1.4903109197869702 
2.5200000000008935, -1.4893748825425186 
2.5300000000009146, -1.4881659478928824 
2.5400000000009357, -1.4867106580956466 
2.550000000000957, -1.4851053736231008 
2.560000000000978, -1.4835386996196427 
2.570000000000999, -1.4822570980386798 
2.58000000000102, -1.4814406544825134 
2.5900000000010412, -1.4810771686104407 
2.6000000000010624, -1.4809872135887499 
2.6100000000010835, -1.4809683178841988 
2.6200000000011046, -1.480889045936621 
2.6300000000011257, -1.4806849890512612 
2.6400000000011468, -1.4803180797439615 
2.650000000001168, -1.4797444498092671 
2.660000000001189, -1.4789028432771727 
2.67000000000121, -1.4777370920549295 
2.680000000001231, -1.4762875445144377 
2.6900000000012523, -1.474866320484578 
2.7000000000012734, -1.4741478777136836 
2.7100000000012945, -1.4747990293991309 
2.7200000000013156, -1.4767895933440498 
2.7300000000013367, -1.4793428064843284 
2.740000000001358, -1.481639491546759 
2.750000000001379, -1.4832963102428667 
2.7600000000014, -1.4843030102689851 
2.770000000001421, -1.484798556465886 
2.780000000001442, -1.484931613060426 
2.7900000000014633, -1.4848152778753838 
2.8000000000014844, -1.4845286297181806 
2.8100000000015055, -1.4841349820520549 
2.8200000000015266, -1.483703141665704 
2.8300000000015477, -1.4833184576784617 
2.840000000001569, -1.4830672445224036 
2.85000000000159, -1.48299747496214 
2.860000000001611, -1.4830924229260318 
2.870000000001632, -1.4832842871445944 
2.8800000000016532, -1.483488958411756 
2.8900000000016743, -1.4836321976280826 
2.9000000000016954, -1.4836587027929444 
2.9100000000017165, -1.4835294716382381 
2.9200000000017377, -1.4832152753752879 
2.9300000000017588, -1.482692024781137 
2.94000000000178, -1.4819408193563384 
2.950000000001801, -1.4809539113798775 
2.960000000001822, -1.4797478824087293 
2.970000000001843, -1.4783843065528162 
2.9800000000018643, -1.4769904003509544 
2.9900000000018854, -1.4757534225057662 
3.0000000000019065, -1.474853141674141 
3.0100000000019276, -1.4743522299089686 
3.0200000000019487, -1.4741548645504021 
3.03000000000197, -1.4740890813063052 
3.040000000001991, -1.4740110619202875 
3.050000000002012, -1.4738363993645478 
3.060000000002033, -1.4735153902056763 
3.070000000002054, -1.472999489841161 
3.0800000000020753, -1.472219658349796 
3.0900000000020964, -1.4710868786076003 
3.1000000000021175, -1.4695426917690215 
3.1100000000021386, -1.467705603079048 
3.1200000000021597, -1.466076469414689 
3.130000000002181, -1.465484502590131 
3.140000000002202, -1.4664473794233857 
3.150000000002223, -1.4685712790508838 
3.160000000002244, -1.4709274659820255 
3.1700000000022652, -1.472834155481393 
3.1800000000022863, -1.4740908413087508 
3.1900000000023074, -1.4747778916034133 
3.2000000000023285, -1.4750465404821227 
3.2100000000023496, -1.4750258376277412 
3.2200000000023707, -1.4748059349325144 
3.230000000002392, -1.4744516910161969 
3.240000000002413, -1.4740259128956403 
3.250000000002434, -1.4736108274419297 
3.260000000002455, -1.4733092001488068 
3.2700000000024763, -1.4732082801666073 
3.2800000000024974, -1.4733286736631328 
3.2900000000025185, -1.4736120827263526 
3.3000000000025396, -1.4739588594321436 
3.3100000000025607, -1.474272772529021 
3.3200000000025818, -1.474482666462916 
3.330000000002603, -1.4745433921718865 
3.340000000002624, -1.474428264212144 
3.350000000002645, -1.474121533386179 
3.360000000002666, -1.473614463144426 
3.3700000000026873, -1.472905880094533 
3.3800000000027084, -1.4720075231715604 
3.3900000000027295, -1.4709545076364103 
3.4000000000027506, -1.4698190263038227 
3.4100000000027717, -1.468718015618244 
3.420000000002793, -1.4677943465302887 
3.430000000002814, -1.4671563722940166 
3.440000000002835, -1.4668098409127155 
3.450000000002856, -1.466656048989258 
3.460000000002877, -1.4665619948480833 
3.4700000000028983, -1.4664228211722874 
3.4800000000029194, -1.4661707741519612 
3.4900000000029405, -1.4657516435427778 
3.5000000000029616, -1.4650975898721794 
3.5100000000029827, -1.464109327459573 
3.520000000003004, -1.4626619873997142 
3.530000000003025, -1.4606723940971902 
3.540000000003046, -1.4582778792151811 
3.550000000003067, -1.4560585360420815 
3.5600000000030882, -1.454922848158013 
3.5700000000031094, -1.455380691388317 
3.5800000000031305, -1.4569924540561263 
3.5900000000031516, -1.4588498516825688 
3.6000000000031727, -1.460333424055738 
3.6100000000031938, -1.4612761425127991 
3.620000000003215, -1.4617507578062658 
3.630000000003236, -1.4618819554537228 
3.640000000003257, -1.4617715494310215 
3.650000000003278, -1.4614892456967676 
3.6600000000032993, -1.4610889996365743 
3.6700000000033204, -1.4606355353949074 
3.6800000000033415, -1.4602293095606529 
3.6900000000033626, -1.4600029082161954 
3.7000000000033837, -1.4600640757500183 
3.710000000003405, -1.4604217514827627 
3.720000000003426, -1.4609768421614278 
3.730000000003447, -1.461585743942067 
3.740000000003468, -1.4621252510157894 
3.750000000003489, -1.4625167694058647 
3.7600000000035103, -1.4627209613631236 
3.7700000000035314, -1.46272413984607 
3.7800000000035525, -1.4625271160694395 
3.7900000000035736, -1.4621389948495307 
3.8000000000035947, -1.4615756668450497 
3.810000000003616, -1.460862595573057 
3.820000000003637, -1.460041153019268 
3.830000000003658, -1.4591755595514346 
3.840000000003679, -1.458353485095425 
3.8500000000037002, -1.4576700185079576 
3.8600000000037213, -1.4571903784462028 
3.8700000000037424, -1.456911622416825 
3.8800000000037635, -1.4567625094696444 
3.8900000000037847, -1.4566453448711076 
3.9000000000038058, -1.4564755064617851 
3.910000000003827, -1.4561883827540592 
3.920000000003848, -1.4557226089281021 
3.930000000003869, -1.454997833462206 
3.94000000000389, -1.4538982060005237 
3.9500000000039113, -1.4522756722749512 
3.9600000000039324, -1.4500058278836563 
3.9700000000039535, -1.4471412196406443 
3.9800000000039746, -1.4441280911365497 
3.9900000000039957, -1.4418082317946583 
4.000000000004016, -1.4408828366915434 
4.010000000003993, -1.4412762298163244 
4.02000000000397, -1.442289780869825 
4.030000000003946, -1.4432752529823187 
4.040000000003923, -1.443947780664583 
4.0500000000039, -1.444280733634472 
4.0600000000038765, -1.444336889344985 
4.070000000003853, -1.4441816639203362 
4.08000000000383, -1.443861231834521 
4.090000000003807, -1.4434119192244053 
4.100000000003783, -1.4428879078178962 
4.11000000000376, -1.4423999343738676 
4.120000000003737, -1.442133139743365 
4.130000000003713, -1.4422848918836588 
4.14000000000369, -1.4429280600670122 
4.150000000003667, -1.4439385153005562 
4.1600000000036434, -1.4450778158273985 
4.17000000000362, -1.4461275993246285 
4.180000000003597, -1.446955379700462 
4.1900000000035735, -1.4475094859448914 
4.20000000000355, -1.447789721649047 
4.210000000003527, -1.4478214608674225 
4.220000000003504, -1.447639587256337 
4.23000000000348, -1.447281208738973 
4.240000000003457, -1.4467852775489276 
4.250000000003434, -1.4461968884134224 
4.26000000000341, -1.4455720540804342 
4.270000000003387, -1.4449767262785154 
4.280000000003364, -1.44447556651476 
4.2900000000033405, -1.4441121041928926 
4.300000000003317, -1.44388930307101 
4.310000000003294, -1.443765184647609 
4.320000000003271, -1.443670643558289 
4.330000000003247, -1.4435346035316365 
4.340000000003224, -1.4432954345669975 
4.350000000003201, -1.4428949943763496 
4.360000000003177, -1.4422651402758133 
4.370000000003154, -1.441316882971282 
4.380000000003131, -1.439941415141694 
4.390000000003107, -1.4380368686412077 
4.400000000003084, -1.435579346860956 
4.410000000003061, -1.4327391982854962 
4.4200000000030375, -1.4299662751072633 
4.430000000003014, -1.4278655815456331 
4.440000000002991, -1.4268084090094568 
4.450000000002968, -1.4266539908845006 
4.460000000002944, -1.4269449210248109 
4.470000000002921, -1.4272852187517944 
4.480000000002898, -1.4274851820020376 
4.490000000002874, -1.427498749324823 
4.500000000002851, -1.4273330053781006 
4.510000000002828, -1.426999111269637 
4.520000000002804, -1.426499423536344 
4.530000000002781, -1.4258410981237273 
4.540000000002758, -1.425080572555565 
4.5500000000027345, -1.4243975908896764 
4.560000000002711, -1.4241344214467957 
4.570000000002688, -1.4246609977020284 
4.580000000002665, -1.426073309022662 
4.590000000002641, -1.4280576303179988 
4.600000000002618, -1.430115602669909 
4.610000000002595, -1.4318647232948094 
4.620000000002571, -1.4331414130472304 
4.630000000002548, -1.4339446702222167 
4.640000000002525, -1.434348540349457 
4.6500000000025015, -1.434442952310794 
4.660000000002478, -1.4343072543948967 
4.670000000002455, -1.4340054201550292 
4.6800000000024315, -1.4335929144747817 
4.690000000002408, -1.4331274589707355 
4.700000000002385, -1.432674915479471 
4.710000000002362, -1.4323014905364815 
4.720000000002338, -1.432053269484311 
4.730000000002315, -1.4319383882754708 
4.740000000002292, -1.4319256286010487 
4.750000000002268, -1.4319580312153395 
4.760000000002245, -1.4319714465160893 
4.770000000002222, -1.4319079674341713 
4.7800000000021985, -1.4317192126556526 
4.790000000002175, -1.4313621755295458 
4.800000000002152, -1.430794202035087 
4.810000000002129, -1.4299723417877126 
4.820000000002105, -1.4288600983766804 
4.830000000002082, -1.4274438383244918 
4.840000000002059, -1.4257603927796179 
4.850000000002035, -1.4239311290308012 
4.860000000002012, -1.4221776431126367 
4.870000000001989, -1.4207695067188841 
4.880000000001965, -1.419886533708611 
4.890000000001942, -1.4195009898793136 
4.900000000001919, -1.4194182702910685 
4.9100000000018955, -1.4194251389226433 
4.920000000001872, -1.419383086649914 
4.930000000001849, -1.41922552314316 
4.940000000001826, -1.4189179681265183 
4.950000000001802, -1.4184250510444314 
4.960000000001779, -1.4176943121329335 
4.970000000001756, -1.4166620940222578 
4.980000000001732, -1.4153031000660765 
4.990000000001709, -1.4137543516885203 
5.000000000001686, -1.412470158100586 
5.0100000000016625, -1.41215761547481 
5.020000000001639, -1.4132620574168573 
5.030000000001616, -1.4154706257491347 
5.0400000000015925, -1.4179639940907862 
5.050000000001569, -1.4200691777621917 
5.060000000001546, -1.4215342670741469 
5.070000000001523, -1.422400036319524 
5.080000000001499, -1.4228069563441512 
5.090000000001476, -1.4228898219234076 
5.100000000001453, -1.4227478269741534 
5.110000000001429, -1.4224499693784383 
5.120000000001406, -1.4220533196691263 
5.130000000001383, -1.4216245219480856 
5.1400000000013595, -1.4212532008283314 
5.150000000001336, -1.4210388836755685 
5.160000000001313, -1.4210470673507472 
5.17000000000129, -1.4212697559230558 
5.180000000001266, -1.4216315804728168 
5.190000000001243, -1.422031416634309 
5.20000000000122, -1.422379634771892 
5.210000000001196, -1.4226129217764072 
5.220000000001173, -1.4226928101983398 
5.23000000000115, -1.4225985655049294 
5.240000000001126, -1.4223208684664281 
5.250000000001103, -1.421858571773155 
5.26000000000108, -1.42121883947854 
5.2700000000010565, -1.4204206787245819 
5.280000000001033, -1.4195016308716573 
5.29000000000101, -1.4185254804932108 
5.300000000000987, -1.4175844596668203 
5.310000000000963, -1.416784570504921 
5.32000000000094, -1.4162068387938553 
5.330000000000917, -1.4158628268406699 
5.340000000000893, -1.4156867486049898 
5.35000000000087, -1.4155761617040208 
5.360000000000847, -1.415438604009084 
5.3700000000008234, -1.4152063720229953 
5.3800000000008, -1.4148234288999137 
5.390000000000777, -1.4142236810635278 
5.4000000000007535, -1.4133122668150728 
5.41000000000073, -1.4119586680296914 
5.420000000000707, -1.410022115336209 
5.430000000000684, -1.4074477194225092 
5.44000000000066, -1.4044511865845708 
5.450000000000637, -1.4016624665567423 
5.460000000000614, -1.399903072303679 
5.47000000000059, -1.399557509045012 
5.480000000000567, -1.4002513463257802 
5.490000000000544, -1.4012812785523285 
5.5000000000005205, -1.4021556116555842 
5.510000000000497, -1.402706243606169 
5.520000000000474, -1.4029462953918383 
5.5300000000004506, -1.4029387703820897 
5.540000000000427, -1.4027390405983184 
5.550000000000404, -1.4023841915371338 
5.560000000000381, -1.4019053588521793 
5.570000000000357, -1.4013565411830717 
5.580000000000334, -1.400854655537091 
5.590000000000311, -1.40059872947417 
5.600000000000287, -1.4008066636723342 
5.610000000000264, -1.4015695679879232 
5.620000000000241, -1.4027630923495298 
5.6300000000002175, -1.4041241767671826 
5.640000000000194, -1.4053995659893856 
5.650000000000171, -1.406429858102374 
5.660000000000148, -1.4071517768190516 
5.670000000000124, -1.4075663099505196 
5.680000000000101, -1.407706992099413 
5.690000000000078, -1.4076186818582785 
5.700000000000054, -1.4073468735833334 
5.710000000000031, -1.406935489483757 
5.720000000000008, -1.4064305441094391 
5.729999999999984, -1.4058853946384036 
5.739999999999961, -1.4053611571118814 
5.749999999999938, -1.4049173250183429 
5.7599999999999145, -1.4045949748072184 
5.769999999999891, -1.4044018066054036 
5.779999999999868, -1.4043082282336299 
5.789999999999845, -1.404258095519998 
5.799999999999821, -1.4041875335463652 
5.809999999999798, -1.4040383751762133 
5.819999999999775, -1.4037593257079164 
5.829999999999751, -1.4032991390826086 
5.839999999999728, -1.402599797094791 
5.849999999999705, -1.4015960091403865 
5.8599999999996815, -1.4002261300990004 
5.869999999999658, -1.3984595886722393 
5.879999999999635, -1.3963432181183928 
5.8899999999996115, -1.3940543586644338 
5.899999999999588, -1.3919132947565511 
5.909999999999565, -1.390281499028847 
5.919999999999542, -1.3893549474284195 
5.929999999999518, -1.3890394745653478 
5.939999999999495, -1.3890583562845433 
5.949999999999472, -1.3891533694048195 
5.959999999999448, -1.38917732571065 
5.969999999999425, -1.3890715576260728 
5.979999999999402, -1.3888144401437132 
5.9899999999993785, -1.3883860069202565 
5.999999999999355, -1.38775328510713 
6.009999999999332, -1.3868766425601011 
6.019999999999309, -1.3857513334432867 
6.029999999999285, -1.384505362112614 
6.039999999999262, -1.383520428726086 
6.049999999999239, -1.3833912632441097 
6.059999999999215, -1.3845338180996036 
6.069999999999192, -1.38674828408995 
6.079999999999169, -1.389335757495814 
6.089999999999145, -1.391631776889813 
6.099999999999122, -1.3933216267614448 
6.109999999999099, -1.39439068789252 
6.1199999999990755, -1.3949574717540245 
6.129999999999052, -1.3951582291927447 
6.139999999999029, -1.3951020199681925 
6.149999999999006, -1.3948663470241818 
6.159999999998982, -1.394509752147651 
6.169999999998959, -1.3940903011913899 
6.179999999998936, -1.3936819155785383 
6.189999999998912, -1.39337505001081 
6.199999999998889, -1.3932498674717193 
6.209999999998866, -1.3933357186745838 
6.2199999999988425, -1.393594733013543 
6.229999999998819, -1.3939445392755316 
6.239999999998796, -1.3942950474480658 
6.2499999999987725, -1.3945725631057844 
6.259999999998749, -1.3947264759393296 
6.269999999998726, -1.3947259181908855 
6.279999999998703, -1.3945539293000764 
6.289999999998679, -1.3942031753925808 
6.299999999998656, -1.3936744358376991 
6.309999999998633, -1.3929779526547896 
6.319999999998609, -1.3921376537259502 
6.329999999998586, -1.3911976765837764 
6.339999999998563, -1.3902282076613153 
6.3499999999985395, -1.3893233927721336 
6.359999999998516, -1.3885813359622814 
6.369999999998493, -1.38806474756273 
6.37999999999847, -1.3877658876797274 
6.389999999998446, -1.3876109491224697 
6.399999999998423, -1.3875019865548828 
6.4099999999984, -1.387354903649601 
6.419999999998376, -1.3871073452455653 
6.429999999998353, -1.3867045562607747 
6.43999999999833, -1.3860795419219825 
6.449999999998306, -1.385136819305751 
6.459999999998283, -1.3837479281336844 
6.46999999999826, -1.381777266367026 
6.4799999999982365, -1.379170137106148 
6.489999999998213, -1.3761144209471332 
6.49999999999819, -1.373168378131361 
6.509999999998167, -1.371092086292022 
6.519999999998143, -1.370321306753168 
6.52999999999812, -1.3706249366551881 
6.539999999998097, -1.3713948762104573 
6.549999999998073, -1.372136045910281 
6.55999999999805, -1.3726342112519179 
6.569999999998027, -1.372862378720274 
6.5799999999980034, -1.3728601820974067 
6.58999999999798, -1.37267068918821 
6.599999999997957, -1.3723222671067643 
6.6099999999979335, -1.371834401807151 
6.61999999999791, -1.3712413697375283 
6.629999999997887, -1.3706347535413668 
6.639999999997864, -1.3702071870213046 
6.64999999999784, -1.3702331676325077 
6.659999999997817, -1.370925926058162 
6.669999999997794, -1.3722598973690006 
6.67999999999777, -1.373960389022543 
6.689999999997747, -1.3756755834626477 
6.699999999997724, -1.3771428020092027 
6.7099999999977005, -1.3782386851176456 
6.719999999997677, -1.37894802832982 
6.729999999997654, -1.3793139665831462 
6.7399999999976306, -1.3793998170556774 
6.749999999997607, -1.3792680849440186 
6.759999999997584, -1.378973528963832 
6.769999999997561, -1.378565761919602 
6.779999999997537, -1.3780965252655433 
6.789999999997514, -1.3776251298751174 
6.799999999997491, -1.3772144840303824 
6.809999999997467, -1.376915531836374 
6.819999999997444, -1.3767493081756024 
6.829999999997421, -1.3766997052663037 
6.8399999999973975, -1.376720857606071 
6.849999999997374, -1.3767531244963584 
6.859999999997351, -1.3767382620168713 
6.869999999997328, -1.3766267611624605 
6.879999999997304, -1.3763770207216368 
6.889999999997281, -1.3759513070834042 
6.899999999997258, -1.3753136716214553 
6.909999999997234, -1.374432670236589 
6.919999999997211, -1.3732899695521774 
6.929999999997188, -1.3718952801049364 
6.939999999997164, -1.370306780058066 
6.949999999997141, -1.3686502738200415 
6.959999999997118, -1.3671167791035403 
6.9699999999970945, -1.3659094849811557 
6.979999999997071, -1.3651442680403258 
6.989999999997048, -1.364781550742765 
6.999999999997025, -1.3646657686148964 
7.009999999997001, -1.3646284466593437 
7.019999999996978, -1.3645532099255322 
7.029999999996955, -1.3643760090927168 
7.039999999996931, -1.3640566019007045 
7.049999999996908, -1.3635511817301675 
7.059999999996885, -1.3627945744005312 
7.0699999999968615, -1.3616958734165805 
7.079999999996838, -1.3601633409292988 
7.089999999996815, -1.358191508468865 
7.0999999999967915, -1.3560235869490715 
7.109999999996768, -1.354264334897683 
7.119999999996745, -1.3536458245962248 
7.129999999996722, -1.3544342969909642 
7.139999999996698, -1.356155079654536 
7.149999999996675, -1.35803698672449 
7.159999999996652, -1.3595594890228155 
7.169999999996628, -1.360568816658144 
7.179999999996605, -1.3611204571405027 
7.189999999996582, -1.3613260050069127 
7.1999999999965585, -1.3612825965966875 
7.209999999996535, -1.361057685488675 
7.219999999996512, -1.3606977986631117 
7.229999999996489, -1.360248079255251 
7.239999999996465, -1.359778582067079 
7.249999999996442, -1.3594063688161735 
7.259999999996419, -1.3592845052923077 
7.269999999996395, -1.3595352948207196 
7.279999999996372, -1.360167884064546 
7.289999999996349, -1.3610641286820373 
7.299999999996325, -1.3620462558655064 
7.309999999996302, -1.3629552413774069 
7.319999999996279, -1.36368737037168 
7.3299999999962555, -1.3641932922893316 
7.339999999996232, -1.3644626488127494 
7.349999999996209, -1.3645085209530112 
7.359999999996186, -1.3643561052128774 
7.369999999996162, -1.3640361371914382 
7.379999999996139, -1.3635829118968432 
7.389999999996116, -1.3630362147000052 
7.399999999996092, -1.3624447350193913 
7.409999999996069, -1.3618663048580033 
7.419999999996046, -1.3613604633668677 
7.4299999999960225, -1.3609734716766932 
7.439999999995999, -1.3607220924324932 
7.449999999995976, -1.360585659967312 
7.4599999999959525, -1.3605132427150959 
7.469999999995929, -1.3604419274454673 
7.479999999995906, -1.360312575908678 
7.489999999995883, -1.3600737973934849 
7.499999999995859, -1.3596764798704604 
7.509999999995836, -1.3590664446730385 
7.519999999995813, -1.358181618089959 
7.529999999995789, -1.3569584261493586 
7.539999999995766, -1.355351617026017 
7.549999999995743, -1.3533701347881808 
7.5599999999957195, -1.3511239779424928 
7.569999999995696, -1.3488559696881153 
7.579999999995673, -1.346903805842459 
7.58999999999565, -1.3455548723508695 
7.599999999995626, -1.3448761019082411 
7.609999999995603, -1.34469241072048 
7.61999999999558, -1.3447374294211334 
7.629999999995556, -1.344804349779937 
7.639999999995533, -1.344785205236637 
7.64999999999551, -1.3446367430233788 
7.659999999995486, -1.3443377618728616 
7.669999999995463, -1.3438620120265148 
7.67999999999544, -1.343166818593739 
7.6899999999954165, -1.3421991683753602 
7.699999999995393, -1.3409345484089192 
7.70999999999537, -1.3394713925916784 
7.719999999995347, -1.33815881741421 
7.729999999995323, -1.337595314457627 
7.7399999999953, -1.3382882102264329 
7.749999999995277, -1.3401771931199584 
7.759999999995253, -1.3426265910424746 
7.76999999999523, -1.3449251824497188 
7.779999999995207, -1.3466792657429878 
7.789999999995183, -1.3478232483183958 
7.79999999999516, -1.3484567263759133 
7.809999999995137, -1.3487132434753213 
7.8199999999951135, -1.348703441097877 
7.82999999999509, -1.3485050547214823 
7.839999999995067, -1.3481729970867153 
7.849999999995044, -1.3477574828466956 
7.85999999999502, -1.3473250218124586 
7.869999999994997, -1.3469722486539732 
7.879999999994974, -1.3468132123872176 
7.88999999999495, -1.3469314646160027 
7.899999999994927, -1.347329416942669 
7.909999999994904, -1.3479245693286759 
7.9199999999948805, -1.3485939522798511 
7.929999999994857, -1.349223219466339 
7.939999999994834, -1.34973094829664 
7.9499999999948106, -1.3500704156400225 
7.959999999994787, -1.3502217940605221 
7.969999999994764, -1.3501834608773782 
7.979999999994741, -1.349965519335544 
7.989999999994717, -1.3495860130317034 
7.999999999994694, -1.3490698674650445 
8.00999999999467, -1.3484504660570455 
8.019999999994647, -1.3477726185583032 
8.029999999994624, -1.3470935786381033 
8.0399999999946, -1.3464776285361393 
8.049999999994577, -1.3459818751170227 
8.059999999994554, -1.3456366376140165 
8.06999999999453, -1.345431107777997 
8.079999999994508, -1.3453165048384692 
8.089999999994484, -1.34522607896333 
8.099999999994461, -1.3450955591895262 
8.109999999994438, -1.3448701875292182 
8.119999999994414, -1.344499079910559 
8.129999999994391, -1.343925273961481 
8.139999999994368, -1.3430788733172025 
8.149999999994344, -1.3418791150770715 
8.159999999994321, -1.3402519066034253 
8.169999999994298, -1.3381694099450692 
8.179999999994275, -1.335710679254061 
8.189999999994251, -1.3331174359268958 
8.199999999994228, -1.3307789297075814 
8.209999999994205, -1.3290804528624949 
8.219999999994181, -1.3281792157610979 
8.229999999994158, -1.3279227718572848 
8.239999999994135, -1.3280010539507114 
8.249999999994111, -1.3281481213639776 
8.259999999994088, -1.3282185749672248 
8.269999999994065, -1.328157556149628 
8.279999999994041, -1.3279486553396498 
8.289999999994018, -1.327578955720903 
8.299999999993995, -1.3270231660413634 
8.309999999993972, -1.3262434919205908 
8.319999999993948, -1.3252122086869986 
8.329999999993925, -1.3239752197884498 
8.339999999993902, -1.3227595271133976 
8.349999999993878, -1.322038290773532 
8.359999999993855, -1.3223590596425707 
8.369999999993832, -1.323916524776286 
8.379999999993808, -1.3263118051733742 
8.389999999993785, -1.3288426900663008 
8.399999999993762, -1.3309671527388989 
8.409999999993738, -1.33247880945015 
8.419999999993715, -1.3334106904490848 
8.429999999993692, -1.3338872601642264 
8.439999999993669, -1.3340346851740308 
8.449999999993645, -1.3339496755623361 
8.459999999993622, -1.3336996195657909 
8.469999999993599, -1.3333356436180377 
8.479999999993575, -1.332911040982017 
8.489999999993552, -1.3324995409983786 
8.499999999993529, -1.3322008793802271 
8.509999999993505, -1.3321170926720138 
8.519999999993482, -1.3323037855091528 
8.529999999993459, -1.3327358542235308 
8.539999999993436, -1.3333209466508555 
8.549999999993412, -1.333944378790156 
8.559999999993389, -1.3345072761266956 
8.569999999993366, -1.33494180204028 
8.579999999993342, -1.3352098892296753 
8.589999999993319, -1.3352960406170822 
8.599999999993296, -1.3352002546945636 
8.609999999993272, -1.3349329920664237 
8.619999999993249, -1.334512439680639 
8.629999999993226, -1.3339641679380603 
8.639999999993202, -1.3333230306539494 
8.64999999999318, -1.3326358085009065 
8.659999999993156, -1.3319610722733912 
8.669999999993133, -1.3313621173475714 
8.67999999999311, -1.330891589164942 
8.689999999993086, -1.3305724844751634 
8.699999999993063, -1.3303867889762844 
8.70999999999304, -1.3302820588788389 
8.719999999993016, -1.3301920913500895 
8.729999999992993, -1.330055130619028 
8.73999999999297, -1.3298185630704815 
8.749999999992946, -1.3294326138804586 
8.759999999992923, -1.3288411759088532 
8.7699999999929, -1.3279764815124477 
8.779999999992876, -1.3267628976193466 
8.789999999992853, -1.3251354418571055 
8.79999999999283, -1.3230776848613872 
8.809999999992806, -1.3206758692117468 
8.819999999992783, -1.3181642521966006 
8.82999999999276, -1.3159046920334423 
8.839999999992736, -1.314248689503196 
8.849999999992713, -1.313340699527291 
8.85999999999269, -1.3130458965126068 
8.869999999992666, -1.3130814210042545 
8.879999999992643, -1.3131970078707385 
8.88999999999262, -1.3132495372902677 
8.899999999992596, -1.3131804404854057 
8.909999999992573, -1.3129688687980752 
8.91999999999255, -1.3125980844837681 
8.929999999992527, -1.3120385913206511 
8.939999999992503, -1.3112451579304176 
8.94999999999248, -1.3101738150510784 
8.959999999992457, -1.3088373448252721 
8.969999999992433, -1.3074113234416616 
8.97999999999241, -1.306329214858768 
8.989999999992387, -1.3061785556066563 
8.999999999992363, -1.3072962234400651 
9.00999999999234, -1.3094215792661805 
9.019999999992317, -1.311872899682633 
9.029999999992294, -1.314035550983798 
9.03999999999227, -1.315625630186114 
9.049999999992247, -1.316634225820432 
9.059999999992224, -1.3171729867973612 
9.0699999999922, -1.3173682673079758 
9.079999999992177, -1.317319868873438 
9.089999999992154, -1.3170967551116708 
9.09999999999213, -1.316748249386618 
9.109999999992107, -1.3163220370181459 
9.119999999992084, -1.3158851964902745 
9.12999999999206, -1.3155385992188433 
9.139999999992037, -1.3154046952585623 
9.149999999992014, -1.315577800845399 
9.15999999999199, -1.3160675752697073 
9.169999999991967, -1.3167890496667116 
9.179999999991944, -1.3176071412545907 
9.18999999999192, -1.318391851536562 
9.199999999991897, -1.3190487570665534 
9.209999999991874, -1.3195236370368297 
9.21999999999185, -1.3197947015594313 
9.229999999991827, -1.3198625458091446 
9.239999999991804, -1.3197417979712032 
9.24999999999178, -1.31945537913611 
9.259999999991757, -1.3190317015709545 
9.269999999991734, -1.3185049511200175 
9.27999999999171, -1.3179174631035206 
9.289999999991688, -1.3173211135608558 
9.299999999991664, -1.3167734193596 
9.309999999991641, -1.3163262464177774 
9.319999999991618, -1.3160103749709948 
9.329999999991594, -1.3158236924994398 
9.339999999991571, -1.3157309228425629 
9.349999999991548, -1.3156763331276433 
9.359999999991524, -1.3156007425511116 
9.369999999991501, -1.3154515735742773 
9.379999999991478, -1.3151827534579683 
9.389999999991455, -1.3147492969448005 
9.399999999991431, -1.314102891084175 
9.409999999991408, -1.3131928660995478 
9.419999999991385, -1.3119751450638748 
9.429999999991361, -1.3104304239311069 
9.439999999991338, -1.3085906610084128 
9.449999999991315, -1.3065674870770763 
9.459999999991291, -1.3045641243043482 
9.469999999991268, -1.302839084769328 
9.479999999991245, -1.301605219852988 
9.489999999991221, -1.3009175419117356 
9.499999999991198, -1.300654268518117 
9.509999999991175, -1.300612604100254 
9.519999999991152, -1.300618459706265 
9.529999999991128, -1.3005673817560035 
9.539999999991105, -1.3004076179366122 
9.549999999991082, -1.3001081643090833 
9.559999999991058, -1.2996337229889368 
9.569999999991035, -1.2989295300899522 
9.579999999991012, -1.2979169243351047 
9.589999999990988, -1.296510132887632 
9.599999999990965, -1.2946784099062618 
9.609999999990942, -1.2925708321673564 
9.619999999990918, -1.2906385957866737 
9.629999999990895, -1.2895448706009647 
9.639999999990872, -1.2897346998700787 
9.649999999990849, -1.2910374999689478 
9.659999999990825, -1.2928167643366184 
9.669999999990802, -1.294466883557394 
9.679999999990779, -1.295690951159323 
9.689999999990755, -1.2964535572416305 
9.699999999990732, -1.2968345622566817 
9.709999999990709, -1.2969304663330345 
9.719999999990685, -1.2968165578892106 
9.729999999990662, -1.296542642991811 
9.739999999990639, -1.2961432652437357 
9.749999999990616, -1.2956566451880265 
9.759999999990592, -1.2951517532378956 
9.769999999990569, -1.2947547479461143 
9.779999999990546, -1.294645317397019 
9.789999999990522, -1.2949901286982053 
9.799999999990499, -1.2958386725585371 
9.809999999990476, -1.2970759117692547 
9.819999999990452, -1.2984814681771923 
9.829999999990429, -1.2998331971704478 
9.839999999990406, -1.3009745282493648 
9.849999999990382, -1.3018280707095018 
9.85999999999036, -1.3023789658022757 
9.869999999990336, -1.3026508327956843 
9.879999999990313, -1.3026852009118655 
9.88999999999029, -1.3025279401473067 
9.899999999990266, -1.3022232117636132 
9.909999999990243, -1.3018139494612597 
9.91999999999022, -1.301346369321125 
9.929999999990196, -1.3008739398848783 
9.939999999990173, -1.3004548382862224 
9.94999999999015, -1.30013991722801 
9.959999999990126, -1.2999565144171077 
9.969999999990103, -1.2998988921086487 
9.97999999999008, -1.299931342555005 
9.989999999990056, -1.3000009032132678 
9.999999999990033, -1.3000518702089776 
10.00999999999001, -1.300035304261714 
10.019999999989986, -1.2999115565532682 
10.029999999989963, -1.2996485891631837 
10.03999999998994, -1.2992201220511541 
10.049999999989916, -1.298606035187263 
10.059999999989893, -1.2977955216599377 
10.06999999998987, -1.2967926035489055 
10.079999999989846, -1.2956235480195313 
10.089999999989823, -1.2943451019827288 
10.0999999999898, -1.2930496453827325 
10.109999999989776, -1.2918583946164282 
10.119999999989753, -1.2908923127296776 
10.12999999998973, -1.290224057755939 
10.139999999989707, -1.2898416565348558 
10.149999999989683, -1.2896587005834437 
10.15999999998966, -1.2895631213479144 
10.169999999989637, -1.289460496203756 
10.179999999989613, -1.289285794120955 
10.18999999998959, -1.2889915510849301 
10.199999999989567, -1.2885292625956477 
10.209999999989543, -1.287832892671287 
10.21999999998952, -1.2868081308530368 
10.229999999989497, -1.2853342074844156 
10.239999999989474, -1.28329444271758 
10.24999999998945, -1.2806572331482544 
10.259999999989427, -1.2776034367554057 
10.269999999989404, -1.2746093824235891 
10.27999999998938, -1.2723133336164965 
10.289999999989357, -1.2711388278704636 
10.299999999989334, -1.2710095591984558 
10.30999999998931, -1.271480338221242 
10.319999999989287, -1.2720939388698418 
10.329999999989264, -1.2725847051698795 
10.33999999998924, -1.2728648642565765 
10.349999999989217, -1.2729367806954168 
10.359999999989194, -1.2728270669395783 
10.36999999998917, -1.27255630847806 
10.379999999989147, -1.272131161171897 
10.389999999989124, -1.2715498739433244 
10.3999999999891, -1.2708226743561453 
10.409999999989077, -1.2700145376895857 
10.419999999989054, -1.2693062487131546 
10.42999999998903, -1.2690229546972656 
10.439999999989007, -1.2695322698238845 
10.449999999988984, -1.2710002720245521 
10.45999999998896, -1.2732160118500224 
10.469999999988937, -1.2756978278374833 
10.479999999988914, -1.2779729264387614 
10.48999999998889, -1.2797657765877077 
10.499999999988868, -1.281009158726564 
10.509999999988844, -1.2817626604878447 
10.519999999988821, -1.2821304454061762 
10.529999999988798, -1.2822129303672898 
10.539999999988774, -1.2820893255613552 
10.549999999988751, -1.2818185344184276 
10.559999999988728, -1.2814491270831874 
10.569999999988704, -1.2810331546364204 
10.579999999988681, -1.280638203443035 
10.589999999988658, -1.2803478151192906 
10.599999999988635, -1.2802411381321144 
10.609999999988611, -1.2803589226738386 
10.619999999988588, -1.28068220729129 
10.629999999988565, -1.2811420332673196 
10.639999999988541, -1.2816493121927652 
10.649999999988518, -1.2821219374581203 
10.659999999988495, -1.282498089834406 
10.669999999988471, -1.2827380237108676 
10.679999999988448, -1.2828205661156296 
10.689999999988425, -1.282738752868438 
10.699999999988401, -1.2824963909942142 
10.709999999988378, -1.2821059114381215 
10.719999999988355, -1.281587649354821 
10.729999999988332, -1.2809707081443014 
10.739999999988308, -1.2802948391518822 
10.749999999988285, -1.2796111442687894 
10.759999999988262, -1.2789781451039277 
10.769999999988238, -1.2784508739672877 
10.779999999988215, -1.2780648254452187 
10.789999999988192, -1.2778220910423304 
10.799999999988168, -1.2776892765907384 
10.809999999988145, -1.27761018844133 
10.819999999988122, -1.277524165965238 
10.829999999988098, -1.2773774666323976 
10.839999999988075, -1.2771236950225018 
10.849999999988052, -1.2767179481780861 
10.859999999988029, -1.276111134807713 
10.869999999988005, -1.275249126019604 
10.879999999987982, -1.2740797910365962 
10.889999999987959, -1.2725697088585972 
10.899999999987935, -1.270730041286992 
10.909999999987912, -1.2686461913257518 
10.919999999987889, -1.2664965495141733 
10.929999999987865, -1.2645336940429075 
10.939999999987842, -1.2630051427511941 
10.949999999987819, -1.2620386685160778 
10.959999999987796, -1.2615808476128558 
10.969999999987772, -1.2614506521799922 
10.979999999987749, -1.2614521890316015 
10.989999999987726, -1.2614473916936773 
10.999999999987702, -1.2613619011342354 
11.009999999987679, -1.2611581638032554 
11.019999999987656, -1.260807299553354 
11.029999999987632, -1.2602694627124964 
11.039999999987609, -1.2594822398908234 
11.049999999987586, -1.25835906622633 
11.059999999987562, -1.2568097068455741 
11.06999999998754, -1.2548057237717651 
11.079999999987516, -1.2525011740585392 
11.089999999987493, -1.250337780493769 
11.09999999998747, -1.2489468588389392 
11.109999999987446, -1.248759151140873 
11.119999999987423, -1.2496554728241578 
11.1299999999874, -1.2510850591032603 
11.139999999987376, -1.2524912690244885 
11.149999999987353, -1.2535724174389062 
11.15999999998733, -1.2542633860473067 
11.169999999987306, -1.2546150020833644 
11.179999999987283, -1.254703669275774 
11.18999999998726, -1.25459213910917 
11.199999999987236, -1.254321269438172 
11.209999999987213, -1.253915997206281 
11.21999999998719, -1.253400209499181 
11.229999999987166, -1.252822220795648 
11.239999999987143, -1.2522897265614605 
11.24999999998712, -1.2519936104934377 
11.259999999987096, -1.2521738930648114 
11.269999999987073, -1.2530022016157771 
11.27999999998705, -1.254453919582859 
11.289999999987026, -1.2562963933971747 
11.299999999987003, -1.2582081190858039 
11.30999999998698, -1.2599168873586564 
11.319999999986956, -1.2612669186340477 
11.329999999986933, -1.2622138588604508 
11.33999999998691, -1.262786620969332 
11.349999999986887, -1.263047505026609 
11.359999999986863, -1.263064459964099 
11.36999999998684, -1.2628976579519409 
11.379999999986817, -1.2625974697277695 
11.389999999986793, -1.2622098265381367 
11.39999999998677, -1.2617847805648985 
11.409999999986747, -1.2613825677145867 
11.419999999986723, -1.26106982692319 
11.4299999999867, -1.2609026475071512 
11.439999999986677, -1.2609050421017258 
11.449999999986654, -1.261059077003232 
11.45999999998663, -1.2613136745022862 
11.469999999986607, -1.2616037225056418 
11.479999999986584, -1.2618671811253774 
11.48999999998656, -1.2620542607910399 
11.499999999986537, -1.2621294430448584 
11.509999999986514, -1.2620698565227981 
11.51999999998649, -1.261863051373633 
11.529999999986467, -1.261505591000627 
11.539999999986444, -1.2610027129947239 
11.54999999998642, -1.260369022833663 
11.559999999986397, -1.2596302229039036 
11.569999999986374, -1.2588254141887025 
11.57999999998635, -1.2580081602929685 
11.589999999986327, -1.257242974722667 
11.599999999986304, -1.25659400004859 
11.60999999998628, -1.256106404625203 
11.619999999986257, -1.2557884102552859 
11.629999999986234, -1.2556067109935631 
11.63999999998621, -1.255500516462575 
11.649999999986187, -1.2554035352064896 
11.659999999986164, -1.2552581358611758 
11.66999999998614, -1.255016274816075 
11.679999999986117, -1.2546323020003594 
11.689999999986094, -1.2540548103443336 
11.69999999998607, -1.253222654413308 
11.709999999986048, -1.252069071214699 
11.719999999986024, -1.2505375883684866 
11.729999999986001, -1.2486115736199248 
11.739999999985978, -1.2463531992196346 
11.749999999985954, -1.2439355793501186 
11.759999999985931, -1.2416364977602279 
11.769999999985908, -1.2397613304039214 
11.779999999985884, -1.2385091028487627 
11.789999999985861, -1.2378745880235382 
11.799999999985838, -1.2376784482086307 
11.809999999985815, -1.237691978514238 
11.819999999985791, -1.2377394641368527 
11.829999999985768, -1.2377227732210385 
11.839999999985745, -1.2375969017645099 
11.849999999985721, -1.2373375871103849 
11.859999999985698, -1.236917835449216 
11.869999999985675, -1.2362937771796618 
11.879999999985651, -1.2353983585929276 
11.889999999985628, -1.234148004569853 
11.899999999985605, -1.2324781074557043 
11.909999999985581, -1.2304272896387114 
11.919999999985558, -1.2282560126382236 
11.929999999985535, -1.2264854666915999 
11.939999999985512, -1.2256856545351142 
11.949999999985488, -1.2260727298452596 
11.959999999985465, -1.2273298405195585 
11.969999999985442, -1.228875130966597 
11.979999999985418, -1.2302448956035033 
11.989999999985395, -1.2312374284764669 
11.999999999985372, -1.231842197194387 
12.009999999985348, -1.2321268311269082 
12.019999999985325, -1.2321669887673266 
12.029999999985302, -1.232019840980969 
12.039999999985278, -1.2317210397496923 
12.049999999985255, -1.2312924162049401 
12.059999999985232, -1.2307576916344154 
12.069999999985209, -1.2301687170372975 
12.079999999985185, -1.2296403700672325 
12.089999999985162, -1.2293719280200528 
12.099999999985139, -1.229608419907951 
12.109999999985115, -1.2305200066086222 
12.119999999985092, -1.232074835605183 
12.129999999985069, -1.234029125047236 
12.139999999985045, -1.2360483412920806 
12.149999999985022, -1.2378491158267124 
12.159999999984999, -1.2392702113117167 
12.169999999984976, -1.2402681722733786 
12.179999999984952, -1.240876698889569 
12.189999999984929, -1.241163639482921 
12.199999999984906, -1.2412012792916667 
12.209999999984882, -1.2410522807921223 
12.219999999984859, -1.2407677428773098 
12.229999999984836, -1.24039291584548 
12.239999999984812, -1.2399765320998992 
12.249999999984789, -1.2395786017535186 
12.259999999984766, -1.239269202318415 
12.269999999984742, -1.239112835499979 
12.27999999998472, -1.23914426646135 
12.289999999984696, -1.2393531555156512 
12.299999999984673, -1.2396893310528698 
12.30999999998465, -1.2400828064102192 
12.319999999984626, -1.2404641671707028 
12.329999999984603, -1.2407766848420683 
12.33999999998458, -1.240979956616176 
12.349999999984556, -1.2410487241102126 
12.359999999984533, -1.2409702957901696 
12.36999999998451, -1.2407423172866694 
12.379999999984486, -1.240371330247875 
12.389999999984463, -1.239872173674583 
12.39999999998444, -1.2392683772080049 
12.409999999984416, -1.2385934581498221 
12.419999999984393, -1.2378919627053666 
12.42999999998437, -1.2372176873089509 
12.439999999984346, -1.2366263556455817 
12.449999999984323, -1.236162498562053 
12.4599999999843, -1.235844883165279 
12.469999999984276, -1.2356586146513258 
12.479999999984253, -1.2355601796766666 
12.48999999998423, -1.2354926751281101 
12.499999999984206, -1.2354006461945892 
12.509999999984183, -1.2352363898983652 
12.51999999998416, -1.2349580009245884 
12.529999999984136, -1.2345243784956907 
12.539999999984113, -1.2338922075723935 
12.54999999998409, -1.2330180032260953 
12.559999999984067, -1.2318665613976658 
12.569999999984043, -1.2304254402144317 
12.57999999998402, -1.2287231035032251 
12.589999999983997, -1.2268457601075364 
12.599999999983973, -1.2249435790089134 
12.60999999998395, -1.2232116962233897 
12.619999999983927, -1.2218350814024845 
12.629999999983903, -1.2209133148120461 
12.63999999998388, -1.2204170014343299 
12.649999999983857, -1.2202164048527382 
12.659999999983834, -1.2201563327957943 
12.66999999998381, -1.2201145421555597 
12.679999999983787, -1.2200155495750264 
12.689999999983764, -1.2198152688896968 
12.69999999998374, -1.219479124367918 
12.709999999983717, -1.2189639237625207 
12.719999999983694, -1.2182049119483938 
12.72999999998367, -1.217109220380944 
12.739999999983647, -1.2155631875041601 
12.749999999983624, -1.2134702493473555 
12.7599999999836, -1.2108368375347491 
12.769999999983577, -1.2078888234457152 
12.779999999983554, -1.2051166476134145 
12.78999999998353, -1.2031059966487203 
12.799999999983507, -1.2021904533104526 
12.809999999983484, -1.2022444846932534 
12.81999999998346, -1.2028370821977554 
12.829999999983437, -1.2035437024259628 
12.839999999983414, -1.204116213963207 
12.84999999998339, -1.2044706365645859 
12.859999999983367, -1.2046099389416498 
12.869999999983344, -1.2045630327884578 
12.87999999998332, -1.2043545561185725 
12.889999999983297, -1.2039948020183031 
12.899999999983274, -1.2034803561181584 
12.90999999998325, -1.2028037880157427 
12.919999999983228, -1.201977958397423 
12.929999999983204, -1.201082230562164 
12.939999999983181, -1.200321249758733 
12.949999999983158, -1.200040503634681 
12.959999999983134, -1.2006096110191473 
12.969999999983111, -1.2021796764821118 
12.979999999983088, -1.2045198424054315 
12.989999999983064, -1.2071277983631616 
12.999999999983041, -1.2095120513331612 
13.009999999983018, -1.211388010784202 
13.019999999982995, -1.212691185592266 
13.029999999982971, -1.2134896384971419 
13.039999999982948, -1.2138952372020717 
13.049999999982925, -1.214012610533967 
13.059999999982901, -1.2139215213162724 
13.069999999982878, -1.2136779221079643 
13.079999999982855, -1.2133236257538111 
13.089999999982831, -1.2129006129435025 
13.099999999982808, -1.2124679735897614 
13.109999999982785, -1.2121153045562552 
13.119999999982761, -1.2119586003550045 
13.129999999982738, -1.2121062898371078 
13.139999999982715, -1.2126073422620804 
13.149999999982692, -1.2134203145451368 
13.159999999982668, -1.2144295627550359 
13.169999999982645, -1.2154921494745403 
13.179999999982622, -1.2164807731633058 
13.189999999982598, -1.2173053592392389 
13.199999999982575, -1.2179163127809647 
13.209999999982552, -1.2182983290844687 
13.219999999982528, -1.218460915664118 
13.229999999982505, -1.2184287079279317 
13.239999999982482, -1.2182335393832395 
13.249999999982458, -1.2179098313895786 
13.259999999982435, -1.2174939724175833 
13.269999999982412, -1.2170267475246166 
13.279999999982389, -1.2165558489203578 
13.289999999982365, -1.2161340684960953 
13.299999999982342, -1.2158102644069322 
13.309999999982319, -1.2156157323611372 
13.319999999982295, -1.2155538502846057 
13.329999999982272, -1.2155995076555295 
13.339999999982249, -1.2157080154753652 
13.349999999982225, -1.215827805604304 
13.359999999982202, -1.2159107648102254 
13.369999999982179, -1.2159172818833002 
13.379999999982156, -1.2158169347386962 
13.389999999982132, -1.2155875192686014 
13.399999999982109, -1.2152145050349485 
13.409999999982086, -1.21469155967229 
13.419999999982062, -1.214021910862407 
13.429999999982039, -1.2132202667051506 
13.439999999982016, -1.2123151732884756 
13.449999999981992, -1.2113512515673093 
13.459999999981969, -1.210389421356687 
13.469999999981946, -1.2095017082287154 
13.479999999981922, -1.2087575192779372 
13.4899999999819, -1.2082028445349446 
13.499999999981876, -1.207842110271687 
13.509999999981853, -1.2076360581654373 
13.51999999998183, -1.2075188077981636 
13.529999999981806, -1.2074212297230256 
13.539999999981783, -1.2072850381376674 
13.54999999998176, -1.2070633632205108 
13.559999999981736, -1.2067133283561453 
13.569999999981713, -1.206187499761866 
13.57999999998169, -1.205428830276623 
13.589999999981666, -1.2043725351610863 
13.599999999981643, -1.2029582784431263 
13.60999999998162, -1.2011547030719814 
13.619999999981596, -1.198993427029478 
13.629999999981573, -1.1966006620195588 
13.63999999998155, -1.1942039486529428 
13.649999999981526, -1.1920877902867753 
13.659999999981503, -1.1904936611598191 
13.66999999998148, -1.1895135394810967 
13.679999999981456, -1.1890598266572847 
13.689999999981433, -1.1889380434280463 
13.69999999998141, -1.1889530934929506 
13.709999999981386, -1.1889697361253564 
13.719999999981363, -1.1889147113415686 
13.72999999998134, -1.1887517665862561 
13.739999999981316, -1.1884558878238498 
13.749999999981293, -1.1879948882499094 
13.75999999998127, -1.187317381339487 
13.769999999981247, -1.18634645099004 
13.779999999981223, -1.1849841715447555 
13.7899999999812, -1.1831409310432635 
13.799999999981177, -1.180807292287898 
13.809999999981153, -1.1781618676241163 
13.81999999998113, -1.1756351382029153 
13.829999999981107, -1.1737890611220003 
13.839999999981083, -1.1729983835155147 
13.84999999998106, -1.1732021982016343 
13.859999999981037, -1.1739929568168082 
13.869999999981014, -1.1749202553905835 
13.87999999998099, -1.1756986498853093 
13.889999999980967, -1.1762235239807375 
13.899999999980944, -1.1764963226412304 
13.90999999998092, -1.176555131809815 
13.919999999980897, -1.176437277273559 
13.929999999980874, -1.176165650804532 
13.93999999998085, -1.1757471895971043 
13.949999999980827, -1.1751785473530234 
13.959999999980804, -1.1744609888908664 
13.96999999998078, -1.1736310628253324 
13.979999999980757, -1.1728094887088671 
13.989999999980734, -1.1722454907728537 
13.99999999998071, -1.1722908462475803 
14.009999999980687, -1.1732424888038262 
14.019999999980664, -1.1751233665133298 
14.02999999998064, -1.1776089911720837 
14.039999999980617, -1.180197680664444 
14.049999999980594, -1.1824650607163172 
14.05999999998057, -1.184198328708241 
14.069999999980547, -1.1853758968677306 
14.079999999980524, -1.1860800387971784 
14.0899999999805, -1.1864207625564318 
14.099999999980477, -1.1864953742835658 
14.109999999980454, -1.1863762616535967 
14.11999999998043, -1.1861137710982452 
14.129999999980408, -1.1857461089210184 
14.139999999980384, -1.1853134937750531 
14.149999999980361, -1.1848751599657978 
14.159999999980338, -1.1845234113838388 
14.169999999980314, -1.1843807824819357 
14.179999999980291, -1.1845666057935023 
14.189999999980268, -1.1851420931667267 
14.199999999980244, -1.1860723708699157 
14.209999999980221, -1.1872368855169213 
14.219999999980198, -1.188477167022015 
14.229999999980175, -1.189646246078248 
14.239999999980151, -1.190637253456076 
14.249999999980128, -1.191390703441745 
14.259999999980105, -1.19188882306039 
14.269999999980081, -1.1921441226318852 
14.279999999980058, -1.1921867776140123 
14.289999999980035, -1.1920540683866536 
14.299999999980011, -1.1917840978389969 
14.309999999979988, -1.1914145271469079 
14.319999999979965, -1.1909853646656647 
14.329999999979941, -1.1905430365877492 
14.339999999979918, -1.1901412560047673 
14.349999999979895, -1.1898343654256665 
14.359999999979872, -1.1896634119682428 
14.369999999979848, -1.1896422987869164 
14.379999999979825, -1.1897531799857652 
14.389999999979802, -1.189953569384971 
14.399999999979778, -1.1901897371548922 
14.409999999979755, -1.1904090994104997 
14.419999999979732, -1.1905675705300678 
14.429999999979708, -1.1906319167970187 
14.439999999979685, -1.1905793098036375 
14.449999999979662, -1.190396213665453 
14.459999999979638, -1.190077641060714 
14.469999999979615, -1.1896269364642564 
14.479999999979592, -1.1890560171352367 
14.489999999979569, -1.1883861082806157 
14.499999999979545, -1.1876488721660778 
14.509999999979522, -1.1868870708902504 
14.519999999979499, -1.1861527919443318 
14.529999999979475, -1.1855009281128839 
14.539999999979452, -1.1849773398354266 
14.549999999979429, -1.1846050255016056 
14.559999999979405, -1.1843753891757507 
14.569999999979382, -1.1842509040777627 
14.579999999979359, -1.1841781347353102 
14.589999999979335, -1.1841024419968544 
14.599999999979312, -1.1839761107716809 
14.609999999979289, -1.1837585014302885 
14.619999999979266, -1.1834121456844984 
14.629999999979242, -1.182899442857384 
14.639999999979219, -1.1821830325602365 
14.649999999979196, -1.1812310958986774 
14.659999999979172, -1.180027091475965 
14.669999999979149, -1.178581836441074 
14.679999999979126, -1.1769447900902827 
14.689999999979102, -1.1752105330433422 
14.69999999997908, -1.1735145974889314 
14.709999999979056, -1.1720111853158515 
14.719999999979033, -1.170830495829577 
14.72999999997901, -1.1700308372160373 
14.739999999978986, -1.169577287868813 
14.749999999978963, -1.169366125582763 
14.75999999997894, -1.16927574572471 
14.769999999978916, -1.1692063430467592 
14.779999999978893, -1.169090838109743 
14.78999999997887, -1.1688852571307602 
14.799999999978846, -1.168552820744598 
14.809999999978823, -1.1680495546235903 
14.8199999999788, -1.16731363032659 
14.829999999978776, -1.1662601836903188 
14.839999999978753, -1.1647869411211318 
14.84999999997873, -1.16280059855611 
14.859999999978706, -1.1602728495953885 
14.869999999978683, -1.1573171134185511 
14.87999999997866, -1.1542386713164705 
14.889999999978636, -1.1514829235866748 
14.899999999978613, -1.1494549828862817 
14.90999999997859, -1.1483163937534593 
14.919999999978566, -1.1479311299454593 
14.929999999978543, -1.147998224443612 
14.93999999997852, -1.1482299262018034 
14.949999999978496, -1.148442046005138 
14.959999999978473, -1.148549675442999 
14.96999999997845, -1.1485260621077167 
14.979999999978427, -1.1483657396885374 
14.989999999978403, -1.1480620919725482 
14.99999999997838, -1.1475956115742754 
15.009999999978357, -1.1469283550194858 
15.019999999978333, -1.1460044716890108 
15.02999999997831, -1.144763142205233 
15.039999999978287, -1.1431765489470842 
15.049999999978263, -1.1413218301211825 
15.05999999997824, -1.1394613967742382 
15.069999999978217, -1.138039573156166 
15.079999999978194, -1.1374966647117728 
15.08999999997817, -1.1379785544097702 
15.099999999978147, -1.1392214194007042 
15.109999999978124, -1.1407450904151486 
15.1199999999781, -1.142140546855615 
15.129999999978077, -1.1432030551052264 
15.139999999978054, -1.143898224511172 
15.14999999997803, -1.1442750540340678 
15.159999999978007, -1.1444012587341825 
15.169999999977984, -1.1443330275907644 
15.17999999997796, -1.1441066820385002 
15.189999999977937, -1.1437404808456664 
15.199999999977914, -1.1432417553035683 
15.20999999997789, -1.1426205425684244 
15.219999999977867, -1.1419142770218866 
15.229999999977844, -1.141225218521559 
15.23999999997782, -1.1407554444698327 
15.249999999977797, -1.1407947576587534 
15.259999999977774, -1.1416135675391317 
15.26999999997775, -1.1432913775352014 
15.279999999977727, -1.1456195833344898 
15.289999999977704, -1.1481858215600504 
15.29999999997768, -1.1505726525299333 
15.309999999977657, -1.1525115030952395 
15.319999999977634, -1.153914600084001 
15.32999999997761, -1.1548209654274697 
15.339999999977588, -1.1553246533661663 
15.349999999977564, -1.1555245196525994 
15.359999999977541, -1.1555013926663735 
15.369999999977518, -1.1553139161195842 
15.379999999977494, -1.1550040830713195 
15.389999999977471, -1.1546078172719836 
15.399999999977448, -1.154169113051099 
15.409999999977424, -1.1537555438934954 
15.419999999977401, -1.1534674541766634 
15.429999999977378, -1.1534270769528423 
15.439999999977355, -1.153739678828543 
15.449999999977331, -1.1544432086399206 
15.459999999977308, -1.1554825522460854 
15.469999999977285, -1.1567282209423353 
15.479999999977261, -1.1580228051937111 
15.489999999977238, -1.1592246861439177 
15.499999999977215, -1.1602327488008919 
15.509999999977191, -1.1609926910317083 
15.519999999977168, -1.1614914767410007 
15.529999999977145, -1.1617457651143628 
15.539999999977121, -1.1617888379945405 
15.549999999977098, -1.1616597575570675 
15.559999999977075, -1.161397191406007 
15.569999999977052, -1.1610385061747064 
15.579999999977028, -1.1606230087731502 
15.589999999977005, -1.1601966269417878 
15.599999999976982, -1.1598136895817808 
15.609999999976958, -1.1595312131892033 
15.619999999976935, -1.1593950169493492 
15.629999999976912, -1.159424317675191 
15.639999999976888, -1.1596048163943968 
15.649999999976865, -1.159894460662918 
15.659999999976842, -1.1602370989469462 
15.669999999976818, -1.16057607780277 
15.679999999976795, -1.1608629492726024 
15.689999999976772, -1.161060878775192 
15.699999999976749, -1.1611447503149204 
15.709999999976725, -1.1611000897264205 
15.719999999976702, -1.160921957319713 
15.729999999976679, -1.160614076226528 
15.739999999976655, -1.160188172691333 
15.749999999976632, -1.1596636649132157 
15.759999999976609, -1.1590679127844596 
15.769999999976585, -1.158436712749432 
15.779999999976562, -1.1578136375970487 
15.789999999976539, -1.1572461274857697 
15.799999999976515, -1.1567772491646608 
15.809999999976492, -1.156434919087848 
15.819999999976469, -1.1562232432552808 
15.829999999976446, -1.1561208435687926 
15.839999999976422, -1.156087536630362 
15.849999999976399, -1.1560755528657893 
15.859999999976376, -1.156039118728624 
15.869999999976352, -1.1559388050106487 
15.879999999976329, -1.1557414613765549 
15.889999999976306, -1.1554188256954259 
15.899999999976282, -1.1549474015810797 
15.90999999997626, -1.1543105019640485 
15.919999999976236, -1.1535018533852714 
15.929999999976213, -1.152529541063174 
15.93999999997619, -1.1514193699065536 
15.949999999976166, -1.1502171498116935 
15.959999999976143, -1.1489889521252787 
15.96999999997612, -1.1478169000183043 
15.979999999976096, -1.1467871293138558 
15.989999999976073, -1.145969107962432 
15.99999999997605, -1.1453929371907114 
16.009999999976028, -1.145038247833952 
16.019999999976005, -1.1448441387348542 
16.02999999997598, -1.1447338074855125 
16.039999999975958, -1.1446369236097174 
16.049999999975935, -1.1444986257345833 
16.05999999997591, -1.1442762783268106 
16.069999999975888, -1.1439308428360317 
16.079999999975865, -1.143418566897841 
16.08999999997584, -1.1426863493284525 
16.099999999975818, -1.14167345477571 
16.109999999975795, -1.14032238832495 
16.11999999997577, -1.1386003346073024 
16.129999999975748, -1.136527913137045 
16.139999999975725, -1.1342049484626515 
16.1499999999757, -1.1318169891473517 
16.15999999997568, -1.1296062437712493 
16.169999999975655, -1.1278029458844097 
16.17999999997563, -1.12654159967258 
16.18999999997561, -1.1258130938210784 
16.199999999975585, -1.1254889385167146 
16.20999999997556, -1.1253963328331313 
16.21999999997554, -1.1253863393885664 
16.229999999975515, -1.1253606890512358 
16.239999999975492, -1.1252642066272103 
16.24999999997547, -1.1250647217671719 
16.259999999975445, -1.1247343277753654 
16.269999999975422, -1.124235473951514 
16.2799999999754, -1.123511169259039 
16.289999999975375, -1.122479707346907 
16.299999999975352, -1.1210387480010264 
16.30999999997533, -1.1190892522461722 
16.319999999975305, -1.1165906904284597 
16.329999999975282, -1.1136423296271356 
16.33999999997526, -1.1105434156217717 
16.349999999975235, -1.1077492288551825 
16.359999999975212, -1.1056875353778342 
16.36999999997519, -1.1045429243999936 
16.379999999975166, -1.104190606792306 
16.389999999975142, -1.104324744459689 
16.39999999997512, -1.1046423025747685 
16.409999999975096, -1.104943575991697 
16.419999999975072, -1.1051346183116693 
16.42999999997505, -1.1051871189354963 
16.439999999975026, -1.105099660158988 
16.449999999975002, -1.104873419859676 
16.45999999997498, -1.1044994652811568 
16.469999999974956, -1.1039523596981873 
16.479999999974932, -1.1031877339440899 
16.48999999997491, -1.102146120532451 
16.499999999974886, -1.100770938149498 
16.509999999974863, -1.0990520306002864 
16.51999999997484, -1.0970964442902047 
16.529999999974816, -1.0951894617503768 
16.539999999974793, -1.0937579444316625 
16.54999999997477, -1.0931769826730984 
16.559999999974746, -1.0935308095191785 
16.569999999974723, -1.0945577104302422 
16.5799999999747, -1.0958364779795309 
16.589999999974676, -1.097018556460735 
16.599999999974653, -1.0979266302515027 
16.60999999997463, -1.0985242842152758 
16.619999999974606, -1.0988459962659416 
16.629999999974583, -1.0989442069762143 
16.63999999997456, -1.0988631415269432 
16.649999999974536, -1.0986301535293137 
16.659999999974513, -1.0982553510184314 
16.66999999997449, -1.0977353381037405 
16.679999999974466, -1.0970618125225926 
16.689999999974443, -1.09623968190066 
16.69999999997442, -1.0953204330255413 
16.709999999974396, -1.0944479635923023 
16.719999999974373, -1.0938876666517339 
16.72999999997435, -1.0939785908499098 
16.739999999974327, -1.0949730457922209 
16.749999999974303, -1.096848446159396 
16.75999999997428, -1.0992684210881598 
16.769999999974257, -1.1017541847045662 
16.779999999974233, -1.1039152118323812 
16.78999999997421, -1.1055633342568734 
16.799999999974187, -1.1066865639160257 
16.809999999974163, -1.1073654293122221 
16.81999999997414, -1.1077028665958033 
16.829999999974117, -1.1077879658033642 
16.839999999974093, -1.1076851091376119 
16.84999999997407, -1.107435895962646 
16.859999999974047, -1.1070664900125906 
16.869999999974024, -1.1065985820926711 
16.879999999974, -1.1060654553142677 
16.889999999973977, -1.1055343055256224 
16.899999999973954, -1.1051292261558294 
16.90999999997393, -1.105035579174643 
16.919999999973907, -1.1054585367833427 
16.929999999973884, -1.1065322606669148 
16.93999999997386, -1.1082301014718188 
16.949999999973837, -1.1103487983183293 
16.959999999973814, -1.1125852894830293 
16.96999999997379, -1.114650682896307 
16.979999999973767, -1.1163520361563488 
16.989999999973744, -1.1176134440183123 
16.99999999997372, -1.118450401295558 
17.009999999973697, -1.1189273239350483 
17.019999999973674, -1.1191214376381362 
17.02999999997365, -1.1191019644811253 
17.039999999973627, -1.1189231699915214 
17.049999999973604, -1.1186265071035604 
17.05999999997358, -1.118248143856489 
17.069999999973557, -1.117829827704647 
17.079999999973534, -1.117430651883041 
17.08999999997351, -1.1171339135008636 
17.099999999973488, -1.1170397030190347 
17.109999999973464, -1.1172378095914706 
17.11999999997344, -1.1177709299697927 
17.129999999973418, -1.1186117550286705 
17.139999999973394, -1.1196698896912816 
17.14999999997337, -1.120821663466372 
17.159999999973348, -1.1219433572504938 
17.169999999973324, -1.1229343687236089 
17.1799999999733, -1.1237279460531504 
17.189999999973278, -1.1242924592735408 
17.199999999973254, -1.1246263431829882 
17.20999999997323, -1.124749249141744 
17.219999999973208, -1.1246922567627107 
17.229999999973185, -1.1244901262767106 
17.23999999997316, -1.124177570771732 
17.249999999973138, -1.1237898540345759 
17.259999999973115, -1.1233663849917706 
17.26999999997309, -1.1229544071136472 
17.279999999973068, -1.1226085905707408 
17.289999999973045, -1.122383073260532 
17.29999999997302, -1.1223171624514283 
17.309999999972998, -1.1224220920625019 
17.319999999972975, -1.1226771752810993 
17.32999999997295, -1.1230371932865217 
17.339999999972928, -1.123445620902794 
17.349999999972905, -1.1238467862235733 
17.35999999997288, -1.1241933530565016 
17.36999999997286, -1.1244492508710855 
17.379999999972835, -1.1245899254754164 
17.38999999997281, -1.1246016358484179 
17.39999999997279, -1.1244805909543536 
17.409999999972765, -1.124231990386087 
17.41999999997274, -1.123868931698202 
17.42999999997272, -1.123411488661714 
17.439999999972695, -1.122886434026419 
17.449999999972672, -1.122327542255407 
17.45999999997265, -1.1217752613621033 
17.469999999972625, -1.1212737133982253 
17.479999999972602, -1.1208637532477188 
17.48999999997258, -1.120573470262674 
17.499999999972555, -1.1204102143875678 
17.509999999972532, -1.1203583578048026 
17.51999999997251, -1.1203840449644396 
17.529999999972485, -1.1204442938396477 
17.539999999972462, -1.120495895068889 
17.54999999997244, -1.1205008749883139 
17.559999999972415, -1.1204282823816045 
17.569999999972392, -1.1202540874739273 
17.57999999997237, -1.1199610233685466 
17.589999999972346, -1.119539108562495 
17.599999999972322, -1.118986618392766 
17.6099999999723, -1.1183110413581774 
17.619999999972276, -1.117529871109346 
17.629999999972252, -1.1166713190393946 
17.63999999997223, -1.1157747101561017 
17.649999999972206, -1.114889488237644 
17.659999999972182, -1.114071023555562 
17.66999999997216, -1.1133718216926278 
17.679999999972136, -1.112829094577785 
17.689999999972112, -1.1124533304668665 
17.69999999997209, -1.1122244293754515 
17.709999999972066, -1.1120986337679475 
17.719999999972043, -1.112022229774923 
17.72999999997202, -1.1119438052793644 
17.739999999971996, -1.111819710656584 
17.749999999971973, -1.1116131796611282 
17.75999999997195, -1.1112908356943305 
17.769999999971926, -1.110820245476594 
17.779999999971903, -1.1101707360545285 
17.78999999997188, -1.1093180557554256 
17.799999999971856, -1.1082518062313462 
17.809999999971833, -1.1069832935376134 
17.81999999997181, -1.105551268222582 
17.829999999971786, -1.104023785157734 
17.839999999971763, -1.1024947512360297 
17.84999999997174, -1.1010730073467596 
17.859999999971716, -1.0998620441629188 
17.869999999971693, -1.0989330894858187 
17.87999999997167, -1.0983027366831908 
17.889999999971646, -1.0979296635307456 
17.899999999971623, -1.097734435104694 
17.9099999999716, -1.0976293451175223 
17.919999999971576, -1.0975402228635345 
17.929999999971553, -1.0974125702351452 
17.93999999997153, -1.0972061133812143 
17.949999999971507, -1.0968851794780483 
17.959999999971483, -1.096409923832635 
17.96999999997146, -1.0957309658055565 
17.979999999971437, -1.0947895475215395 
17.989999999971413, -1.0935259093349683 
17.99999999997139, -1.0918978676304527 
18.009999999971367, -1.089907556284128 
18.019999999971343, -1.08762746158065 
18.02999999997132, -1.0852113033590192 
18.039999999971297, -1.0828758891689232 
18.049999999971273, -1.0808494981873626 
18.05999999997125, -1.0793008557200214 
18.069999999971227, -1.0782829939366694 
18.079999999971204, -1.0777272458349 
18.08999999997118, -1.0774905000844615 
18.099999999971157, -1.0774201183854302 
18.109999999971134, -1.0773969632352276 
18.11999999997111, -1.0773450503588373 
18.129999999971087, -1.0772201803529928 
18.139999999971064, -1.07699298721217 
18.14999999997104, -1.076634269475952 
18.159999999971017, -1.076104129111712 
18.169999999970994, -1.0753446311136883 
18.17999999997097, -1.0742773014982183 
18.189999999970947, -1.072810207848528 
18.199999999970924, -1.0708622139335113 
18.2099999999709, -1.0684091053052407 
18.219999999970877, -1.0655412861599545 
18.229999999970854, -1.0624982152066567 
18.23999999997083, -1.0596336420253072 
18.249999999970807, -1.0572986320613873 
18.259999999970784, -1.0556993337084517 
18.26999999997076, -1.0548260752111278 
18.279999999970737, -1.0544998071380933 
18.289999999970714, -1.0544855399732405 
18.29999999997069, -1.0545863637863326 
18.309999999970668, -1.0546775764664018 
18.319999999970644, -1.0546957848157743 
18.32999999997062, -1.0546131326403054 
18.339999999970598, -1.054414607341119 
18.349999999970574, -1.0540826184459466 
18.35999999997055, -1.0535869384133734 
18.369999999970528, -1.0528777083160157 
18.379999999970504, -1.0518815787501663 
18.38999999997048, -1.0505050796037143 
18.399999999970458, -1.04865410373642 
18.409999999970434, -1.0462796863491428 
18.41999999997041, -1.0434479788817146 
18.429999999970388, -1.0403991181303436 
18.439999999970365, -1.03752757093315 
18.44999999997034, -1.035244608755469 
18.459999999970318, -1.033790242343011 
18.469999999970295, -1.033137635405904 
18.47999999997027, -1.033058499951512 
18.489999999970248, -1.0332719436131517 
18.499999999970225, -1.033557507656289 
18.5099999999702, -1.0337877779673812 
18.519999999970178, -1.03390814000479 
18.529999999970155, -1.0339034606320194 
18.53999999997013, -1.0337719460487005 
18.549999999970108, -1.033509232723571 
18.559999999970085, -1.0330992696028143 
18.56999999997006, -1.0325084806012457 
18.57999999997004, -1.0316819572372051 
18.589999999970015, -1.030543761771909 
18.59999999996999, -1.0290077903158847 
18.60999999996997, -1.0270093485713854 
18.619999999969945, -1.024563596843086 
18.62999999996992, -1.0218338906059807 
18.6399999999699, -1.019153693390919 
18.649999999969875, -1.0169369726024287 
18.659999999969852, -1.0154925454548636 
18.66999999996983, -1.0148746937023065 
18.679999999969805, -1.0148935229009015 
18.689999999969782, -1.0152563394800125 
18.69999999996976, -1.0157092232693468 
18.709999999969735, -1.0160969623672773 
18.719999999969712, -1.0163524681910274 
18.72999999996969, -1.0164609266553053 
18.739999999969665, -1.0164282810300025 
18.749999999969642, -1.0162617006524308 
18.75999999996962, -1.0159592004877998 
18.769999999969595, -1.015503953749661 
18.779999999969572, -1.0148605839214953 
18.78999999996955, -1.0139733606347192 
18.799999999969526, -1.0127695608127372 
18.809999999969502, -1.0111752543167305 
18.81999999996948, -1.0091527397477995 
18.829999999969456, -1.0067606280765697 
18.839999999969432, -1.0042099579603443 
18.84999999996941, -1.0018554892901714 
18.859999999969386, -1.0000750636808458 
18.869999999969362, -0.9990882364585707 
18.87999999996934, -0.9988551559877219 
18.889999999969316, -0.9991369259162177 
18.899999999969292, -0.9996461470687992 
18.90999999996927, -1.0001631812887701 
18.919999999969246, -1.0005686517955523 
18.929999999969223, -1.00082034418237 
18.9399999999692, -1.0009169153734756 
18.949999999969176, -1.0008701712285788 
18.959999999969153, -1.0006890837848663 
18.96999999996913, -1.0003716077289015 
18.979999999969106, -0.9999001301852793 
18.989999999969083, -0.9992383621502002 
18.99999999996906, -0.9983299973788122 
19.009999999969036, -0.9971026185217282 
19.019999999969013, -0.9954840345390424 
19.02999999996899, -0.9934396678419114 
19.039999999968966, -0.9910308752314811 
19.049999999968943, -0.9884672498812466 
19.05999999996892, -0.986094973312898 
19.069999999968896, -0.9842796155682454 
19.079999999968873, -0.9832348094513362 
19.08999999996885, -0.9829279328894378 
19.099999999968826, -0.9831358244179873 
19.109999999968803, -0.983584703726638 
19.11999999996878, -0.9840604417703425 
19.129999999968756, -0.9844422055564376 
19.139999999968733, -0.9846833184613732 
19.14999999996871, -0.9847779714940644 
19.159999999968687, -0.9847347288594065 
19.169999999968663, -0.9845606563882272 
19.17999999996864, -0.9842528308122063 
19.189999999968617, -0.9837933810060531 
19.199999999968593, -0.9831458492710811 
19.20999999996857, -0.9822529109376539 
19.219999999968547, -0.9810383975886827 
19.229999999968523, -0.9794202084245633 
19.2399999999685, -0.9773429159556114 
19.249999999968477, -0.9748328689625987 
19.259999999968453, -0.9720560058008445 
19.26999999996843, -0.9693274141871371 
19.279999999968407, -0.9670242661361831 
19.289999999968384, -0.9654267963628931 
19.29999999996836, -0.9645973124898866 
19.309999999968337, -0.9643880356315119 
19.319999999968314, -0.9645524211908691 
19.32999999996829, -0.9648617516551514 
19.339999999968267, -0.9651623138347132 
19.349999999968244, -0.965375481967499 
19.35999999996822, -0.9654724762318161 
19.369999999968197, -0.9654482424836639 
19.379999999968174, -0.9653031945615235 
19.38999999996815, -0.9650322908739689 
19.399999999968127, -0.9646183587911021 
19.409999999968104, -0.9640272395196087 
19.41999999996808, -0.963204110731817 
19.429999999968057, -0.9620728623237051 
19.439999999968034, -0.9605437404424684 
19.44999999996801, -0.9585373245230204 
19.459999999967987, -0.9560303162398573 
19.469999999967964, -0.9531131893739708 
19.47999999996794, -0.9500233621558853 
19.489999999967917, -0.9471070783143647 
19.499999999967894, -0.9447027561341693 
19.50999999996787, -0.9430095278796763 
19.519999999967848, -0.9420287986831564 
19.529999999967824, -0.9416075084933111 
19.5399999999678, -0.9415343077813068 
19.549999999967778, -0.9416209675017807 
19.559999999967754, -0.9417378182941724 
19.56999999996773, -0.9418115422860808 
19.579999999967708, -0.9418068451747766 
19.589999999967684, -0.9417073367839723 
19.59999999996766, -0.9415012445786216 
19.609999999967638, -0.9411718793150659 
19.619999999967614, -0.9406911549147627 
19.62999999996759, -0.9400151089625908 
19.639999999967568, -0.9390821405317273 
19.649999999967545, -0.937817087057572 
19.65999999996752, -0.9361462266816865 
19.669999999967498, -0.9340268692958951 
19.679999999967475, -0.9314866420282835 
19.68999999996745, -0.9286534892000263 
19.699999999967428, -0.9257505561013541 
19.709999999967405, -0.9230448180412228 
19.71999999996738, -0.9207686694542143 
19.729999999967358, -0.9190536420127605 
19.739999999967335, -0.917907585336569 
19.74999999996731, -0.9172392779325653 
19.759999999967288, -0.9169091967599758 
19.769999999967265, -0.9167779414437522 
19.77999999996724, -0.9167346054505392 
19.78999999996722, -0.916703593659485 
19.799999999967195, -0.9166380114969648 
19.80999999996717, -0.9165084898365962 
19.81999999996715, -0.9162927087363644 
19.829999999967125, -0.9159674550923718 
19.8399999999671, -0.9155034776923898 
19.84999999996708, -0.9148634583284642 
19.859999999967055, -0.9140042455833631 
19.869999999967032, -0.912884937930313 
19.87999999996701, -0.9114810188975824 
19.889999999966985, -0.909800920359738 
19.899999999966962, -0.9078973492424527 
19.90999999996694, -0.9058660019699316 
19.919999999966915, -0.9038304076091542 
19.929999999966892, -0.9019186481176146 
19.93999999996687, -0.900239924400033 
19.949999999966845, -0.8988667314652931 
19.959999999966822, -0.8978257494566488 
19.9699999999668, -0.8970989249352768 
19.979999999966775, -0.8966341138999312 
19.989999999966752, -0.8963614970182794 
19.99999999996673, -0.8962097991723793 
20.009999999966706, -0.8961172650794517 
20.019999999966682, -0.8960357044720949 
20.02999999996666, -0.8959291106207525 
20.039999999966636, -0.8957696627635432 
20.049999999966612, -0.8955336082808538 
20.05999999996659, -0.8951986807680768 
20.069999999966566, -0.8947439913114176 
20.079999999966542, -0.8941526294388602 
20.08999999996652, -0.8934161683057112 
20.099999999966496, -0.8925390564259377 
20.109999999966472, -0.8915405000487194 
20.11999999996645, -0.8904527238945509 
20.129999999966426, -0.8893166459108756 
20.139999999966403, -0.8881771012528092 
20.14999999996638, -0.887079021696878 
20.159999999966356, -0.8860645065809916 
20.169999999966333, -0.8851699248873871 
20.17999999996631, -0.8844224982024199 
20.189999999966286, -0.8838367830692404 
20.199999999966263, -0.8834123349196552 
20.20999999996624, -0.8831339089727489 
20.219999999966216, -0.8829746191141595 
20.229999999966193, -0.8829010767726434 
20.23999999996617, -0.8828786650296117 
20.249999999966146, -0.8828753610030835 
20.259999999966123, -0.8828635792768725 
20.2699999999661, -0.8828205435285126 
20.279999999966076, -0.8827281189304582 
20.289999999966053, -0.8825728012996359 
20.29999999996603, -0.8823459721474858 
20.309999999966006, -0.8820440502290486 
20.319999999965983, -0.8816681728077669 
20.32999999996596, -0.8812234812459998 
20.339999999965936, -0.8807184640042773 
20.349999999965913, -0.8801647191565424 
20.35999999996589, -0.8795771135114752 
20.369999999965867, -0.8789740664359872 
20.379999999965843, -0.8783776623884544 
20.38999999996582, -0.8778132797176983 
20.399999999965797, -0.8773083424237376 
20.409999999965773, -0.8768898703511248 
20.41999999996575, -0.8765809369569647 
20.429999999965727, -0.8763968301928748 
20.439999999965703, -0.8763421870495274 
20.44999999996568, -0.8764101838405406 
20.459999999965657, -0.8765840232387807 
20.469999999965633, -0.8768399917511266 
20.47999999996561, -0.8771508683378964 
20.489999999965587, -0.8774886450300565 
20.499999999965564, -0.8778261195472072 
20.50999999996554, -0.8781375565498738 
20.519999999965517, -0.8783990553077523 
20.529999999965494, -0.8785893800069964 
20.53999999996547, -0.8786916520146196 
20.549999999965447, -0.8786954979307469 
20.559999999965424, -0.8785985519050525 
20.5699999999654, -0.8784063875058786 
20.579999999965377, -0.8781310029596028 
20.589999999965354, -0.8777889686311854 
20.59999999996533, -0.8774004659648853 
20.609999999965307, -0.8769897910351547 
20.619999999965284, -0.8765870041249831 
20.62999999996526, -0.8762296293280867 
20.639999999965237, -0.8759628080988031 
20.649999999965214, -0.8758363765823411 
20.65999999996519, -0.8758983205545761 
20.669999999965167, -0.8761858122811026 
20.679999999965144, -0.8767165308920285 
20.68999999996512, -0.8774830176586585 
20.699999999965097, -0.8784513544096996 
20.709999999965074, -0.8795637965852359 
20.71999999996505, -0.8807445099077545 
20.729999999965028, -0.8819082128549482 
20.739999999965004, -0.8829718126034732 
20.74999999996498, -0.8838675994068768 
20.759999999964958, -0.88455396022516 
20.769999999964934, -0.8850189576465857 
20.77999999996491, -0.8852753956430659 
20.789999999964888, -0.8853506706307173 
20.799999999964864, -0.8852766093039526 
20.80999999996484, -0.8850828307291199 
20.819999999964818, -0.8847944892454646 
20.829999999964794, -0.8844337531721708 
20.83999999996477, -0.8840242347064615 
20.849999999964748, -0.8835978876697366 
20.859999999964725, -0.8832036607100534 
20.8699999999647, -0.8829158043289826 
20.879999999964678, -0.8828372769863275 
20.889999999964655, -0.8830917018552846 
20.89999999996463, -0.8837987735102981 
20.909999999964608, -0.8850351559667601 
20.919999999964585, -0.8867937163427657 
20.92999999996456, -0.8889614798825998 
20.939999999964538, -0.8913336386397999 
20.949999999964515, -0.8936651243551708 
20.95999999996449, -0.8957392339696263 
20.969999999964468, -0.8974201438831662 
20.979999999964445, -0.8986664214454448 
20.98999999996442, -0.8995088779607741 
20.9999999999644, -0.9000144840930592 
21.009999999964375, -0.9002562053753772 
21.01999999996435, -0.9002961043204725 
21.02999999996433, -0.9001795312394874 
21.039999999964305, -0.8999355723235668 
21.04999999996428, -0.8995802422692691 
21.05999999996426, -0.8991210943444301 
21.069999999964235, -0.8985637171894758 
21.079999999964212, -0.8979217310378754 
21.08999999996419, -0.8972319148238291 
21.099999999964165, -0.8965736156829006 
21.109999999964142, -0.8960848708941749 
21.11999999996412, -0.8959578803982492 
21.129999999964095, -0.8963932025602551 
21.139999999964072, -0.8975118324223338 
21.14999999996405, -0.899268261734691 
21.159999999964025, -0.9014347976639152 
21.169999999964002, -0.9036862796881691 
21.17999999996398, -0.9057295908610425 
21.189999999963955, -0.9073900363724938 
21.199999999963932, -0.9086190981809317 
21.20999999996391, -0.9094521353417424 
21.219999999963886, -0.909959361503706 
21.229999999963862, -0.9102126571041032 
21.23999999996384, -0.9102699077959718 
21.249999999963816, -0.9101704181464342 
21.259999999963792, -0.9099351798818309 
21.26999999996377, -0.909568337770113 
21.279999999963746, -0.9090584396883669 
21.289999999963722, -0.9083796766566558 
21.2999999999637, -0.90749477263846 
21.309999999963676, -0.9063627868068597 
21.319999999963652, -0.9049562429181096 
21.32999999996363, -0.9032902371785753 
21.339999999963606, -0.9014573997796906 
21.349999999963583, -0.89964628424266 
21.35999999996356, -0.8981106341823116 
21.369999999963536, -0.8970793160174889 
21.379999999963513, -0.8966524086995415 
21.38999999996349, -0.8967600773894079 
21.399999999963466, -0.8972141403875572 
21.409999999963443, -0.8978041260272345 
21.41999999996342, -0.8983692789297869 
21.429999999963396, -0.8988198430177068 
21.439999999963373, -0.8991229892015747 
21.44999999996335, -0.8992783089379127 
21.459999999963326, -0.8992974259877515 
21.469999999963303, -0.8991911516507913 
21.47999999996328, -0.8989623308159619 
21.489999999963256, -0.8986015922051076 
21.499999999963233, -0.8980840351552105 
21.50999999996321, -0.8973662049660687 
21.519999999963186, -0.8963844309416101 
21.529999999963163, -0.8950580086944055 
21.53999999996314, -0.8933033599341174 
21.549999999963116, -0.8910653941520291 
21.559999999963093, -0.8883642539999043 
21.56999999996307, -0.8853371121071041 
21.579999999963047, -0.88223901931164 
21.589999999963023, -0.8793803652579093 
21.599999999963, -0.877024494989455 
21.609999999962977, -0.8753048040129506 
21.619999999962953, -0.874206073016507 
21.62999999996293, -0.8736067078218319 
21.639999999962907, -0.8733444782910142 
21.649999999962883, -0.8732694430265369 
21.65999999996286, -0.8732692771350337 
21.669999999962837, -0.873271390530482 
21.679999999962813, -0.8732331860313887 
21.68999999996279, -0.8731296506513118 
21.699999999962767, -0.8729427636229554 
21.709999999962744, -0.8726538106811759 
21.71999999996272, -0.8722383747214074 
21.729999999962697, -0.871663943249974 
21.739999999962674, -0.8708909631420179 
21.74999999996265, -0.8698789100380907 
21.759999999962627, -0.8685982772575972 
21.769999999962604, -0.8670462872123332 
21.77999999996258, -0.8652597508888829 
21.789999999962557, -0.8633171361146508 
21.799999999962534, -0.8613268193516991 
21.80999999996251, -0.8594063296006137 
21.819999999962487, -0.8576610782437897 
21.829999999962464, -0.8561686635715071 
21.83999999996244, -0.8549706398216375 
21.849999999962417, -0.8540714179465624 
21.859999999962394, -0.8534434594867575 
21.86999999996237, -0.8530372778813197 
21.879999999962347, -0.8527935231813066 
21.889999999962324, -0.8526537482610493 
21.8999999999623, -0.8525673045400334 
21.909999999962277, -0.8524937407050626 
21.919999999962254, -0.8524018027997211 
21.92999999996223, -0.8522668670073836 
21.939999999962208, -0.8520684944393245 
21.949999999962184, -0.8517892633205966 
21.95999999996216, -0.8514153686525072 
21.969999999962138, -0.8509386653984526 
21.979999999962114, -0.8503589743304607 
21.98999999996209, -0.849685114194075 
21.999999999962068, -0.8489338244564 
22.009999999962044, -0.8481271463220275 
22.01999999996202, -0.8472897163132069 
22.029999999961998, -0.8464470749909945 
22.039999999961974, -0.8456250576391626 
22.04999999996195, -0.8448495782380512 
22.059999999961928, -0.8441460002682328 
22.069999999961905, -0.8435376103706718 
22.07999999996188, -0.8430432243747253 
22.089999999961858, -0.8426744972722744 
22.099999999961835, -0.8424338699544635 
22.10999999996181, -0.8423140212384208 
22.119999999961788, -0.8422991465244566 
22.129999999961765, -0.8423676336531238 
22.13999999996174, -0.8424952054256295 
22.149999999961718, -0.8426576134840656 
22.159999999961695, -0.8428323820542054 
22.16999999996167, -0.8429995671803496 
22.179999999961648, -0.8431417720132657 
22.189999999961625, -0.8432437652091002 
22.1999999999616, -0.8432921404416449 
22.20999999996158, -0.8432755108211305 
22.219999999961555, -0.8431854990348373 
22.22999999996153, -0.843018187744797 
22.23999999996151, -0.8427752082176883 
22.249999999961485, -0.8424638518121611 
22.25999999996146, -0.8420963721177837 
22.26999999996144, -0.8416892564034095 
22.279999999961415, -0.8412631823464587 
22.289999999961392, -0.8408437906961291 
22.29999999996137, -0.8404627129231723 
22.309999999961345, -0.8401578022427199 
22.319999999961322, -0.8399714425427203 
22.3299999999613, -0.8399463321804113 
22.339999999961275, -0.8401191966502182 
22.349999999961252, -0.8405139488727886 
22.35999999996123, -0.8411361445180349 
22.369999999961205, -0.841969911598933 
22.379999999961182, -0.8429774801066685 
22.38999999996116, -0.8441009880100502 
22.399999999961135, -0.8452667937894998 
22.409999999961112, -0.8463933017712313 
22.41999999996109, -0.8474027209927748 
22.429999999961066, -0.8482344738470731 
22.439999999961042, -0.8488550765619053 
22.44999999996102, -0.84925980452108 
22.459999999960996, -0.8494659912410633 
22.469999999960972, -0.8495023685624548 
22.47999999996095, -0.8493996049088015 
22.489999999960926, -0.8491847830658201 
22.499999999960902, -0.84888000571719 
22.50999999996088, -0.848504283755525 
22.519999999960856, -0.8480780586099387 
22.529999999960832, -0.8476301811617887 
22.53999999996081, -0.8472070829374113 
22.549999999960786, -0.8468826026504412 
22.559999999960763, -0.8467642447226849 
22.56999999996074, -0.8469884915278365 
22.579999999960716, -0.8476971136476085 
22.589999999960693, -0.8489923482996005 
22.59999999996067, -0.8508827819171552 
22.609999999960646, -0.853247396621056 
22.619999999960623, -0.8558477747929443 
22.6299999999606, -0.8583954985103557 
22.639999999960576, -0.860643029820227 
22.649999999960553, -0.8624469795148316 
22.65999999996053, -0.8637757969597608 
22.669999999960506, -0.8646753310356287 
22.679999999960483, -0.8652245243868963 
22.68999999996046, -0.8655031823830319 
22.699999999960436, -0.8655761463577527 
22.709999999960413, -0.8654888549204797 
22.71999999996039, -0.8652682743225387 
22.729999999960366, -0.8649253981635805 
22.739999999960343, -0.8644577936723005 
22.74999999996032, -0.8638522745462497 
22.759999999960296, -0.8630889610066242 
22.769999999960273, -0.8621489545419971 
22.77999999996025, -0.8610281534554787 
22.789999999960227, -0.8597578167762666 
22.799999999960203, -0.8584262502131622 
22.80999999996018, -0.8571861579075459 
22.819999999960157, -0.8562277597923442 
22.829999999960133, -0.8557134390044722 
22.83999999996011, -0.8557045418031193 
22.849999999960087, -0.8561312263422927 
22.859999999960063, -0.8568289171646051 
22.86999999996004, -0.8576123304245394 
22.879999999960017, -0.8583366944177495 
22.889999999959993, -0.8589200805329307 
22.89999999995997, -0.8593340864277369 
22.909999999959947, -0.8595825647140838 
22.919999999959924, -0.8596823463757725 
22.9299999999599, -0.8596505167552697 
22.939999999959877, -0.8594973205535206 
22.949999999959854, -0.8592222624107327 
22.95999999995983, -0.858811376767816 
22.969999999959807, -0.8582346197307901 
22.979999999959784, -0.8574435638346737 
22.98999999995976, -0.8563712830374943 
22.999999999959737, -0.8549385999020279 
23.009999999959714, -0.8530725666614034 
23.01999999995969, -0.8507405364218169 
23.029999999959667, -0.8479921011630405 
23.039999999959644, -0.8449848183983482 
23.04999999995962, -0.8419657286220236 
23.059999999959597, -0.8392049338147549 
23.069999999959574, -0.8369138732180428 
23.07999999995955, -0.8351923135848833 
23.089999999959527, -0.8340246908948787 
23.099999999959504, -0.8333147705369586 
23.10999999995948, -0.8329327915542025 
23.119999999959457, -0.8327536488267254 
23.129999999959434, -0.8326773049350663 
23.13999999995941, -0.8326332902454334 
23.149999999959388, -0.8325757514676922 
23.159999999959364, -0.832475126941018 
23.16999999995934, -0.8323101342573642 
23.179999999959318, -0.8320616099157331 
23.189999999959294, -0.831708665482165 
23.19999999995927, -0.8312274784630134 
23.209999999959248, -0.8305932451917931 
23.219999999959224, -0.8297856076478437 
23.2299999999592, -0.8287965589603715 
23.239999999959178, -0.8276377384094552 
23.249999999959154, -0.8263430330510492 
23.25999999995913, -0.824964421644726 
23.269999999959108, -0.8235629985599597 
23.279999999959085, -0.8221994830699317 
23.28999999995906, -0.8209274044498465 
23.299999999959038, -0.8197894218346897 
23.309999999959015, -0.8188155555183794 
23.31999999995899, -0.8180221892338089 
23.329999999958968, -0.8174116465630259 
23.339999999958945, -0.8169728675458583 
23.34999999995892, -0.8166836923385311 
23.359999999958898, -0.8165146115260095 
23.369999999958875, -0.8164331083231968 
23.37999999995885, -0.8164074523027235 
23.389999999958828, -0.8164091661420182 
23.399999999958805, -0.8164140737430976 
23.40999999995878, -0.8164023978185838 
23.41999999995876, -0.816358536051306 
23.429999999958735, -0.8162709085534077 
23.43999999995871, -0.8161318502409269 
23.44999999995869, -0.8159372605876053 
23.459999999958665, -0.8156858816530246 
23.46999999995864, -0.815378518859941 
23.47999999995862, -0.8150177296548803 
23.489999999958595, -0.8146081750606584 
23.499999999958572, -0.8141573129236856 
23.50999999995855, -0.8136759805508019 
23.519999999958525, -0.8131787151887936 
23.529999999958502, -0.812683943378965 
23.53999999995848, -0.8122141075396284 
23.549999999958455, -0.8117954887387349 
23.559999999958432, -0.8114572459654985 
23.56999999995841, -0.811229275685011 
23.579999999958385, -0.8111389412554356 
23.589999999958362, -0.81120731167297 
23.59999999995834, -0.81144589364346 
23.609999999958315, -0.8118546517626459 
23.619999999958292, -0.8124214736894017 
23.62999999995827, -0.8131225926429819 
23.639999999958246, -0.8139233158761747 
23.649999999958222, -0.814778931091427 
23.6599999999582, -0.81563661938492 
23.669999999958176, -0.8164398154297794 
23.679999999958152, -0.8171356938634119 
23.68999999995813, -0.8176841109013553 
23.699999999958106, -0.8180641340379289 
23.709999999958082, -0.8182748292906638 
23.71999999995806, -0.8183303504943729 
23.729999999958036, -0.8182525176724982 
23.739999999958012, -0.8180644693537978 
23.74999999995799, -0.8177872882640166 
23.759999999957966, -0.8174398095116537 
23.769999999957943, -0.8170411542683803 
23.77999999995792, -0.816615608691051 
23.789999999957896, -0.8161995618822466 
23.799999999957873, -0.8158496907625409 
23.80999999995785, -0.8156500551304745 
23.819999999957826, -0.8157134322150881 
23.829999999957803, -0.8161703822584684 
23.83999999995778, -0.8171407888558446 
23.849999999957756, -0.8186896352705608 
23.859999999957733, -0.8207813603306654 
23.86999999995771, -0.8232587287823716 
23.879999999957686, -0.8258697663213338 
23.889999999957663, -0.8283408816158515 
23.89999999995764, -0.8304595897778724 
23.909999999957616, -0.8321208738962286 
23.919999999957593, -0.8333207790890681 
23.92999999995757, -0.8341177097685142 
23.939999999957546, -0.8345916713399293 
23.949999999957523, -0.8348177072307832 
23.9599999999575, -0.8348542402809912 
23.969999999957476, -0.834740617885573 
23.979999999957453, -0.834498486283119 
23.98999999995743, -0.8341338983384713 
23.999999999957407, -0.8336389878704672 
24.009999999957383, -0.8329933174110975 
24.01999999995736, -0.8321659885558595 
24.029999999957337, -0.8311205927244968 
24.039999999957313, -0.8298258895066759 
24.04999999995729, -0.8282746221332351 
24.059999999957267, -0.8265089869311242 
24.069999999957243, -0.8246425005014741 
24.07999999995722, -0.8228582872841825 
24.089999999957197, -0.8213661749521555 
24.099999999957173, -0.8203273188172743 
24.10999999995715, -0.8197900038489403 
24.119999999957127, -0.8196815017974556 
24.129999999957104, -0.8198567375063638 
24.13999999995708, -0.8201631421842913 
24.149999999957057, -0.8204833672584606 
24.159999999957034, -0.8207465397554234 
24.16999999995701, -0.820919442766774 
24.179999999956987, -0.8209916254352677 
24.189999999956964, -0.8209623671911593 
24.19999999995694, -0.8208316227161683 
24.209999999956917, -0.8205942339397536 
24.219999999956894, -0.8202360914557894 
24.22999999995687, -0.8197314245631186 
24.239999999956847, -0.819041424791806 
24.249999999956824, -0.8181157782596185 
24.2599999999568, -0.8168999648260385 
24.269999999956777, -0.8153509581015795 
24.279999999956754, -0.8134600651651753 
24.28999999995673, -0.8112741207881464 
24.299999999956707, -0.8089011750665078 
24.309999999956684, -0.8064925529333428 
24.31999999995666, -0.8042079344598614 
24.329999999956637, -0.8021801632322827 
24.339999999956614, -0.8004932853988072 
24.34999999995659, -0.79917717609218 
24.359999999956568, -0.7982148512575497 
24.369999999956544, -0.7975566457396763 
24.37999999995652, -0.7971361847480284 
24.389999999956498, -0.7968843444172137 
24.399999999956474, -0.7967388561367013 
24.40999999995645, -0.7966488962629474 
24.419999999956428, -0.7965754976004792 
24.429999999956404, -0.7964894230696482 
24.43999999995638, -0.7963681914315288 
24.449999999956358, -0.7961935641415095 
24.459999999956334, -0.7959503193466125 
24.46999999995631, -0.7956266281168942 
24.479999999956288, -0.7952157020120056 
24.489999999956265, -0.794717652147352 
24.49999999995624, -0.7941401675432486 
24.509999999956218, -0.793497239650891 
24.519999999956195, -0.7928064916221671 
24.52999999995617, -0.7920865769772865 
24.539999999956148, -0.7913558025645466 
24.549999999956125, -0.7906320870448079 
24.5599999999561, -0.7899335993529122 
24.569999999956078, -0.7892793176380328 
24.579999999956055, -0.7886890102784553 
24.58999999995603, -0.7881824251631523 
24.599999999956008, -0.787777718306186 
24.609999999955985, -0.7874894169017099 
24.61999999995596, -0.7873264561992326 
24.62999999995594, -0.7872909026011186 
24.639999999955915, -0.7873777659943431 
24.64999999995589, -0.7875758789177242 
24.65999999995587, -0.7878693993266678 
24.669999999955845, -0.7882392913754204 
24.67999999995582, -0.7886642288382091 
24.6899999999558, -0.7891206995770381 
24.699999999955775, -0.789582592838992 
24.709999999955752, -0.7900211097084806 
24.71999999995573, -0.7904061221201847 
24.729999999955705, -0.7907095884814093 
24.739999999955682, -0.7909101999035266 
24.74999999995566, -0.790997078914624 
24.759999999955635, -0.7909705484475211 
24.769999999955612, -0.7908398251139631 
24.77999999995559, -0.7906193122621914 
24.789999999955565, -0.7903255567363338 
24.799999999955542, -0.7899761276870304 
24.80999999995552, -0.7895907275581556 
24.819999999955495, -0.7891943090773912 
24.829999999955472, -0.788821690359925 
24.83999999995545, -0.7885227291872745 
24.849999999955426, -0.788366301517973 
24.859999999955402, -0.7884402927990541 
24.86999999995538, -0.7888442064777232 
24.879999999955356, -0.7896717882580719 
24.889999999955332, -0.7909840527507169 
24.89999999995531, -0.7927783675320714 
24.909999999955286, -0.7949655944298899 
24.919999999955262, -0.797371013810324 
24.92999999995524, -0.7997692078965127 
24.939999999955216, -0.8019445382477283 
24.949999999955192, -0.8037482345299708 
24.95999999995517, -0.8051225171093709 
24.969999999955146, -0.8060862312880273 
24.979999999955123, -0.8067007688778987 
24.9899999999551, -0.807038342295997 
24.999999999955076, -0.8071627501390124 
