 &SOLVER
 TOLF =   1.000000000000000E-005,
 FACTOR =   100.000000000000,
 EPSFCN =   1.000000000000000E-010,
 TMIN =   10.0000000000000,
 MODE =   1,
 NPRINT =  -1,
 NOISY =   0,
 NINTF =   20,
 FSFIX =  T,
 DISPEX =   0,
 TZERO =   300.000000000000,
 ANSION =  F,
 CONFIG =                                          ,
 /
